t(s)	a(g)
0	0.00029
0.005	0.00029
0.01	0.00082
0.015	0.00082
0.02	0.00081
0.025	0.00080
0.03	0.00079
0.035	0.00078
0.04	0.00078
0.045	0.00077
0.05	0.00076
0.055	0.00075
0.06	0.00075
0.065	0.00074
0.07	0.00074
0.075	0.00073
0.08	0.00073
0.085	0.00074
0.09	0.00075
0.095	0.00075
0.1	0.00076
0.105	0.00077
0.11	0.00078
0.115	0.00078
0.12	0.00078
0.125	0.00078
0.13	0.00078
0.135	0.00077
0.14	0.00075
0.145	0.00074
0.15	0.00072
0.155	0.00070
0.16	0.00067
0.165	0.00065
0.17	0.00061
0.175	0.00058
0.18	0.00054
0.185	0.00050
0.19	0.00045
0.195	0.00042
0.2	0.00038
0.205	0.00034
0.21	0.00029
0.215	0.00025
0.22	0.00022
0.225	0.00018
0.23	0.00015
0.235	0.00012
0.24	0.00009
0.245	0.00007
0.25	0.00005
0.255	0.00003
0.26	0.00002
0.265	0.00000
0.27	-0.00001
0.275	-0.00001
0.28	0.00000
0.285	0.00002
0.29	0.00004
0.295	0.00006
0.3	0.00008
0.305	0.00010
0.31	0.00011
0.315	0.00011
0.32	0.00011
0.325	0.00011
0.33	0.00012
0.335	0.00015
0.34	0.00018
0.345	0.00025
0.35	0.00035
0.355	0.00045
0.36	0.00059
0.365	0.00073
0.37	0.00087
0.375	0.00102
0.38	0.00115
0.385	0.00127
0.39	0.00138
0.395	0.00148
0.4	0.00157
0.405	0.00166
0.41	0.00176
0.415	0.00185
0.42	0.00195
0.425	0.00206
0.43	0.00216
0.435	0.00225
0.44	0.00231
0.445	0.00233
0.45	0.00231
0.455	0.00223
0.46	0.00209
0.465	0.00191
0.47	0.00171
0.475	0.00152
0.48	0.00135
0.485	0.00120
0.49	0.00108
0.495	0.00098
0.5	0.00090
0.505	0.00081
0.51	0.00070
0.515	0.00057
0.52	0.00039
0.525	0.00018
0.53	-0.00008
0.535	-0.00038
0.54	-0.00072
0.545	-0.00105
0.55	-0.00138
0.555	-0.00170
0.56	-0.00195
0.565	-0.00211
0.57	-0.00211
0.575	-0.00196
0.58	-0.00162
0.585	-0.00112
0.59	-0.00052
0.595	0.00012
0.6	0.00078
0.605	0.00141
0.61	0.00201
0.615	0.00256
0.62	0.00305
0.625	0.00347
0.63	0.00380
0.635	0.00405
0.64	0.00421
0.645	0.00427
0.65	0.00423
0.655	0.00409
0.66	0.00385
0.665	0.00355
0.67	0.00321
0.675	0.00283
0.68	0.00246
0.685	0.00211
0.69	0.00177
0.695	0.00148
0.7	0.00120
0.705	0.00096
0.71	0.00076
0.715	0.00061
0.72	0.00052
0.725	0.00049
0.73	0.00052
0.735	0.00059
0.74	0.00070
0.745	0.00082
0.75	0.00093
0.755	0.00101
0.76	0.00105
0.765	0.00105
0.77	0.00099
0.775	0.00088
0.78	0.00074
0.785	0.00056
0.79	0.00035
0.795	0.00010
0.8	-0.00017
0.805	-0.00045
0.81	-0.00072
0.815	-0.00096
0.82	-0.00114
0.825	-0.00123
0.83	-0.00123
0.835	-0.00115
0.84	-0.00100
0.845	-0.00078
0.85	-0.00051
0.855	-0.00022
0.86	0.00008
0.865	0.00032
0.87	0.00051
0.875	0.00062
0.88	0.00067
0.885	0.00069
0.89	0.00068
0.895	0.00065
0.9	0.00066
0.905	0.00074
0.91	0.00093
0.915	0.00127
0.92	0.00177
0.925	0.00244
0.93	0.00324
0.935	0.00413
0.94	0.00508
0.945	0.00601
0.95	0.00687
0.955	0.00755
0.96	0.00797
0.965	0.00814
0.97	0.00806
0.975	0.00780
0.98	0.00742
0.985	0.00692
0.99	0.00633
0.995	0.00564
1	0.00489
1.005	0.00412
1.01	0.00335
1.015	0.00256
1.02	0.00178
1.025	0.00104
1.03	0.00032
1.035	-0.00036
1.04	-0.00101
1.045	-0.00164
1.05	-0.00226
1.055	-0.00288
1.06	-0.00349
1.065	-0.00407
1.07	-0.00460
1.075	-0.00498
1.08	-0.00513
1.085	-0.00504
1.09	-0.00478
1.095	-0.00447
1.1	-0.00414
1.105	-0.00383
1.11	-0.00351
1.115	-0.00319
1.12	-0.00283
1.125	-0.00241
1.13	-0.00195
1.135	-0.00144
1.14	-0.00091
1.145	-0.00036
1.15	0.00018
1.155	0.00074
1.16	0.00131
1.165	0.00186
1.17	0.00239
1.175	0.00288
1.18	0.00337
1.185	0.00384
1.19	0.00427
1.195	0.00466
1.2	0.00498
1.205	0.00523
1.21	0.00537
1.215	0.00539
1.22	0.00530
1.225	0.00510
1.23	0.00478
1.235	0.00433
1.24	0.00378
1.245	0.00315
1.25	0.00250
1.255	0.00184
1.26	0.00119
1.265	0.00059
1.27	0.00009
1.275	-0.00026
1.28	-0.00045
1.285	-0.00045
1.29	-0.00023
1.295	0.00017
1.3	0.00070
1.305	0.00129
1.31	0.00189
1.315	0.00246
1.32	0.00295
1.325	0.00334
1.33	0.00355
1.335	0.00358
1.34	0.00343
1.345	0.00315
1.35	0.00281
1.355	0.00246
1.36	0.00217
1.365	0.00197
1.37	0.00187
1.375	0.00188
1.38	0.00199
1.385	0.00218
1.39	0.00244
1.395	0.00274
1.4	0.00310
1.405	0.00348
1.41	0.00388
1.415	0.00428
1.42	0.00468
1.425	0.00505
1.43	0.00544
1.435	0.00582
1.44	0.00623
1.445	0.00664
1.45	0.00705
1.455	0.00737
1.46	0.00755
1.465	0.00754
1.47	0.00738
1.475	0.00716
1.48	0.00692
1.485	0.00671
1.49	0.00655
1.495	0.00644
1.5	0.00637
1.505	0.00631
1.51	0.00620
1.515	0.00601
1.52	0.00570
1.525	0.00528
1.53	0.00478
1.535	0.00425
1.54	0.00371
1.545	0.00319
1.55	0.00275
1.555	0.00239
1.56	0.00214
1.565	0.00200
1.57	0.00200
1.575	0.00221
1.58	0.00268
1.585	0.00341
1.59	0.00424
1.595	0.00502
1.6	0.00565
1.605	0.00608
1.61	0.00626
1.615	0.00619
1.62	0.00588
1.625	0.00535
1.63	0.00467
1.635	0.00387
1.64	0.00297
1.645	0.00198
1.65	0.00092
1.655	-0.00020
1.66	-0.00135
1.665	-0.00254
1.67	-0.00375
1.675	-0.00494
1.68	-0.00603
1.685	-0.00698
1.69	-0.00776
1.695	-0.00834
1.7	-0.00871
1.705	-0.00884
1.71	-0.00873
1.715	-0.00839
1.72	-0.00788
1.725	-0.00724
1.73	-0.00653
1.735	-0.00578
1.74	-0.00502
1.745	-0.00433
1.75	-0.00378
1.755	-0.00346
1.76	-0.00345
1.765	-0.00380
1.77	-0.00453
1.775	-0.00564
1.78	-0.00714
1.785	-0.00895
1.79	-0.01098
1.795	-0.01317
1.8	-0.01543
1.805	-0.01767
1.81	-0.01978
1.815	-0.02166
1.82	-0.02321
1.825	-0.02437
1.83	-0.02512
1.835	-0.02541
1.84	-0.02525
1.845	-0.02464
1.85	-0.02356
1.855	-0.02205
1.86	-0.02017
1.865	-0.01796
1.87	-0.01555
1.875	-0.01301
1.88	-0.01047
1.885	-0.00803
1.89	-0.00582
1.895	-0.00389
1.9	-0.00227
1.905	-0.00098
1.91	0.00004
1.915	0.00082
1.92	0.00146
1.925	0.00200
1.93	0.00248
1.935	0.00299
1.94	0.00358
1.945	0.00429
1.95	0.00511
1.955	0.00598
1.96	0.00680
1.965	0.00744
1.97	0.00784
1.975	0.00793
1.98	0.00777
1.985	0.00744
1.99	0.00703
1.995	0.00658
2	0.00616
2.005	0.00578
2.01	0.00549
2.015	0.00531
2.02	0.00528
2.025	0.00541
2.03	0.00573
2.035	0.00621
2.04	0.00682
2.045	0.00751
2.05	0.00817
2.055	0.00877
2.06	0.00925
2.065	0.00956
2.07	0.00964
2.075	0.00946
2.08	0.00905
2.085	0.00845
2.09	0.00774
2.095	0.00700
2.1	0.00632
2.105	0.00574
2.11	0.00525
2.115	0.00481
2.12	0.00433
2.125	0.00375
2.13	0.00300
2.135	0.00205
2.14	0.00089
2.145	-0.00045
2.15	-0.00186
2.155	-0.00328
2.16	-0.00461
2.165	-0.00577
2.17	-0.00670
2.175	-0.00737
2.18	-0.00777
2.185	-0.00790
2.19	-0.00778
2.195	-0.00744
2.2	-0.00686
2.205	-0.00610
2.21	-0.00518
2.215	-0.00418
2.22	-0.00315
2.225	-0.00216
2.23	-0.00125
2.235	-0.00042
2.24	0.00033
2.245	0.00101
2.25	0.00160
2.255	0.00209
2.26	0.00249
2.265	0.00281
2.27	0.00308
2.275	0.00331
2.28	0.00350
2.285	0.00360
2.29	0.00360
2.295	0.00350
2.3	0.00325
2.305	0.00284
2.31	0.00225
2.315	0.00149
2.32	0.00055
2.325	-0.00051
2.33	-0.00163
2.335	-0.00275
2.34	-0.00382
2.345	-0.00478
2.35	-0.00557
2.355	-0.00612
2.36	-0.00641
2.365	-0.00643
2.37	-0.00621
2.375	-0.00578
2.38	-0.00515
2.385	-0.00436
2.39	-0.00342
2.395	-0.00235
2.4	-0.00117
2.405	0.00013
2.41	0.00158
2.415	0.00318
2.42	0.00486
2.425	0.00654
2.43	0.00817
2.435	0.00965
2.44	0.01086
2.445	0.01174
2.45	0.01231
2.455	0.01263
2.46	0.01273
2.465	0.01263
2.47	0.01230
2.475	0.01173
2.48	0.01090
2.485	0.00982
2.49	0.00849
2.495	0.00693
2.5	0.00518
2.505	0.00335
2.51	0.00152
2.515	-0.00025
2.52	-0.00186
2.525	-0.00328
2.53	-0.00445
2.535	-0.00540
2.54	-0.00610
2.545	-0.00651
2.55	-0.00661
2.555	-0.00634
2.56	-0.00569
2.565	-0.00461
2.57	-0.00311
2.575	-0.00138
2.58	0.00042
2.585	0.00215
2.59	0.00371
2.595	0.00509
2.6	0.00621
2.605	0.00711
2.61	0.00781
2.615	0.00830
2.62	0.00861
2.625	0.00877
2.63	0.00880
2.635	0.00868
2.64	0.00844
2.645	0.00814
2.65	0.00776
2.655	0.00734
2.66	0.00687
2.665	0.00634
2.67	0.00574
2.675	0.00508
2.68	0.00433
2.685	0.00351
2.69	0.00263
2.695	0.00172
2.7	0.00082
2.705	-0.00005
2.71	-0.00086
2.715	-0.00158
2.72	-0.00221
2.725	-0.00278
2.73	-0.00335
2.735	-0.00398
2.74	-0.00472
2.745	-0.00564
2.75	-0.00674
2.755	-0.00807
2.76	-0.00961
2.765	-0.01137
2.77	-0.01330
2.775	-0.01536
2.78	-0.01751
2.785	-0.01967
2.79	-0.02176
2.795	-0.02369
2.8	-0.02538
2.805	-0.02677
2.81	-0.02782
2.815	-0.02853
2.82	-0.02885
2.825	-0.02878
2.83	-0.02834
2.835	-0.02755
2.84	-0.02648
2.845	-0.02517
2.85	-0.02370
2.855	-0.02209
2.86	-0.02039
2.865	-0.01869
2.87	-0.01702
2.875	-0.01543
2.88	-0.01399
2.885	-0.01270
2.89	-0.01159
2.895	-0.01067
2.9	-0.00994
2.905	-0.00933
2.91	-0.00882
2.915	-0.00833
2.92	-0.00781
2.925	-0.00723
2.93	-0.00651
2.935	-0.00562
2.94	-0.00456
2.945	-0.00339
2.95	-0.00220
2.955	-0.00112
2.96	-0.00018
2.965	0.00059
2.97	0.00122
2.975	0.00174
2.98	0.00220
2.985	0.00259
2.99	0.00291
2.995	0.00316
3	0.00335
3.005	0.00342
3.01	0.00335
3.015	0.00309
3.02	0.00263
3.025	0.00191
3.03	0.00094
3.035	-0.00032
3.04	-0.00182
3.045	-0.00351
3.05	-0.00536
3.055	-0.00729
3.06	-0.00923
3.065	-0.01110
3.07	-0.01280
3.075	-0.01423
3.08	-0.01530
3.085	-0.01600
3.09	-0.01642
3.095	-0.01666
3.1	-0.01683
3.105	-0.01696
3.11	-0.01713
3.115	-0.01734
3.12	-0.01764
3.125	-0.01805
3.13	-0.01858
3.135	-0.01922
3.14	-0.01998
3.145	-0.02085
3.15	-0.02177
3.155	-0.02267
3.16	-0.02349
3.165	-0.02407
3.17	-0.02434
3.175	-0.02423
3.18	-0.02373
3.185	-0.02284
3.19	-0.02157
3.195	-0.01998
3.2	-0.01813
3.205	-0.01608
3.21	-0.01389
3.215	-0.01164
3.22	-0.00938
3.225	-0.00714
3.23	-0.00496
3.235	-0.00289
3.24	-0.00098
3.245	0.00074
3.25	0.00225
3.255	0.00350
3.26	0.00446
3.265	0.00503
3.27	0.00518
3.275	0.00490
3.28	0.00418
3.285	0.00305
3.29	0.00157
3.295	-0.00016
3.3	-0.00202
3.305	-0.00391
3.31	-0.00576
3.315	-0.00746
3.32	-0.00897
3.325	-0.01027
3.33	-0.01134
3.335	-0.01219
3.34	-0.01279
3.345	-0.01311
3.35	-0.01316
3.355	-0.01295
3.36	-0.01252
3.365	-0.01195
3.37	-0.01128
3.375	-0.01053
3.38	-0.00970
3.385	-0.00884
3.39	-0.00797
3.395	-0.00710
3.4	-0.00624
3.405	-0.00537
3.41	-0.00448
3.415	-0.00356
3.42	-0.00261
3.425	-0.00161
3.43	-0.00054
3.435	0.00059
3.44	0.00176
3.445	0.00288
3.45	0.00388
3.455	0.00473
3.46	0.00535
3.465	0.00574
3.47	0.00599
3.475	0.00618
3.48	0.00638
3.485	0.00664
3.49	0.00696
3.495	0.00735
3.5	0.00779
3.505	0.00829
3.51	0.00883
3.515	0.00940
3.52	0.01001
3.525	0.01068
3.53	0.01140
3.535	0.01217
3.54	0.01298
3.545	0.01380
3.55	0.01460
3.555	0.01539
3.56	0.01611
3.565	0.01679
3.57	0.01741
3.575	0.01804
3.58	0.01872
3.585	0.01942
3.59	0.02004
3.595	0.02046
3.6	0.02059
3.605	0.02045
3.61	0.02003
3.615	0.01939
3.62	0.01855
3.625	0.01755
3.63	0.01646
3.635	0.01532
3.64	0.01416
3.645	0.01304
3.65	0.01199
3.655	0.01104
3.66	0.01024
3.665	0.00964
3.67	0.00922
3.675	0.00897
3.68	0.00888
3.685	0.00888
3.69	0.00895
3.695	0.00906
3.7	0.00921
3.705	0.00940
3.71	0.00959
3.715	0.00979
3.72	0.00995
3.725	0.01009
3.73	0.01021
3.735	0.01030
3.74	0.01034
3.745	0.01029
3.75	0.01016
3.755	0.00994
3.76	0.00964
3.765	0.00923
3.77	0.00871
3.775	0.00812
3.78	0.00746
3.785	0.00677
3.79	0.00608
3.795	0.00544
3.8	0.00487
3.805	0.00440
3.81	0.00409
3.815	0.00398
3.82	0.00410
3.825	0.00444
3.83	0.00500
3.835	0.00571
3.84	0.00654
3.845	0.00744
3.85	0.00837
3.855	0.00937
3.86	0.01039
3.865	0.01137
3.87	0.01224
3.875	0.01294
3.88	0.01338
3.885	0.01347
3.89	0.01313
3.895	0.01228
3.9	0.01087
3.905	0.00894
3.91	0.00652
3.915	0.00368
3.92	0.00051
3.925	-0.00288
3.93	-0.00634
3.935	-0.00974
3.94	-0.01296
3.945	-0.01589
3.95	-0.01845
3.955	-0.02062
3.96	-0.02235
3.965	-0.02359
3.97	-0.02425
3.975	-0.02427
3.98	-0.02368
3.985	-0.02255
3.99	-0.02101
3.995	-0.01919
4	-0.01720
4.005	-0.01515
4.01	-0.01310
4.015	-0.01114
4.02	-0.00935
4.025	-0.00783
4.03	-0.00657
4.035	-0.00560
4.04	-0.00491
4.045	-0.00453
4.05	-0.00444
4.055	-0.00464
4.06	-0.00509
4.065	-0.00571
4.07	-0.00638
4.075	-0.00696
4.08	-0.00734
4.085	-0.00747
4.09	-0.00747
4.095	-0.00744
4.1	-0.00744
4.105	-0.00744
4.11	-0.00746
4.115	-0.00751
4.12	-0.00758
4.125	-0.00771
4.13	-0.00783
4.135	-0.00791
4.14	-0.00787
4.145	-0.00767
4.15	-0.00726
4.155	-0.00662
4.16	-0.00573
4.165	-0.00455
4.17	-0.00305
4.175	-0.00122
4.18	0.00093
4.185	0.00328
4.19	0.00575
4.195	0.00822
4.2	0.01055
4.205	0.01260
4.21	0.01430
4.215	0.01555
4.22	0.01633
4.225	0.01659
4.23	0.01633
4.235	0.01555
4.24	0.01430
4.245	0.01263
4.25	0.01070
4.255	0.00867
4.26	0.00664
4.265	0.00473
4.27	0.00302
4.275	0.00158
4.28	0.00044
4.285	-0.00039
4.29	-0.00089
4.295	-0.00108
4.3	-0.00094
4.305	-0.00052
4.31	0.00021
4.315	0.00117
4.32	0.00235
4.325	0.00366
4.33	0.00506
4.335	0.00644
4.34	0.00774
4.345	0.00889
4.35	0.00981
4.355	0.01049
4.36	0.01090
4.365	0.01103
4.37	0.01089
4.375	0.01050
4.38	0.00988
4.385	0.00906
4.39	0.00807
4.395	0.00697
4.4	0.00578
4.405	0.00451
4.41	0.00322
4.415	0.00193
4.42	0.00067
4.425	-0.00052
4.43	-0.00160
4.435	-0.00255
4.44	-0.00336
4.445	-0.00403
4.45	-0.00461
4.455	-0.00516
4.46	-0.00578
4.465	-0.00647
4.47	-0.00713
4.475	-0.00766
4.48	-0.00800
4.485	-0.00811
4.49	-0.00800
4.495	-0.00765
4.5	-0.00707
4.505	-0.00628
4.51	-0.00538
4.515	-0.00437
4.52	-0.00328
4.525	-0.00215
4.53	-0.00098
4.535	0.00020
4.54	0.00135
4.545	0.00243
4.55	0.00345
4.555	0.00437
4.56	0.00515
4.565	0.00580
4.57	0.00636
4.575	0.00693
4.58	0.00757
4.585	0.00830
4.59	0.00899
4.595	0.00954
4.6	0.00987
4.605	0.00992
4.61	0.00967
4.615	0.00914
4.62	0.00839
4.625	0.00744
4.63	0.00637
4.635	0.00527
4.64	0.00423
4.645	0.00330
4.65	0.00255
4.655	0.00200
4.66	0.00170
4.665	0.00161
4.67	0.00167
4.675	0.00181
4.68	0.00198
4.685	0.00211
4.69	0.00218
4.695	0.00218
4.7	0.00213
4.705	0.00204
4.71	0.00191
4.715	0.00175
4.72	0.00158
4.725	0.00142
4.73	0.00129
4.735	0.00120
4.74	0.00112
4.745	0.00104
4.75	0.00094
4.755	0.00080
4.76	0.00059
4.765	0.00032
4.77	0.00002
4.775	-0.00028
4.78	-0.00056
4.785	-0.00078
4.79	-0.00091
4.795	-0.00097
4.8	-0.00094
4.805	-0.00082
4.81	-0.00063
4.815	-0.00038
4.82	-0.00009
4.825	0.00018
4.83	0.00032
4.835	0.00030
4.84	0.00012
4.845	-0.00018
4.85	-0.00060
4.855	-0.00115
4.86	-0.00183
4.865	-0.00261
4.87	-0.00350
4.875	-0.00449
4.88	-0.00555
4.885	-0.00666
4.89	-0.00779
4.895	-0.00892
4.9	-0.01000
4.905	-0.01100
4.91	-0.01180
4.915	-0.01239
4.92	-0.01270
4.925	-0.01271
4.93	-0.01245
4.935	-0.01195
4.94	-0.01130
4.945	-0.01058
4.95	-0.00993
4.955	-0.00945
4.96	-0.00929
4.965	-0.00943
4.97	-0.00977
4.975	-0.01025
4.98	-0.01078
4.985	-0.01134
4.99	-0.01187
4.995	-0.01242
5	-0.01296
5.005	-0.01351
5.01	-0.01407
5.015	-0.01463
5.02	-0.01513
5.025	-0.01553
5.03	-0.01582
5.035	-0.01599
5.04	-0.01602
5.045	-0.01596
5.05	-0.01582
5.055	-0.01565
5.06	-0.01546
5.065	-0.01526
5.07	-0.01503
5.075	-0.01470
5.08	-0.01412
5.085	-0.01329
5.09	-0.01227
5.095	-0.01117
5.1	-0.01007
5.105	-0.00903
5.11	-0.00809
5.115	-0.00725
5.12	-0.00649
5.125	-0.00578
5.13	-0.00512
5.135	-0.00448
5.14	-0.00382
5.145	-0.00311
5.15	-0.00239
5.155	-0.00166
5.16	-0.00094
5.165	-0.00022
5.17	0.00048
5.175	0.00115
5.18	0.00173
5.185	0.00219
5.19	0.00253
5.195	0.00271
5.2	0.00274
5.205	0.00261
5.21	0.00238
5.215	0.00201
5.22	0.00151
5.225	0.00092
5.23	0.00024
5.235	-0.00047
5.24	-0.00115
5.245	-0.00184
5.25	-0.00250
5.255	-0.00315
5.26	-0.00375
5.265	-0.00433
5.27	-0.00485
5.275	-0.00531
5.28	-0.00571
5.285	-0.00606
5.29	-0.00636
5.295	-0.00658
5.3	-0.00667
5.305	-0.00660
5.31	-0.00634
5.315	-0.00589
5.32	-0.00527
5.325	-0.00448
5.33	-0.00355
5.335	-0.00252
5.34	-0.00141
5.345	-0.00023
5.35	0.00098
5.355	0.00221
5.36	0.00345
5.365	0.00469
5.37	0.00594
5.375	0.00721
5.38	0.00851
5.385	0.00987
5.39	0.01132
5.395	0.01289
5.4	0.01458
5.405	0.01641
5.41	0.01837
5.415	0.02042
5.42	0.02254
5.425	0.02472
5.43	0.02689
5.435	0.02903
5.44	0.03104
5.445	0.03284
5.45	0.03433
5.455	0.03539
5.46	0.03595
5.465	0.03604
5.47	0.03578
5.475	0.03529
5.48	0.03463
5.485	0.03385
5.49	0.03301
5.495	0.03214
5.5	0.03126
5.505	0.03041
5.51	0.02958
5.515	0.02876
5.52	0.02795
5.525	0.02709
5.53	0.02615
5.535	0.02506
5.54	0.02376
5.545	0.02219
5.55	0.02033
5.555	0.01816
5.56	0.01569
5.565	0.01303
5.57	0.01036
5.575	0.00787
5.58	0.00572
5.585	0.00388
5.59	0.00224
5.595	0.00069
5.6	-0.00086
5.605	-0.00248
5.61	-0.00418
5.615	-0.00594
5.62	-0.00776
5.625	-0.00960
5.63	-0.01146
5.635	-0.01329
5.64	-0.01506
5.645	-0.01672
5.65	-0.01821
5.655	-0.01947
5.66	-0.02044
5.665	-0.02106
5.67	-0.02129
5.675	-0.02113
5.68	-0.02057
5.685	-0.01962
5.69	-0.01831
5.695	-0.01666
5.7	-0.01474
5.705	-0.01257
5.71	-0.01014
5.715	-0.00749
5.72	-0.00461
5.725	-0.00156
5.73	0.00166
5.735	0.00500
5.74	0.00844
5.745	0.01192
5.75	0.01544
5.755	0.01899
5.76	0.02253
5.765	0.02604
5.77	0.02949
5.775	0.03284
5.78	0.03605
5.785	0.03903
5.79	0.04175
5.795	0.04422
5.8	0.04642
5.805	0.04835
5.81	0.04994
5.815	0.05118
5.82	0.05204
5.825	0.05250
5.83	0.05252
5.835	0.05208
5.84	0.05115
5.845	0.04972
5.85	0.04778
5.855	0.04532
5.86	0.04236
5.865	0.03890
5.87	0.03494
5.875	0.03053
5.88	0.02574
5.885	0.02062
5.89	0.01526
5.895	0.00974
5.9	0.00419
5.905	-0.00125
5.91	-0.00647
5.915	-0.01135
5.92	-0.01583
5.925	-0.01985
5.93	-0.02336
5.935	-0.02634
5.94	-0.02881
5.945	-0.03074
5.95	-0.03214
5.955	-0.03307
5.96	-0.03358
5.965	-0.03372
5.97	-0.03345
5.975	-0.03271
5.98	-0.03146
5.985	-0.02975
5.99	-0.02764
5.995	-0.02517
6	-0.02244
6.005	-0.01954
6.01	-0.01660
6.015	-0.01370
6.02	-0.01094
6.025	-0.00835
6.03	-0.00598
6.035	-0.00385
6.04	-0.00204
6.045	-0.00053
6.05	0.00067
6.055	0.00159
6.06	0.00225
6.065	0.00272
6.07	0.00305
6.075	0.00334
6.08	0.00372
6.085	0.00429
6.09	0.00502
6.095	0.00583
6.1	0.00664
6.105	0.00744
6.11	0.00818
6.115	0.00889
6.12	0.00952
6.125	0.01003
6.13	0.01037
6.135	0.01054
6.14	0.01050
6.145	0.01023
6.15	0.00974
6.155	0.00908
6.16	0.00826
6.165	0.00731
6.17	0.00625
6.175	0.00508
6.18	0.00379
6.185	0.00239
6.19	0.00090
6.195	-0.00062
6.2	-0.00214
6.205	-0.00359
6.21	-0.00496
6.215	-0.00625
6.22	-0.00747
6.225	-0.00862
6.23	-0.00964
6.235	-0.01045
6.24	-0.01101
6.245	-0.01128
6.25	-0.01124
6.255	-0.01092
6.26	-0.01042
6.265	-0.00984
6.27	-0.00927
6.275	-0.00884
6.28	-0.00861
6.285	-0.00862
6.29	-0.00891
6.295	-0.00947
6.3	-0.01028
6.305	-0.01131
6.31	-0.01257
6.315	-0.01401
6.32	-0.01561
6.325	-0.01734
6.33	-0.01918
6.335	-0.02114
6.34	-0.02323
6.345	-0.02548
6.35	-0.02782
6.355	-0.03021
6.36	-0.03256
6.365	-0.03482
6.37	-0.03688
6.375	-0.03866
6.38	-0.04006
6.385	-0.04109
6.39	-0.04174
6.395	-0.04200
6.4	-0.04186
6.405	-0.04139
6.41	-0.04061
6.415	-0.03956
6.42	-0.03823
6.425	-0.03667
6.43	-0.03494
6.435	-0.03314
6.44	-0.03130
6.445	-0.02948
6.45	-0.02779
6.455	-0.02629
6.46	-0.02505
6.465	-0.02402
6.47	-0.02310
6.475	-0.02219
6.48	-0.02117
6.485	-0.01999
6.49	-0.01860
6.495	-0.01701
6.5	-0.01525
6.505	-0.01333
6.51	-0.01127
6.515	-0.00904
6.52	-0.00665
6.525	-0.00413
6.53	-0.00148
6.535	0.00128
6.54	0.00411
6.545	0.00698
6.55	0.00986
6.555	0.01270
6.56	0.01553
6.565	0.01829
6.57	0.02096
6.575	0.02357
6.58	0.02608
6.585	0.02845
6.59	0.03051
6.595	0.03211
6.6	0.03317
6.605	0.03369
6.61	0.03370
6.615	0.03325
6.62	0.03243
6.625	0.03128
6.63	0.02991
6.635	0.02835
6.64	0.02670
6.645	0.02504
6.65	0.02342
6.655	0.02191
6.66	0.02058
6.665	0.01948
6.67	0.01864
6.675	0.01811
6.68	0.01792
6.685	0.01807
6.69	0.01858
6.695	0.01943
6.7	0.02064
6.705	0.02221
6.71	0.02415
6.715	0.02645
6.72	0.02905
6.725	0.03188
6.73	0.03478
6.735	0.03770
6.74	0.04056
6.745	0.04328
6.75	0.04581
6.755	0.04812
6.76	0.05016
6.765	0.05192
6.77	0.05332
6.775	0.05435
6.78	0.05494
6.785	0.05504
6.79	0.05461
6.795	0.05365
6.8	0.05214
6.805	0.05010
6.81	0.04760
6.815	0.04473
6.82	0.04153
6.825	0.03811
6.83	0.03456
6.835	0.03095
6.84	0.02739
6.845	0.02399
6.85	0.02080
6.855	0.01789
6.86	0.01528
6.865	0.01297
6.87	0.01099
6.875	0.00937
6.88	0.00810
6.885	0.00718
6.89	0.00663
6.895	0.00641
6.9	0.00652
6.905	0.00689
6.91	0.00746
6.915	0.00817
6.92	0.00897
6.925	0.00982
6.93	0.01070
6.935	0.01153
6.94	0.01222
6.945	0.01273
6.95	0.01297
6.955	0.01283
6.96	0.01224
6.965	0.01124
6.97	0.00987
6.975	0.00831
6.98	0.00663
6.985	0.00491
6.99	0.00315
6.995	0.00129
7	-0.00066
7.005	-0.00274
7.01	-0.00497
7.015	-0.00741
7.02	-0.01013
7.025	-0.01320
7.03	-0.01667
7.035	-0.02058
7.04	-0.02492
7.045	-0.02966
7.05	-0.03470
7.055	-0.03993
7.06	-0.04524
7.065	-0.05043
7.07	-0.05529
7.075	-0.05959
7.08	-0.06314
7.085	-0.06584
7.09	-0.06770
7.095	-0.06883
7.1	-0.06929
7.105	-0.06915
7.11	-0.06842
7.115	-0.06713
7.12	-0.06533
7.125	-0.06307
7.13	-0.06039
7.135	-0.05733
7.14	-0.05395
7.145	-0.05032
7.15	-0.04655
7.155	-0.04267
7.16	-0.03875
7.165	-0.03480
7.17	-0.03086
7.175	-0.02693
7.18	-0.02292
7.185	-0.01873
7.19	-0.01432
7.195	-0.00964
7.2	-0.00469
7.205	0.00052
7.21	0.00588
7.215	0.01129
7.22	0.01662
7.225	0.02177
7.23	0.02665
7.235	0.03110
7.24	0.03499
7.245	0.03821
7.25	0.04073
7.255	0.04253
7.26	0.04364
7.265	0.04412
7.27	0.04398
7.275	0.04323
7.28	0.04190
7.285	0.04000
7.29	0.03759
7.295	0.03470
7.3	0.03138
7.305	0.02766
7.31	0.02365
7.315	0.01942
7.32	0.01504
7.325	0.01060
7.33	0.00620
7.335	0.00198
7.34	-0.00200
7.345	-0.00564
7.35	-0.00890
7.355	-0.01178
7.36	-0.01432
7.365	-0.01655
7.37	-0.01852
7.375	-0.02027
7.38	-0.02190
7.385	-0.02345
7.39	-0.02500
7.395	-0.02654
7.4	-0.02807
7.405	-0.02954
7.41	-0.03091
7.415	-0.03215
7.42	-0.03321
7.425	-0.03411
7.43	-0.03484
7.435	-0.03540
7.44	-0.03588
7.445	-0.03634
7.45	-0.03680
7.455	-0.03733
7.46	-0.03791
7.465	-0.03857
7.47	-0.03917
7.475	-0.03960
7.48	-0.03973
7.485	-0.03949
7.49	-0.03884
7.495	-0.03779
7.5	-0.03633
7.505	-0.03445
7.51	-0.03218
7.515	-0.02957
7.52	-0.02668
7.525	-0.02365
7.53	-0.02059
7.535	-0.01756
7.54	-0.01467
7.545	-0.01202
7.55	-0.00970
7.555	-0.00779
7.56	-0.00633
7.565	-0.00528
7.57	-0.00461
7.575	-0.00424
7.58	-0.00408
7.585	-0.00401
7.59	-0.00401
7.595	-0.00414
7.6	-0.00448
7.605	-0.00508
7.61	-0.00592
7.615	-0.00707
7.62	-0.00852
7.625	-0.01023
7.63	-0.01217
7.635	-0.01432
7.64	-0.01660
7.645	-0.01896
7.65	-0.02137
7.655	-0.02379
7.66	-0.02620
7.665	-0.02855
7.67	-0.03081
7.675	-0.03291
7.68	-0.03486
7.685	-0.03661
7.69	-0.03811
7.695	-0.03931
7.7	-0.04018
7.705	-0.04071
7.71	-0.04090
7.715	-0.04074
7.72	-0.04026
7.725	-0.03948
7.73	-0.03840
7.735	-0.03705
7.74	-0.03541
7.745	-0.03354
7.75	-0.03140
7.755	-0.02903
7.76	-0.02642
7.765	-0.02359
7.77	-0.02056
7.775	-0.01734
7.78	-0.01398
7.785	-0.01056
7.79	-0.00717
7.795	-0.00385
7.8	-0.00068
7.805	0.00228
7.81	0.00505
7.815	0.00762
7.82	0.01000
7.825	0.01224
7.83	0.01437
7.835	0.01646
7.84	0.01856
7.845	0.02078
7.85	0.02316
7.855	0.02579
7.86	0.02868
7.865	0.03181
7.87	0.03512
7.875	0.03853
7.88	0.04201
7.885	0.04550
7.89	0.04896
7.895	0.05233
7.9	0.05559
7.905	0.05872
7.91	0.06170
7.915	0.06454
7.92	0.06725
7.925	0.06994
7.93	0.07266
7.935	0.07543
7.94	0.07823
7.945	0.08105
7.95	0.08384
7.955	0.08649
7.96	0.08890
7.965	0.09105
7.97	0.09295
7.975	0.09473
7.98	0.09648
7.985	0.09831
7.99	0.10024
7.995	0.10225
8	0.10424
8.005	0.10614
8.01	0.10789
8.015	0.10944
8.02	0.11079
8.025	0.11197
8.03	0.11306
8.035	0.11407
8.04	0.11499
8.045	0.11579
8.05	0.11643
8.055	0.11686
8.06	0.11700
8.065	0.11684
8.07	0.11636
8.075	0.11555
8.08	0.11450
8.085	0.11323
8.09	0.11170
8.095	0.10981
8.1	0.10749
8.105	0.10469
8.11	0.10145
8.115	0.09779
8.12	0.09379
8.125	0.08947
8.13	0.08488
8.135	0.08008
8.14	0.07513
8.145	0.07014
8.15	0.06518
8.155	0.06039
8.16	0.05586
8.165	0.05168
8.17	0.04792
8.175	0.04465
8.18	0.04191
8.185	0.03972
8.19	0.03807
8.195	0.03693
8.2	0.03618
8.205	0.03574
8.21	0.03547
8.215	0.03529
8.22	0.03508
8.225	0.03481
8.23	0.03445
8.235	0.03400
8.24	0.03345
8.245	0.03284
8.25	0.03222
8.255	0.03161
8.26	0.03106
8.265	0.03060
8.27	0.03018
8.275	0.02974
8.28	0.02923
8.285	0.02855
8.29	0.02761
8.295	0.02639
8.3	0.02488
8.305	0.02309
8.31	0.02106
8.315	0.01885
8.32	0.01651
8.325	0.01413
8.33	0.01173
8.335	0.00936
8.34	0.00704
8.345	0.00479
8.35	0.00263
8.355	0.00052
8.36	-0.00156
8.365	-0.00366
8.37	-0.00581
8.375	-0.00804
8.38	-0.01034
8.385	-0.01268
8.39	-0.01506
8.395	-0.01744
8.4	-0.01982
8.405	-0.02222
8.41	-0.02468
8.415	-0.02717
8.42	-0.02976
8.425	-0.03246
8.43	-0.03534
8.435	-0.03848
8.44	-0.04196
8.445	-0.04588
8.45	-0.05031
8.455	-0.05531
8.46	-0.06088
8.465	-0.06700
8.47	-0.07349
8.475	-0.08016
8.48	-0.08679
8.485	-0.09324
8.49	-0.09939
8.495	-0.10514
8.5	-0.11041
8.505	-0.11514
8.51	-0.11930
8.515	-0.12288
8.52	-0.12586
8.525	-0.12835
8.53	-0.13035
8.535	-0.13188
8.54	-0.13297
8.545	-0.13369
8.55	-0.13414
8.555	-0.13441
8.56	-0.13455
8.565	-0.13464
8.57	-0.13468
8.575	-0.13464
8.58	-0.13444
8.585	-0.13405
8.59	-0.13346
8.595	-0.13268
8.6	-0.13175
8.605	-0.13071
8.61	-0.12958
8.615	-0.12835
8.62	-0.12699
8.625	-0.12555
8.63	-0.12399
8.635	-0.12226
8.64	-0.12029
8.645	-0.11807
8.65	-0.11558
8.655	-0.11280
8.66	-0.10974
8.665	-0.10644
8.67	-0.10290
8.675	-0.09912
8.68	-0.09509
8.685	-0.09078
8.69	-0.08617
8.695	-0.08122
8.7	-0.07592
8.705	-0.07025
8.71	-0.06424
8.715	-0.05794
8.72	-0.05142
8.725	-0.04477
8.73	-0.03812
8.735	-0.03159
8.74	-0.02528
8.745	-0.01932
8.75	-0.01377
8.755	-0.00862
8.76	-0.00391
8.765	0.00034
8.77	0.00411
8.775	0.00733
8.78	0.00997
8.785	0.01195
8.79	0.01323
8.795	0.01372
8.8	0.01335
8.805	0.01208
8.81	0.00992
8.815	0.00691
8.82	0.00319
8.825	-0.00107
8.83	-0.00568
8.835	-0.01047
8.84	-0.01529
8.845	-0.01997
8.85	-0.02438
8.855	-0.02843
8.86	-0.03210
8.865	-0.03540
8.87	-0.03840
8.875	-0.04112
8.88	-0.04363
8.885	-0.04602
8.89	-0.04834
8.895	-0.05058
8.9	-0.05271
8.905	-0.05467
8.91	-0.05634
8.915	-0.05762
8.92	-0.05835
8.925	-0.05843
8.93	-0.05775
8.935	-0.05625
8.94	-0.05389
8.945	-0.05067
8.95	-0.04666
8.955	-0.04205
8.96	-0.03698
8.965	-0.03158
8.97	-0.02592
8.975	-0.02006
8.98	-0.01413
8.985	-0.00829
8.99	-0.00275
8.995	0.00236
9	0.00694
9.005	0.01092
9.01	0.01423
9.015	0.01684
9.02	0.01866
9.025	0.01967
9.03	0.01987
9.035	0.01928
9.04	0.01789
9.045	0.01575
9.05	0.01287
9.055	0.00938
9.06	0.00540
9.065	0.00108
9.07	-0.00342
9.075	-0.00786
9.08	-0.01197
9.085	-0.01554
9.09	-0.01847
9.095	-0.02072
9.1	-0.02221
9.105	-0.02287
9.11	-0.02260
9.115	-0.02136
9.12	-0.01907
9.125	-0.01574
9.13	-0.01138
9.135	-0.00608
9.14	0.00004
9.145	0.00683
9.15	0.01410
9.155	0.02165
9.16	0.02929
9.165	0.03684
9.17	0.04410
9.175	0.05093
9.18	0.05723
9.185	0.06288
9.19	0.06781
9.195	0.07196
9.2	0.07528
9.205	0.07772
9.21	0.07921
9.215	0.07973
9.22	0.07925
9.225	0.07777
9.23	0.07532
9.235	0.07192
9.24	0.06769
9.245	0.06272
9.25	0.05714
9.255	0.05121
9.26	0.04516
9.265	0.03923
9.27	0.03368
9.275	0.02871
9.28	0.02454
9.285	0.02134
9.29	0.01927
9.295	0.01843
9.3	0.01889
9.305	0.02064
9.31	0.02364
9.315	0.02778
9.32	0.03292
9.325	0.03887
9.33	0.04533
9.335	0.05205
9.34	0.05873
9.345	0.06512
9.35	0.07099
9.355	0.07622
9.36	0.08067
9.365	0.08430
9.37	0.08704
9.375	0.08884
9.38	0.08974
9.385	0.08980
9.39	0.08914
9.395	0.08784
9.4	0.08594
9.405	0.08348
9.41	0.08053
9.415	0.07718
9.42	0.07355
9.425	0.06970
9.43	0.06573
9.435	0.06164
9.44	0.05748
9.445	0.05325
9.45	0.04893
9.455	0.04448
9.46	0.03985
9.465	0.03510
9.47	0.03036
9.475	0.02585
9.48	0.02172
9.485	0.01806
9.49	0.01492
9.495	0.01230
9.5	0.01018
9.505	0.00856
9.51	0.00739
9.515	0.00666
9.52	0.00634
9.525	0.00644
9.53	0.00697
9.535	0.00791
9.54	0.00925
9.545	0.01097
9.55	0.01305
9.555	0.01540
9.56	0.01792
9.565	0.02046
9.57	0.02289
9.575	0.02508
9.58	0.02688
9.585	0.02814
9.59	0.02872
9.595	0.02855
9.6	0.02761
9.605	0.02602
9.61	0.02389
9.615	0.02138
9.62	0.01863
9.625	0.01571
9.63	0.01268
9.635	0.00958
9.64	0.00644
9.645	0.00329
9.65	0.00018
9.655	-0.00288
9.66	-0.00584
9.665	-0.00871
9.67	-0.01147
9.675	-0.01407
9.68	-0.01643
9.685	-0.01849
9.69	-0.02022
9.695	-0.02158
9.7	-0.02252
9.705	-0.02301
9.71	-0.02305
9.715	-0.02264
9.72	-0.02178
9.725	-0.02048
9.73	-0.01877
9.735	-0.01672
9.74	-0.01442
9.745	-0.01194
9.75	-0.00945
9.755	-0.00709
9.76	-0.00498
9.765	-0.00325
9.77	-0.00201
9.775	-0.00133
9.78	-0.00128
9.785	-0.00191
9.79	-0.00324
9.795	-0.00528
9.8	-0.00801
9.805	-0.01138
9.81	-0.01530
9.815	-0.01971
9.82	-0.02449
9.825	-0.02955
9.83	-0.03474
9.835	-0.03994
9.84	-0.04504
9.845	-0.04992
9.85	-0.05449
9.855	-0.05867
9.86	-0.06241
9.865	-0.06565
9.87	-0.06830
9.875	-0.07036
9.88	-0.07176
9.885	-0.07246
9.89	-0.07243
9.895	-0.07167
9.9	-0.07021
9.905	-0.06801
9.91	-0.06511
9.915	-0.06156
9.92	-0.05740
9.925	-0.05268
9.93	-0.04750
9.935	-0.04197
9.94	-0.03627
9.945	-0.03066
9.95	-0.02542
9.955	-0.02081
9.96	-0.01699
9.965	-0.01400
9.97	-0.01186
9.975	-0.01061
9.98	-0.01028
9.985	-0.01084
9.99	-0.01228
9.995	-0.01458
10	-0.01764
10.005	-0.02133
10.01	-0.02552
10.015	-0.03005
10.02	-0.03477
10.025	-0.03952
10.03	-0.04414
10.035	-0.04848
10.04	-0.05239
10.045	-0.05580
10.05	-0.05859
10.055	-0.06063
10.06	-0.06183
10.065	-0.06204
10.07	-0.06111
10.075	-0.05884
10.08	-0.05512
10.085	-0.05002
10.09	-0.04371
10.095	-0.03634
10.1	-0.02801
10.105	-0.01888
10.11	-0.00904
10.115	0.00135
10.12	0.01222
10.125	0.02341
10.13	0.03481
10.135	0.04630
10.14	0.05774
10.145	0.06899
10.15	0.07998
10.155	0.09057
10.16	0.10068
10.165	0.11016
10.17	0.11893
10.175	0.12685
10.18	0.13382
10.185	0.13977
10.19	0.14464
10.195	0.14845
10.2	0.15120
10.205	0.15295
10.21	0.15373
10.215	0.15354
10.22	0.15239
10.225	0.15029
10.23	0.14726
10.235	0.14326
10.24	0.13832
10.245	0.13238
10.25	0.12545
10.255	0.11753
10.26	0.10868
10.265	0.09892
10.27	0.08833
10.275	0.07703
10.28	0.06515
10.285	0.05283
10.29	0.04025
10.295	0.02762
10.3	0.01513
10.305	0.00297
10.31	-0.00868
10.315	-0.01969
10.32	-0.02997
10.325	-0.03943
10.33	-0.04798
10.335	-0.05551
10.34	-0.06196
10.345	-0.06726
10.35	-0.07139
10.355	-0.07431
10.36	-0.07607
10.365	-0.07674
10.37	-0.07644
10.375	-0.07525
10.38	-0.07326
10.385	-0.07062
10.39	-0.06745
10.395	-0.06391
10.4	-0.06016
10.405	-0.05638
10.41	-0.05276
10.415	-0.04939
10.42	-0.04639
10.425	-0.04379
10.43	-0.04156
10.435	-0.03970
10.44	-0.03813
10.445	-0.03690
10.45	-0.03597
10.455	-0.03538
10.46	-0.03509
10.465	-0.03497
10.47	-0.03483
10.475	-0.03452
10.48	-0.03391
10.485	-0.03289
10.49	-0.03135
10.495	-0.02925
10.5	-0.02655
10.505	-0.02336
10.51	-0.01972
10.515	-0.01572
10.52	-0.01147
10.525	-0.00718
10.53	-0.00304
10.535	0.00079
10.54	0.00415
10.545	0.00693
10.55	0.00902
10.555	0.01035
10.56	0.01088
10.565	0.01065
10.57	0.00975
10.575	0.00833
10.58	0.00651
10.585	0.00435
10.59	0.00184
10.595	-0.00105
10.6	-0.00424
10.605	-0.00760
10.61	-0.01098
10.615	-0.01421
10.62	-0.01713
10.625	-0.01958
10.63	-0.02146
10.635	-0.02263
10.64	-0.02304
10.645	-0.02262
10.65	-0.02134
10.655	-0.01924
10.66	-0.01640
10.665	-0.01292
10.67	-0.00890
10.675	-0.00450
10.68	0.00012
10.685	0.00476
10.69	0.00923
10.695	0.01329
10.7	0.01673
10.705	0.01932
10.71	0.02081
10.715	0.02102
10.72	0.01980
10.725	0.01699
10.73	0.01248
10.735	0.00625
10.74	-0.00165
10.745	-0.01107
10.75	-0.02182
10.755	-0.03356
10.76	-0.04592
10.765	-0.05845
10.77	-0.07068
10.775	-0.08213
10.78	-0.09239
10.785	-0.10107
10.79	-0.10788
10.795	-0.11264
10.8	-0.11521
10.805	-0.11550
10.81	-0.11354
10.815	-0.10944
10.82	-0.10337
10.825	-0.09554
10.83	-0.08627
10.835	-0.07592
10.84	-0.06495
10.845	-0.05373
10.85	-0.04268
10.855	-0.03223
10.86	-0.02269
10.865	-0.01430
10.87	-0.00730
10.875	-0.00184
10.88	0.00202
10.885	0.00433
10.89	0.00516
10.895	0.00464
10.9	0.00291
10.905	0.00017
10.91	-0.00338
10.915	-0.00751
10.92	-0.01205
10.925	-0.01680
10.93	-0.02159
10.935	-0.02626
10.94	-0.03069
10.945	-0.03482
10.95	-0.03865
10.955	-0.04218
10.96	-0.04541
10.965	-0.04825
10.97	-0.05055
10.975	-0.05218
10.98	-0.05305
10.985	-0.05308
10.99	-0.05225
10.995	-0.05049
11	-0.04781
11.005	-0.04419
11.01	-0.03970
11.015	-0.03443
11.02	-0.02848
11.025	-0.02196
11.03	-0.01506
11.035	-0.00793
11.04	-0.00077
11.045	0.00628
11.05	0.01312
11.055	0.01966
11.06	0.02592
11.065	0.03192
11.07	0.03780
11.075	0.04381
11.08	0.05015
11.085	0.05690
11.09	0.06396
11.095	0.07129
11.1	0.07885
11.105	0.08654
11.11	0.09422
11.115	0.10175
11.12	0.10894
11.125	0.11563
11.13	0.12161
11.135	0.12667
11.14	0.13057
11.145	0.13311
11.15	0.13414
11.155	0.13344
11.16	0.13088
11.165	0.12630
11.17	0.11966
11.175	0.11098
11.18	0.10034
11.185	0.08795
11.19	0.07409
11.195	0.05909
11.2	0.04332
11.205	0.02718
11.21	0.01110
11.215	-0.00452
11.22	-0.01929
11.225	-0.03287
11.23	-0.04496
11.235	-0.05538
11.24	-0.06397
11.245	-0.07069
11.25	-0.07550
11.255	-0.07847
11.26	-0.07968
11.265	-0.07925
11.27	-0.07741
11.275	-0.07437
11.28	-0.07044
11.285	-0.06583
11.29	-0.06073
11.295	-0.05531
11.3	-0.04973
11.305	-0.04415
11.31	-0.03872
11.315	-0.03361
11.32	-0.02897
11.325	-0.02486
11.33	-0.02133
11.335	-0.01838
11.34	-0.01603
11.345	-0.01423
11.35	-0.01297
11.355	-0.01214
11.36	-0.01164
11.365	-0.01137
11.37	-0.01125
11.375	-0.01121
11.38	-0.01120
11.385	-0.01119
11.39	-0.01118
11.395	-0.01125
11.4	-0.01147
11.405	-0.01193
11.41	-0.01270
11.415	-0.01386
11.42	-0.01546
11.425	-0.01756
11.43	-0.02012
11.435	-0.02305
11.44	-0.02621
11.445	-0.02945
11.45	-0.03260
11.455	-0.03552
11.46	-0.03798
11.465	-0.03973
11.47	-0.04046
11.475	-0.03996
11.48	-0.03810
11.485	-0.03485
11.49	-0.03026
11.495	-0.02446
11.5	-0.01763
11.505	-0.01000
11.51	-0.00181
11.515	0.00669
11.52	0.01524
11.525	0.02361
11.53	0.03158
11.535	0.03900
11.54	0.04582
11.545	0.05199
11.55	0.05748
11.555	0.06228
11.56	0.06644
11.565	0.07000
11.57	0.07306
11.575	0.07568
11.58	0.07792
11.585	0.07967
11.59	0.08081
11.595	0.08127
11.6	0.08098
11.605	0.07995
11.61	0.07814
11.615	0.07557
11.62	0.07222
11.625	0.06806
11.63	0.06312
11.635	0.05743
11.64	0.05105
11.645	0.04401
11.65	0.03640
11.655	0.02835
11.66	0.01996
11.665	0.01143
11.67	0.00288
11.675	-0.00551
11.68	-0.01358
11.685	-0.02119
11.69	-0.02817
11.695	-0.03441
11.7	-0.03980
11.705	-0.04424
11.71	-0.04765
11.715	-0.04995
11.72	-0.05112
11.725	-0.05114
11.73	-0.05002
11.735	-0.04781
11.74	-0.04454
11.745	-0.04032
11.75	-0.03527
11.755	-0.02954
11.76	-0.02332
11.765	-0.01676
11.77	-0.01007
11.775	-0.00345
11.78	0.00290
11.785	0.00876
11.79	0.01392
11.795	0.01824
11.8	0.02163
11.805	0.02405
11.81	0.02548
11.815	0.02593
11.82	0.02545
11.825	0.02412
11.83	0.02201
11.835	0.01922
11.84	0.01585
11.845	0.01200
11.85	0.00777
11.855	0.00324
11.86	-0.00147
11.865	-0.00618
11.87	-0.01072
11.875	-0.01493
11.88	-0.01863
11.885	-0.02166
11.89	-0.02388
11.895	-0.02517
11.9	-0.02548
11.905	-0.02475
11.91	-0.02308
11.915	-0.02052
11.92	-0.01718
11.925	-0.01318
11.93	-0.00861
11.935	-0.00358
11.94	0.00175
11.945	0.00724
11.95	0.01273
11.955	0.01807
11.96	0.02315
11.965	0.02796
11.97	0.03246
11.975	0.03664
11.98	0.04043
11.985	0.04378
11.99	0.04666
11.995	0.04898
12	0.05070
12.005	0.05174
12.01	0.05202
12.015	0.05144
12.02	0.05000
12.025	0.04771
12.03	0.04460
12.035	0.04076
12.04	0.03620
12.045	0.03104
12.05	0.02536
12.055	0.01933
12.06	0.01304
12.065	0.00661
12.07	0.00015
12.075	-0.00618
12.08	-0.01228
12.085	-0.01817
12.09	-0.02398
12.095	-0.02979
12.1	-0.03565
12.105	-0.04155
12.11	-0.04744
12.115	-0.05326
12.12	-0.05894
12.125	-0.06430
12.13	-0.06923
12.135	-0.07363
12.14	-0.07741
12.145	-0.08051
12.15	-0.08291
12.155	-0.08456
12.16	-0.08551
12.165	-0.08581
12.17	-0.08557
12.175	-0.08487
12.18	-0.08380
12.185	-0.08248
12.19	-0.08102
12.195	-0.07954
12.2	-0.07808
12.205	-0.07668
12.21	-0.07530
12.215	-0.07387
12.22	-0.07232
12.225	-0.07059
12.23	-0.06863
12.235	-0.06636
12.24	-0.06374
12.245	-0.06070
12.25	-0.05720
12.255	-0.05325
12.26	-0.04889
12.265	-0.04416
12.27	-0.03908
12.275	-0.03367
12.28	-0.02795
12.285	-0.02193
12.29	-0.01565
12.295	-0.00914
12.3	-0.00246
12.305	0.00440
12.31	0.01140
12.315	0.01853
12.32	0.02572
12.325	0.03288
12.33	0.03996
12.335	0.04689
12.34	0.05361
12.345	0.06011
12.35	0.06630
12.355	0.07215
12.36	0.07761
12.365	0.08264
12.37	0.08725
12.375	0.09148
12.38	0.09534
12.385	0.09885
12.39	0.10205
12.395	0.10495
12.4	0.10755
12.405	0.10993
12.41	0.11210
12.415	0.11410
12.42	0.11593
12.425	0.11762
12.43	0.11910
12.435	0.12033
12.44	0.12122
12.445	0.12162
12.45	0.12139
12.455	0.12039
12.46	0.11846
12.465	0.11555
12.47	0.11170
12.475	0.10697
12.48	0.10143
12.485	0.09513
12.49	0.08813
12.495	0.08046
12.5	0.07222
12.505	0.06347
12.51	0.05428
12.515	0.04469
12.52	0.03478
12.525	0.02456
12.53	0.01408
12.535	0.00336
12.54	-0.00754
12.545	-0.01860
12.55	-0.02978
12.555	-0.04101
12.56	-0.05215
12.565	-0.06306
12.57	-0.07356
12.575	-0.08342
12.58	-0.09235
12.585	-0.10019
12.59	-0.10696
12.595	-0.11271
12.6	-0.11753
12.605	-0.12144
12.61	-0.12451
12.615	-0.12679
12.62	-0.12835
12.625	-0.12920
12.63	-0.12938
12.635	-0.12891
12.64	-0.12780
12.645	-0.12607
12.65	-0.12371
12.655	-0.12074
12.66	-0.11708
12.665	-0.11269
12.67	-0.10751
12.675	-0.10151
12.68	-0.09478
12.685	-0.08741
12.69	-0.07956
12.695	-0.07134
12.7	-0.06280
12.705	-0.05398
12.71	-0.04501
12.715	-0.03604
12.72	-0.02724
12.725	-0.01865
12.73	-0.01030
12.735	-0.00228
12.74	0.00535
12.745	0.01250
12.75	0.01917
12.755	0.02534
12.76	0.03100
12.765	0.03612
12.77	0.04066
12.775	0.04462
12.78	0.04798
12.785	0.05077
12.79	0.05301
12.795	0.05474
12.8	0.05601
12.805	0.05688
12.81	0.05741
12.815	0.05769
12.82	0.05776
12.825	0.05766
12.83	0.05746
12.835	0.05721
12.84	0.05692
12.845	0.05663
12.85	0.05634
12.855	0.05604
12.86	0.05571
12.865	0.05531
12.87	0.05482
12.875	0.05421
12.88	0.05348
12.885	0.05265
12.89	0.05174
12.895	0.05072
12.9	0.04962
12.905	0.04849
12.91	0.04740
12.915	0.04646
12.92	0.04572
12.925	0.04523
12.93	0.04501
12.935	0.04502
12.94	0.04523
12.945	0.04557
12.95	0.04592
12.955	0.04614
12.96	0.04614
12.965	0.04590
12.97	0.04545
12.975	0.04489
12.98	0.04426
12.985	0.04366
12.99	0.04313
12.995	0.04271
13	0.04243
13.005	0.04234
13.01	0.04246
13.015	0.04279
13.02	0.04333
13.025	0.04402
13.03	0.04482
13.035	0.04566
13.04	0.04649
13.045	0.04725
13.05	0.04790
13.055	0.04842
13.06	0.04881
13.065	0.04912
13.07	0.04945
13.075	0.04985
13.08	0.05035
13.085	0.05087
13.09	0.05120
13.095	0.05112
13.1	0.05046
13.105	0.04909
13.11	0.04688
13.115	0.04378
13.12	0.03975
13.125	0.03481
13.13	0.02906
13.135	0.02262
13.14	0.01568
13.145	0.00841
13.15	0.00105
13.155	-0.00624
13.16	-0.01327
13.165	-0.01989
13.17	-0.02598
13.175	-0.03147
13.18	-0.03630
13.185	-0.04046
13.19	-0.04393
13.195	-0.04677
13.2	-0.04904
13.205	-0.05081
13.21	-0.05213
13.215	-0.05309
13.22	-0.05378
13.225	-0.05423
13.23	-0.05448
13.235	-0.05456
13.24	-0.05451
13.245	-0.05435
13.25	-0.05411
13.255	-0.05380
13.26	-0.05342
13.265	-0.05300
13.27	-0.05258
13.275	-0.05222
13.28	-0.05198
13.285	-0.05188
13.29	-0.05197
13.295	-0.05229
13.3	-0.05288
13.305	-0.05378
13.31	-0.05504
13.315	-0.05662
13.32	-0.05849
13.325	-0.06060
13.33	-0.06290
13.335	-0.06537
13.34	-0.06794
13.345	-0.07059
13.35	-0.07329
13.355	-0.07601
13.36	-0.07871
13.365	-0.08136
13.37	-0.08394
13.375	-0.08641
13.38	-0.08877
13.385	-0.09093
13.39	-0.09284
13.395	-0.09443
13.4	-0.09560
13.405	-0.09626
13.41	-0.09629
13.415	-0.09558
13.42	-0.09401
13.425	-0.09150
13.43	-0.08803
13.435	-0.08357
13.44	-0.07815
13.445	-0.07186
13.45	-0.06483
13.455	-0.05728
13.46	-0.04937
13.465	-0.04118
13.47	-0.03278
13.475	-0.02422
13.48	-0.01560
13.485	-0.00701
13.49	0.00144
13.495	0.00966
13.5	0.01759
13.505	0.02518
13.51	0.03238
13.515	0.03917
13.52	0.04555
13.525	0.05151
13.53	0.05706
13.535	0.06219
13.54	0.06687
13.545	0.07105
13.55	0.07467
13.555	0.07776
13.56	0.08035
13.565	0.08253
13.57	0.08435
13.575	0.08597
13.58	0.08744
13.585	0.08876
13.59	0.08981
13.595	0.09054
13.6	0.09094
13.605	0.09105
13.61	0.09091
13.615	0.09063
13.62	0.09025
13.625	0.08987
13.63	0.08951
13.635	0.08920
13.64	0.08893
13.645	0.08863
13.65	0.08823
13.655	0.08767
13.66	0.08685
13.665	0.08565
13.67	0.08400
13.675	0.08183
13.68	0.07905
13.685	0.07555
13.69	0.07117
13.695	0.06588
13.7	0.05971
13.705	0.05276
13.71	0.04516
13.715	0.03710
13.72	0.02876
13.725	0.02034
13.73	0.01207
13.735	0.00412
13.74	-0.00335
13.745	-0.01022
13.75	-0.01643
13.755	-0.02189
13.76	-0.02658
13.765	-0.03051
13.77	-0.03367
13.775	-0.03612
13.78	-0.03787
13.785	-0.03894
13.79	-0.03937
13.795	-0.03915
13.8	-0.03834
13.805	-0.03696
13.81	-0.03502
13.815	-0.03254
13.82	-0.02954
13.825	-0.02605
13.83	-0.02208
13.835	-0.01769
13.84	-0.01290
13.845	-0.00776
13.85	-0.00237
13.855	0.00321
13.86	0.00889
13.865	0.01459
13.87	0.02024
13.875	0.02578
13.88	0.03112
13.885	0.03624
13.89	0.04109
13.895	0.04562
13.9	0.04979
13.905	0.05358
13.91	0.05694
13.915	0.05990
13.92	0.06241
13.925	0.06454
13.93	0.06629
13.935	0.06768
13.94	0.06869
13.945	0.06931
13.95	0.06953
13.955	0.06933
13.96	0.06870
13.965	0.06773
13.97	0.06657
13.975	0.06536
13.98	0.06417
13.985	0.06303
13.99	0.06194
13.995	0.06086
14	0.05971
14.005	0.05845
14.01	0.05701
14.015	0.05534
14.02	0.05332
14.025	0.05084
14.03	0.04780
14.035	0.04416
14.04	0.03986
14.045	0.03488
14.05	0.02925
14.055	0.02291
14.06	0.01590
14.065	0.00827
14.07	0.00021
14.075	-0.00805
14.08	-0.01623
14.085	-0.02419
14.09	-0.03187
14.095	-0.03927
14.1	-0.04636
14.105	-0.05308
14.11	-0.05937
14.115	-0.06514
14.12	-0.07033
14.125	-0.07489
14.13	-0.07882
14.135	-0.08213
14.14	-0.08487
14.145	-0.08707
14.15	-0.08883
14.155	-0.09023
14.16	-0.09138
14.165	-0.09237
14.17	-0.09331
14.175	-0.09422
14.18	-0.09513
14.185	-0.09606
14.19	-0.09704
14.195	-0.09806
14.2	-0.09913
14.205	-0.10024
14.21	-0.10137
14.215	-0.10249
14.22	-0.10358
14.225	-0.10461
14.23	-0.10558
14.235	-0.10641
14.24	-0.10704
14.245	-0.10741
14.25	-0.10745
14.255	-0.10714
14.26	-0.10646
14.265	-0.10533
14.27	-0.10372
14.275	-0.10160
14.28	-0.09893
14.285	-0.09573
14.29	-0.09196
14.295	-0.08766
14.3	-0.08284
14.305	-0.07753
14.31	-0.07179
14.315	-0.06569
14.32	-0.05929
14.325	-0.05267
14.33	-0.04589
14.335	-0.03905
14.34	-0.03220
14.345	-0.02538
14.35	-0.01862
14.355	-0.01190
14.36	-0.00524
14.365	0.00136
14.37	0.00787
14.375	0.01424
14.38	0.02043
14.385	0.02637
14.39	0.03201
14.395	0.03729
14.4	0.04219
14.405	0.04669
14.41	0.05072
14.415	0.05429
14.42	0.05740
14.425	0.06004
14.43	0.06223
14.435	0.06389
14.44	0.06494
14.445	0.06531
14.45	0.06492
14.455	0.06368
14.46	0.06154
14.465	0.05845
14.47	0.05439
14.475	0.04945
14.48	0.04379
14.485	0.03763
14.49	0.03114
14.495	0.02447
14.5	0.01772
14.505	0.01101
14.51	0.00443
14.515	-0.00198
14.52	-0.00814
14.525	-0.01402
14.53	-0.01962
14.535	-0.02495
14.54	-0.03006
14.545	-0.03499
14.55	-0.03977
14.555	-0.04449
14.56	-0.04919
14.565	-0.05385
14.57	-0.05838
14.575	-0.06267
14.58	-0.06647
14.585	-0.06956
14.59	-0.07170
14.595	-0.07277
14.6	-0.07282
14.605	-0.07204
14.61	-0.07055
14.615	-0.06845
14.62	-0.06588
14.625	-0.06297
14.63	-0.05983
14.635	-0.05652
14.64	-0.05313
14.645	-0.04973
14.65	-0.04634
14.655	-0.04299
14.66	-0.03967
14.665	-0.03640
14.67	-0.03319
14.675	-0.03007
14.68	-0.02703
14.685	-0.02410
14.69	-0.02126
14.695	-0.01850
14.7	-0.01578
14.705	-0.01310
14.71	-0.01048
14.715	-0.00787
14.72	-0.00525
14.725	-0.00256
14.73	0.00023
14.735	0.00313
14.74	0.00616
14.745	0.00931
14.75	0.01260
14.755	0.01597
14.76	0.01936
14.765	0.02275
14.77	0.02612
14.775	0.02941
14.78	0.03257
14.785	0.03554
14.79	0.03828
14.795	0.04073
14.8	0.04286
14.805	0.04459
14.81	0.04590
14.815	0.04672
14.82	0.04705
14.825	0.04689
14.83	0.04623
14.835	0.04508
14.84	0.04340
14.845	0.04127
14.85	0.03874
14.855	0.03587
14.86	0.03274
14.865	0.02945
14.87	0.02606
14.875	0.02266
14.88	0.01934
14.885	0.01616
14.89	0.01320
14.895	0.01054
14.9	0.00823
14.905	0.00634
14.91	0.00489
14.915	0.00389
14.92	0.00326
14.925	0.00288
14.93	0.00260
14.935	0.00228
14.94	0.00178
14.945	0.00108
14.95	0.00015
14.955	-0.00092
14.96	-0.00205
14.965	-0.00324
14.97	-0.00443
14.975	-0.00560
14.98	-0.00676
14.985	-0.00791
14.99	-0.00908
14.995	-0.01028
15	-0.01154
15.005	-0.01291
15.01	-0.01443
15.015	-0.01610
15.02	-0.01790
15.025	-0.01980
15.03	-0.02173
15.035	-0.02366
15.04	-0.02554
15.045	-0.02731
15.05	-0.02892
15.055	-0.03028
15.06	-0.03126
15.065	-0.03176
15.07	-0.03174
15.075	-0.03132
15.08	-0.03069
15.085	-0.02996
15.09	-0.02925
15.095	-0.02859
15.1	-0.02807
15.105	-0.02771
15.11	-0.02750
15.115	-0.02743
15.12	-0.02747
15.125	-0.02758
15.13	-0.02777
15.135	-0.02800
15.14	-0.02828
15.145	-0.02860
15.15	-0.02896
15.155	-0.02933
15.16	-0.02970
15.165	-0.03007
15.17	-0.03042
15.175	-0.03076
15.18	-0.03104
15.185	-0.03129
15.19	-0.03147
15.195	-0.03156
15.2	-0.03152
15.205	-0.03130
15.21	-0.03084
15.215	-0.03004
15.22	-0.02885
15.225	-0.02719
15.23	-0.02502
15.235	-0.02227
15.24	-0.01892
15.245	-0.01495
15.25	-0.01044
15.255	-0.00546
15.26	-0.00011
15.265	0.00555
15.27	0.01144
15.275	0.01748
15.28	0.02360
15.285	0.02973
15.29	0.03578
15.295	0.04166
15.3	0.04725
15.305	0.05248
15.31	0.05731
15.315	0.06174
15.32	0.06577
15.325	0.06939
15.33	0.07257
15.335	0.07538
15.34	0.07786
15.345	0.08008
15.35	0.08204
15.355	0.08379
15.36	0.08536
15.365	0.08677
15.37	0.08805
15.375	0.08922
15.38	0.09029
15.385	0.09130
15.39	0.09226
15.395	0.09318
15.4	0.09405
15.405	0.09486
15.41	0.09560
15.415	0.09624
15.42	0.09673
15.425	0.09703
15.43	0.09711
15.435	0.09693
15.44	0.09642
15.445	0.09550
15.45	0.09404
15.455	0.09192
15.46	0.08907
15.465	0.08554
15.47	0.08145
15.475	0.07688
15.48	0.07188
15.485	0.06647
15.49	0.06070
15.495	0.05460
15.5	0.04822
15.505	0.04162
15.51	0.03480
15.515	0.02783
15.52	0.02072
15.525	0.01354
15.53	0.00639
15.535	-0.00065
15.54	-0.00744
15.545	-0.01386
15.55	-0.01978
15.555	-0.02510
15.56	-0.02972
15.565	-0.03354
15.57	-0.03646
15.575	-0.03840
15.58	-0.03928
15.585	-0.03913
15.59	-0.03811
15.595	-0.03644
15.6	-0.03431
15.605	-0.03188
15.61	-0.02924
15.615	-0.02646
15.62	-0.02361
15.625	-0.02072
15.63	-0.01783
15.635	-0.01493
15.64	-0.01213
15.645	-0.00940
15.65	-0.00681
15.655	-0.00438
15.66	-0.00218
15.665	-0.00022
15.67	0.00151
15.675	0.00301
15.68	0.00429
15.685	0.00538
15.69	0.00631
15.695	0.00714
15.7	0.00793
15.705	0.00876
15.71	0.00966
15.715	0.01063
15.72	0.01165
15.725	0.01272
15.73	0.01383
15.735	0.01492
15.74	0.01595
15.745	0.01683
15.75	0.01752
15.755	0.01796
15.76	0.01816
15.765	0.01807
15.77	0.01768
15.775	0.01694
15.78	0.01588
15.785	0.01450
15.79	0.01289
15.795	0.01107
15.8	0.00910
15.805	0.00702
15.81	0.00490
15.815	0.00283
15.82	0.00088
15.825	-0.00087
15.83	-0.00236
15.835	-0.00357
15.84	-0.00444
15.845	-0.00495
15.85	-0.00509
15.855	-0.00484
15.86	-0.00424
15.865	-0.00328
15.87	-0.00198
15.875	-0.00035
15.88	0.00151
15.885	0.00356
15.89	0.00569
15.895	0.00783
15.9	0.00991
15.905	0.01187
15.91	0.01360
15.915	0.01512
15.92	0.01637
15.925	0.01736
15.93	0.01810
15.935	0.01858
15.94	0.01879
15.945	0.01876
15.95	0.01845
15.955	0.01779
15.96	0.01679
15.965	0.01549
15.97	0.01403
15.975	0.01252
15.98	0.01107
15.985	0.00970
15.99	0.00845
15.995	0.00733
16	0.00631
16.005	0.00535
16.01	0.00438
16.015	0.00335
16.02	0.00222
16.025	0.00095
16.03	-0.00048
16.035	-0.00208
16.04	-0.00385
16.045	-0.00578
16.05	-0.00786
16.055	-0.01007
16.06	-0.01237
16.065	-0.01464
16.07	-0.01681
16.075	-0.01874
16.08	-0.02034
16.085	-0.02162
16.09	-0.02265
16.095	-0.02356
16.1	-0.02439
16.105	-0.02514
16.11	-0.02578
16.115	-0.02630
16.12	-0.02665
16.125	-0.02679
16.13	-0.02674
16.135	-0.02648
16.14	-0.02602
16.145	-0.02534
16.15	-0.02443
16.155	-0.02329
16.16	-0.02191
16.165	-0.02032
16.17	-0.01855
16.175	-0.01663
16.18	-0.01463
16.185	-0.01261
16.19	-0.01062
16.195	-0.00871
16.2	-0.00694
16.205	-0.00541
16.21	-0.00419
16.215	-0.00330
16.22	-0.00277
16.225	-0.00261
16.23	-0.00283
16.235	-0.00341
16.24	-0.00431
16.245	-0.00551
16.25	-0.00694
16.255	-0.00859
16.26	-0.01042
16.265	-0.01240
16.27	-0.01450
16.275	-0.01669
16.28	-0.01893
16.285	-0.02116
16.29	-0.02336
16.295	-0.02551
16.3	-0.02756
16.305	-0.02946
16.31	-0.03119
16.315	-0.03274
16.32	-0.03414
16.325	-0.03540
16.33	-0.03658
16.335	-0.03767
16.34	-0.03873
16.345	-0.03978
16.35	-0.04086
16.355	-0.04198
16.36	-0.04319
16.365	-0.04452
16.37	-0.04597
16.375	-0.04752
16.38	-0.04915
16.385	-0.05082
16.39	-0.05252
16.395	-0.05422
16.4	-0.05588
16.405	-0.05748
16.41	-0.05901
16.415	-0.06046
16.42	-0.06175
16.425	-0.06287
16.43	-0.06377
16.435	-0.06440
16.44	-0.06477
16.445	-0.06487
16.45	-0.06474
16.455	-0.06444
16.46	-0.06402
16.465	-0.06340
16.47	-0.06247
16.475	-0.06104
16.48	-0.05901
16.485	-0.05634
16.49	-0.05301
16.495	-0.04905
16.5	-0.04449
16.505	-0.03944
16.51	-0.03401
16.515	-0.02837
16.52	-0.02271
16.525	-0.01723
16.53	-0.01217
16.535	-0.00767
16.54	-0.00387
16.545	-0.00085
16.55	0.00131
16.555	0.00256
16.56	0.00295
16.565	0.00253
16.57	0.00149
16.575	-0.00002
16.58	-0.00180
16.585	-0.00377
16.59	-0.00589
16.595	-0.00820
16.6	-0.01068
16.605	-0.01329
16.61	-0.01596
16.615	-0.01866
16.62	-0.02129
16.625	-0.02378
16.63	-0.02612
16.635	-0.02825
16.64	-0.03018
16.645	-0.03188
16.65	-0.03339
16.655	-0.03468
16.66	-0.03580
16.665	-0.03677
16.67	-0.03763
16.675	-0.03842
16.68	-0.03914
16.685	-0.03983
16.69	-0.04048
16.695	-0.04106
16.7	-0.04157
16.705	-0.04202
16.71	-0.04239
16.715	-0.04269
16.72	-0.04291
16.725	-0.04307
16.73	-0.04319
16.735	-0.04329
16.74	-0.04335
16.745	-0.04337
16.75	-0.04344
16.755	-0.04364
16.76	-0.04402
16.765	-0.04463
16.77	-0.04551
16.775	-0.04667
16.78	-0.04805
16.785	-0.04962
16.79	-0.05132
16.795	-0.05305
16.8	-0.05475
16.805	-0.05630
16.81	-0.05761
16.815	-0.05861
16.82	-0.05928
16.825	-0.05954
16.83	-0.05934
16.835	-0.05865
16.84	-0.05747
16.845	-0.05580
16.85	-0.05371
16.855	-0.05125
16.86	-0.04849
16.865	-0.04547
16.87	-0.04227
16.875	-0.03894
16.88	-0.03551
16.885	-0.03198
16.89	-0.02835
16.895	-0.02463
16.9	-0.02086
16.905	-0.01706
16.91	-0.01329
16.915	-0.00952
16.92	-0.00573
16.925	-0.00187
16.93	0.00209
16.935	0.00614
16.94	0.01028
16.945	0.01443
16.95	0.01853
16.955	0.02244
16.96	0.02605
16.965	0.02932
16.97	0.03227
16.975	0.03492
16.98	0.03734
16.985	0.03953
16.99	0.04150
16.995	0.04323
17	0.04466
17.005	0.04579
17.01	0.04658
17.015	0.04704
17.02	0.04723
17.025	0.04718
17.03	0.04699
17.035	0.04673
17.04	0.04648
17.045	0.04632
17.05	0.04633
17.055	0.04660
17.06	0.04724
17.065	0.04832
17.07	0.04997
17.075	0.05224
17.08	0.05520
17.085	0.05877
17.09	0.06280
17.095	0.06706
17.1	0.07137
17.105	0.07566
17.11	0.07985
17.115	0.08386
17.12	0.08762
17.125	0.09111
17.13	0.09430
17.135	0.09716
17.14	0.09963
17.145	0.10171
17.15	0.10342
17.155	0.10476
17.16	0.10578
17.165	0.10647
17.17	0.10685
17.175	0.10696
17.18	0.10681
17.185	0.10643
17.19	0.10581
17.195	0.10495
17.2	0.10385
17.205	0.10248
17.21	0.10085
17.215	0.09894
17.22	0.09674
17.225	0.09425
17.23	0.09146
17.235	0.08837
17.24	0.08502
17.245	0.08145
17.25	0.07772
17.255	0.07387
17.26	0.06993
17.265	0.06596
17.27	0.06204
17.275	0.05824
17.28	0.05465
17.285	0.05128
17.29	0.04822
17.295	0.04549
17.3	0.04306
17.305	0.04094
17.31	0.03912
17.315	0.03758
17.32	0.03631
17.325	0.03527
17.33	0.03444
17.335	0.03374
17.34	0.03313
17.345	0.03258
17.35	0.03208
17.355	0.03160
17.36	0.03106
17.365	0.03042
17.37	0.02963
17.375	0.02865
17.38	0.02745
17.385	0.02601
17.39	0.02432
17.395	0.02238
17.4	0.02022
17.405	0.01790
17.41	0.01546
17.415	0.01297
17.42	0.01051
17.425	0.00815
17.43	0.00594
17.435	0.00389
17.44	0.00203
17.445	0.00034
17.45	-0.00122
17.455	-0.00271
17.46	-0.00418
17.465	-0.00561
17.47	-0.00691
17.475	-0.00797
17.48	-0.00871
17.485	-0.00907
17.49	-0.00907
17.495	-0.00870
17.5	-0.00799
17.505	-0.00695
17.51	-0.00562
17.515	-0.00404
17.52	-0.00221
17.525	-0.00013
17.53	0.00215
17.535	0.00458
17.54	0.00709
17.545	0.00960
17.55	0.01206
17.555	0.01443
17.56	0.01667
17.565	0.01883
17.57	0.02096
17.575	0.02320
17.58	0.02565
17.585	0.02827
17.59	0.03094
17.595	0.03354
17.6	0.03603
17.605	0.03837
17.61	0.04051
17.615	0.04246
17.62	0.04424
17.625	0.04586
17.63	0.04727
17.635	0.04846
17.64	0.04944
17.645	0.05018
17.65	0.05070
17.655	0.05098
17.66	0.05098
17.665	0.05065
17.67	0.04994
17.675	0.04882
17.68	0.04725
17.685	0.04526
17.69	0.04283
17.695	0.03997
17.7	0.03668
17.705	0.03297
17.71	0.02886
17.715	0.02436
17.72	0.01952
17.725	0.01439
17.73	0.00902
17.735	0.00347
17.74	-0.00215
17.745	-0.00773
17.75	-0.01322
17.755	-0.01856
17.76	-0.02371
17.765	-0.02862
17.77	-0.03325
17.775	-0.03757
17.78	-0.04156
17.785	-0.04523
17.79	-0.04855
17.795	-0.05152
17.8	-0.05417
17.805	-0.05651
17.81	-0.05854
17.815	-0.06030
17.82	-0.06177
17.825	-0.06298
17.83	-0.06394
17.835	-0.06467
17.84	-0.06517
17.845	-0.06546
17.85	-0.06555
17.855	-0.06541
17.86	-0.06504
17.865	-0.06447
17.87	-0.06372
17.875	-0.06283
17.88	-0.06182
17.885	-0.06073
17.89	-0.05957
17.895	-0.05841
17.9	-0.05728
17.905	-0.05614
17.91	-0.05500
17.915	-0.05388
17.92	-0.05277
17.925	-0.05166
17.93	-0.05059
17.935	-0.04955
17.94	-0.04856
17.945	-0.04766
17.95	-0.04692
17.955	-0.04648
17.96	-0.04636
17.965	-0.04658
17.97	-0.04699
17.975	-0.04748
17.98	-0.04789
17.985	-0.04815
17.99	-0.04819
17.995	-0.04795
18	-0.04738
18.005	-0.04642
18.01	-0.04502
18.015	-0.04319
18.02	-0.04093
18.025	-0.03823
18.03	-0.03514
18.035	-0.03167
18.04	-0.02785
18.045	-0.02376
18.05	-0.01946
18.055	-0.01506
18.06	-0.01057
18.065	-0.00608
18.07	-0.00154
18.075	0.00314
18.08	0.00804
18.085	0.01312
18.09	0.01820
18.095	0.02306
18.1	0.02757
18.105	0.03164
18.11	0.03525
18.115	0.03835
18.12	0.04097
18.125	0.04316
18.13	0.04500
18.135	0.04652
18.14	0.04777
18.145	0.04878
18.15	0.04957
18.155	0.05018
18.16	0.05063
18.165	0.05095
18.17	0.05112
18.175	0.05115
18.18	0.05105
18.185	0.05088
18.19	0.05065
18.195	0.05035
18.2	0.04991
18.205	0.04926
18.21	0.04836
18.215	0.04720
18.22	0.04581
18.225	0.04423
18.23	0.04246
18.235	0.04053
18.24	0.03842
18.245	0.03616
18.25	0.03374
18.255	0.03115
18.26	0.02841
18.265	0.02555
18.27	0.02255
18.275	0.01946
18.28	0.01632
18.285	0.01315
18.29	0.00999
18.295	0.00689
18.3	0.00390
18.305	0.00101
18.31	-0.00171
18.315	-0.00423
18.32	-0.00649
18.325	-0.00848
18.33	-0.01020
18.335	-0.01160
18.34	-0.01267
18.345	-0.01342
18.35	-0.01385
18.355	-0.01399
18.36	-0.01381
18.365	-0.01333
18.37	-0.01257
18.375	-0.01155
18.38	-0.01031
18.385	-0.00885
18.39	-0.00715
18.395	-0.00521
18.4	-0.00300
18.405	-0.00049
18.41	0.00234
18.415	0.00551
18.42	0.00901
18.425	0.01282
18.43	0.01693
18.435	0.02129
18.44	0.02584
18.445	0.03049
18.45	0.03512
18.455	0.03957
18.46	0.04377
18.465	0.04767
18.47	0.05135
18.475	0.05485
18.48	0.05824
18.485	0.06151
18.49	0.06468
18.495	0.06773
18.5	0.07061
18.505	0.07328
18.51	0.07570
18.515	0.07784
18.52	0.07965
18.525	0.08112
18.53	0.08224
18.535	0.08300
18.54	0.08337
18.545	0.08339
18.55	0.08311
18.555	0.08254
18.56	0.08174
18.565	0.08078
18.57	0.07977
18.575	0.07880
18.58	0.07799
18.585	0.07738
18.59	0.07683
18.595	0.07622
18.6	0.07549
18.605	0.07462
18.61	0.07362
18.615	0.07246
18.62	0.07112
18.625	0.06959
18.63	0.06786
18.635	0.06592
18.64	0.06378
18.645	0.06149
18.65	0.05903
18.655	0.05638
18.66	0.05353
18.665	0.05046
18.67	0.04716
18.675	0.04365
18.68	0.03996
18.685	0.03605
18.69	0.03191
18.695	0.02754
18.7	0.02296
18.705	0.01822
18.71	0.01333
18.715	0.00834
18.72	0.00332
18.725	-0.00169
18.73	-0.00666
18.735	-0.01153
18.74	-0.01628
18.745	-0.02086
18.75	-0.02518
18.755	-0.02923
18.76	-0.03293
18.765	-0.03624
18.77	-0.03915
18.775	-0.04167
18.78	-0.04381
18.785	-0.04559
18.79	-0.04707
18.795	-0.04825
18.8	-0.04914
18.805	-0.04976
18.81	-0.05015
18.815	-0.05029
18.82	-0.05019
18.825	-0.04987
18.83	-0.04932
18.835	-0.04858
18.84	-0.04765
18.845	-0.04656
18.85	-0.04537
18.855	-0.04413
18.86	-0.04293
18.865	-0.04176
18.87	-0.04068
18.875	-0.03970
18.88	-0.03880
18.885	-0.03795
18.89	-0.03711
18.895	-0.03624
18.9	-0.03527
18.905	-0.03423
18.91	-0.03307
18.915	-0.03176
18.92	-0.03029
18.925	-0.02868
18.93	-0.02693
18.935	-0.02511
18.94	-0.02329
18.945	-0.02157
18.95	-0.02012
18.955	-0.01907
18.96	-0.01849
18.965	-0.01838
18.97	-0.01859
18.975	-0.01909
18.98	-0.01976
18.985	-0.02058
18.99	-0.02147
18.995	-0.02243
19	-0.02343
19.005	-0.02442
19.01	-0.02538
19.015	-0.02630
19.02	-0.02712
19.025	-0.02785
19.03	-0.02847
19.035	-0.02898
19.04	-0.02938
19.045	-0.02968
19.05	-0.02989
19.055	-0.03001
19.06	-0.03002
19.065	-0.02991
19.07	-0.02963
19.075	-0.02911
19.08	-0.02830
19.085	-0.02729
19.09	-0.02621
19.095	-0.02520
19.1	-0.02433
19.105	-0.02363
19.11	-0.02306
19.115	-0.02258
19.12	-0.02215
19.125	-0.02173
19.13	-0.02131
19.135	-0.02087
19.14	-0.02039
19.145	-0.01983
19.15	-0.01924
19.155	-0.01866
19.16	-0.01811
19.165	-0.01761
19.17	-0.01713
19.175	-0.01670
19.18	-0.01627
19.185	-0.01582
19.19	-0.01533
19.195	-0.01480
19.2	-0.01422
19.205	-0.01357
19.21	-0.01285
19.215	-0.01207
19.22	-0.01124
19.225	-0.01034
19.23	-0.00940
19.235	-0.00841
19.24	-0.00736
19.245	-0.00627
19.25	-0.00513
19.255	-0.00395
19.26	-0.00275
19.265	-0.00156
19.27	-0.00039
19.275	0.00075
19.28	0.00188
19.285	0.00294
19.29	0.00391
19.295	0.00475
19.3	0.00546
19.305	0.00601
19.31	0.00641
19.315	0.00665
19.32	0.00671
19.325	0.00657
19.33	0.00620
19.335	0.00561
19.34	0.00479
19.345	0.00378
19.35	0.00259
19.355	0.00120
19.36	-0.00036
19.365	-0.00202
19.37	-0.00372
19.375	-0.00542
19.38	-0.00707
19.385	-0.00864
19.39	-0.01009
19.395	-0.01140
19.4	-0.01255
19.405	-0.01350
19.41	-0.01420
19.415	-0.01458
19.42	-0.01466
19.425	-0.01440
19.43	-0.01384
19.435	-0.01300
19.44	-0.01194
19.445	-0.01077
19.45	-0.00958
19.455	-0.00851
19.46	-0.00764
19.465	-0.00696
19.47	-0.00644
19.475	-0.00601
19.48	-0.00563
19.485	-0.00523
19.49	-0.00481
19.495	-0.00434
19.5	-0.00389
19.505	-0.00350
19.51	-0.00321
19.515	-0.00308
19.52	-0.00314
19.525	-0.00332
19.53	-0.00358
19.535	-0.00386
19.54	-0.00414
19.545	-0.00436
19.55	-0.00446
19.555	-0.00437
19.56	-0.00403
19.565	-0.00335
19.57	-0.00225
19.575	-0.00065
19.58	0.00150
19.585	0.00415
19.59	0.00714
19.595	0.01030
19.6	0.01350
19.605	0.01665
19.61	0.01966
19.615	0.02246
19.62	0.02502
19.625	0.02730
19.63	0.02928
19.635	0.03098
19.64	0.03237
19.645	0.03347
19.65	0.03427
19.655	0.03479
19.66	0.03505
19.665	0.03506
19.67	0.03484
19.675	0.03441
19.68	0.03377
19.685	0.03289
19.69	0.03179
19.695	0.03047
19.7	0.02891
19.705	0.02711
19.71	0.02505
19.715	0.02278
19.72	0.02036
19.725	0.01780
19.73	0.01513
19.735	0.01240
19.74	0.00964
19.745	0.00687
19.75	0.00412
19.755	0.00142
19.76	-0.00122
19.765	-0.00376
19.77	-0.00624
19.775	-0.00864
19.78	-0.01088
19.785	-0.01298
19.79	-0.01493
19.795	-0.01672
19.8	-0.01834
19.805	-0.01982
19.81	-0.02119
19.815	-0.02244
19.82	-0.02358
19.825	-0.02459
19.83	-0.02548
19.835	-0.02624
19.84	-0.02682
19.845	-0.02725
19.85	-0.02757
19.855	-0.02779
19.86	-0.02794
19.865	-0.02802
19.87	-0.02807
19.875	-0.02808
19.88	-0.02807
19.885	-0.02801
19.89	-0.02792
19.895	-0.02775
19.9	-0.02749
19.905	-0.02717
19.91	-0.02682
19.915	-0.02641
19.92	-0.02591
19.925	-0.02523
19.93	-0.02438
19.935	-0.02335
19.94	-0.02219
19.945	-0.02094
19.95	-0.01970
19.955	-0.01859
19.96	-0.01769
19.965	-0.01693
19.97	-0.01626
19.975	-0.01562
19.98	-0.01498
19.985	-0.01430
19.99	-0.01359
19.995	-0.01281
20	-0.01197
20.005	-0.01107
20.01	-0.01013
20.015	-0.00910
20.02	-0.00798
20.025	-0.00678
20.03	-0.00551
20.035	-0.00419
20.04	-0.00285
20.045	-0.00150
20.05	-0.00017
20.055	0.00115
20.06	0.00251
20.065	0.00397
20.07	0.00561
20.075	0.00756
20.08	0.00990
20.085	0.01260
20.09	0.01547
20.095	0.01839
20.1	0.02125
20.105	0.02398
20.11	0.02655
20.115	0.02892
20.12	0.03108
20.125	0.03303
20.13	0.03479
20.135	0.03637
20.14	0.03777
20.145	0.03900
20.15	0.04008
20.155	0.04098
20.16	0.04173
20.165	0.04233
20.17	0.04281
20.175	0.04314
20.18	0.04334
20.185	0.04341
20.19	0.04336
20.195	0.04323
20.2	0.04302
20.205	0.04275
20.21	0.04241
20.215	0.04202
20.22	0.04156
20.225	0.04108
20.23	0.04053
20.235	0.03993
20.24	0.03926
20.245	0.03857
20.25	0.03792
20.255	0.03730
20.26	0.03670
20.265	0.03614
20.27	0.03566
20.275	0.03524
20.28	0.03485
20.285	0.03444
20.29	0.03397
20.295	0.03344
20.3	0.03280
20.305	0.03201
20.31	0.03101
20.315	0.02980
20.32	0.02836
20.325	0.02667
20.33	0.02468
20.335	0.02239
20.34	0.01979
20.345	0.01693
20.35	0.01379
20.355	0.01045
20.36	0.00695
20.365	0.00333
20.37	-0.00042
20.375	-0.00430
20.38	-0.00832
20.385	-0.01244
20.39	-0.01664
20.395	-0.02086
20.4	-0.02504
20.405	-0.02912
20.41	-0.03306
20.415	-0.03682
20.42	-0.04034
20.425	-0.04358
20.43	-0.04651
20.435	-0.04912
20.44	-0.05146
20.445	-0.05355
20.45	-0.05548
20.455	-0.05734
20.46	-0.05917
20.465	-0.06091
20.47	-0.06246
20.475	-0.06368
20.48	-0.06455
20.485	-0.06505
20.49	-0.06517
20.495	-0.06488
20.5	-0.06422
20.505	-0.06323
20.51	-0.06200
20.515	-0.06057
20.52	-0.05901
20.525	-0.05741
20.53	-0.05581
20.535	-0.05430
20.54	-0.05291
20.545	-0.05163
20.55	-0.05046
20.555	-0.04938
20.56	-0.04835
20.565	-0.04729
20.57	-0.04614
20.575	-0.04479
20.58	-0.04316
20.585	-0.04126
20.59	-0.03924
20.595	-0.03717
20.6	-0.03510
20.605	-0.03308
20.61	-0.03113
20.615	-0.02924
20.62	-0.02738
20.625	-0.02553
20.63	-0.02367
20.635	-0.02177
20.64	-0.01980
20.645	-0.01774
20.65	-0.01557
20.655	-0.01333
20.66	-0.01104
20.665	-0.00872
20.67	-0.00641
20.675	-0.00410
20.68	-0.00184
20.685	0.00032
20.69	0.00239
20.695	0.00433
20.7	0.00616
20.705	0.00788
20.71	0.00955
20.715	0.01118
20.72	0.01280
20.725	0.01440
20.73	0.01602
20.735	0.01767
20.74	0.01940
20.745	0.02120
20.75	0.02304
20.755	0.02492
20.76	0.02685
20.765	0.02882
20.77	0.03078
20.775	0.03270
20.78	0.03454
20.785	0.03630
20.79	0.03790
20.795	0.03932
20.8	0.04056
20.805	0.04163
20.81	0.04251
20.815	0.04319
20.82	0.04363
20.825	0.04384
20.83	0.04380
20.835	0.04353
20.84	0.04301
20.845	0.04222
20.85	0.04120
20.855	0.04000
20.86	0.03862
20.865	0.03707
20.87	0.03535
20.875	0.03351
20.88	0.03157
20.885	0.02955
20.89	0.02749
20.895	0.02542
20.9	0.02341
20.905	0.02155
20.91	0.01990
20.915	0.01854
20.92	0.01748
20.925	0.01673
20.93	0.01628
20.935	0.01612
20.94	0.01626
20.945	0.01665
20.95	0.01717
20.955	0.01774
20.96	0.01831
20.965	0.01896
20.97	0.01975
20.975	0.02074
20.98	0.02194
20.985	0.02331
20.99	0.02478
20.995	0.02628
21	0.02776
21.005	0.02921
21.01	0.03062
21.015	0.03195
21.02	0.03320
21.025	0.03437
21.03	0.03547
21.035	0.03649
21.04	0.03737
21.045	0.03808
21.05	0.03865
21.055	0.03913
21.06	0.03957
21.065	0.04002
21.07	0.04052
21.075	0.04115
21.08	0.04194
21.085	0.04278
21.09	0.04350
21.095	0.04395
21.1	0.04406
21.105	0.04378
21.11	0.04309
21.115	0.04197
21.12	0.04043
21.125	0.03850
21.13	0.03620
21.135	0.03358
21.14	0.03069
21.145	0.02758
21.15	0.02433
21.155	0.02096
21.16	0.01750
21.165	0.01397
21.17	0.01042
21.175	0.00689
21.18	0.00345
21.185	0.00015
21.19	-0.00298
21.195	-0.00589
21.2	-0.00853
21.205	-0.01088
21.21	-0.01294
21.215	-0.01474
21.22	-0.01635
21.225	-0.01782
21.23	-0.01919
21.235	-0.02048
21.24	-0.02173
21.245	-0.02297
21.25	-0.02419
21.255	-0.02542
21.26	-0.02665
21.265	-0.02791
21.27	-0.02925
21.275	-0.03063
21.28	-0.03208
21.285	-0.03360
21.29	-0.03520
21.295	-0.03690
21.3	-0.03863
21.305	-0.04039
21.31	-0.04212
21.315	-0.04378
21.32	-0.04536
21.325	-0.04679
21.33	-0.04810
21.335	-0.04927
21.34	-0.05029
21.345	-0.05115
21.35	-0.05181
21.355	-0.05228
21.36	-0.05256
21.365	-0.05268
21.37	-0.05264
21.375	-0.05243
21.38	-0.05205
21.385	-0.05151
21.39	-0.05079
21.395	-0.04992
21.4	-0.04887
21.405	-0.04765
21.41	-0.04627
21.415	-0.04474
21.42	-0.04302
21.425	-0.04113
21.43	-0.03907
21.435	-0.03685
21.44	-0.03451
21.445	-0.03215
21.45	-0.02990
21.455	-0.02789
21.46	-0.02620
21.465	-0.02477
21.47	-0.02352
21.475	-0.02235
21.48	-0.02122
21.485	-0.02011
21.49	-0.01906
21.495	-0.01808
21.5	-0.01717
21.505	-0.01636
21.51	-0.01563
21.515	-0.01500
21.52	-0.01446
21.525	-0.01404
21.53	-0.01373
21.535	-0.01351
21.54	-0.01340
21.545	-0.01342
21.55	-0.01353
21.555	-0.01373
21.56	-0.01397
21.565	-0.01425
21.57	-0.01448
21.575	-0.01456
21.58	-0.01442
21.585	-0.01408
21.59	-0.01366
21.595	-0.01326
21.6	-0.01297
21.605	-0.01279
21.61	-0.01275
21.615	-0.01284
21.62	-0.01303
21.625	-0.01330
21.63	-0.01357
21.635	-0.01378
21.64	-0.01389
21.645	-0.01386
21.65	-0.01366
21.655	-0.01329
21.66	-0.01277
21.665	-0.01213
21.67	-0.01132
21.675	-0.01037
21.68	-0.00931
21.685	-0.00819
21.69	-0.00701
21.695	-0.00583
21.7	-0.00467
21.705	-0.00356
21.71	-0.00255
21.715	-0.00168
21.72	-0.00092
21.725	-0.00033
21.73	0.00005
21.735	0.00023
21.74	0.00021
21.745	0.00001
21.75	-0.00034
21.755	-0.00082
21.76	-0.00142
21.765	-0.00211
21.77	-0.00288
21.775	-0.00373
21.78	-0.00463
21.785	-0.00559
21.79	-0.00661
21.795	-0.00766
21.8	-0.00875
21.805	-0.00984
21.81	-0.01090
21.815	-0.01194
21.82	-0.01298
21.825	-0.01400
21.83	-0.01500
21.835	-0.01600
21.84	-0.01701
21.845	-0.01806
21.85	-0.01909
21.855	-0.02011
21.86	-0.02114
21.865	-0.02215
21.87	-0.02312
21.875	-0.02400
21.88	-0.02482
21.885	-0.02559
21.89	-0.02630
21.895	-0.02695
21.9	-0.02757
21.905	-0.02814
21.91	-0.02868
21.915	-0.02914
21.92	-0.02951
21.925	-0.02976
21.93	-0.02987
21.935	-0.02983
21.94	-0.02963
21.945	-0.02933
21.95	-0.02908
21.955	-0.02899
21.96	-0.02918
21.965	-0.02966
21.97	-0.03035
21.975	-0.03117
21.98	-0.03201
21.985	-0.03279
21.99	-0.03350
21.995	-0.03408
22	-0.03453
22.005	-0.03482
22.01	-0.03499
22.015	-0.03508
22.02	-0.03517
22.025	-0.03530
22.03	-0.03552
22.035	-0.03587
22.04	-0.03638
22.045	-0.03707
22.05	-0.03784
22.055	-0.03868
22.06	-0.03956
22.065	-0.04039
22.07	-0.04113
22.075	-0.04164
22.08	-0.04186
22.085	-0.04175
22.09	-0.04140
22.095	-0.04093
22.1	-0.04040
22.105	-0.03981
22.11	-0.03907
22.115	-0.03812
22.12	-0.03693
22.125	-0.03550
22.13	-0.03386
22.135	-0.03205
22.14	-0.03009
22.145	-0.02800
22.15	-0.02574
22.155	-0.02331
22.16	-0.02070
22.165	-0.01793
22.17	-0.01501
22.175	-0.01198
22.18	-0.00886
22.185	-0.00570
22.19	-0.00252
22.195	0.00066
22.2	0.00386
22.205	0.00704
22.21	0.01019
22.215	0.01327
22.22	0.01627
22.225	0.01919
22.23	0.02195
22.235	0.02454
22.24	0.02693
22.245	0.02912
22.25	0.03111
22.255	0.03291
22.26	0.03455
22.265	0.03604
22.27	0.03741
22.275	0.03866
22.28	0.03976
22.285	0.04070
22.29	0.04144
22.295	0.04199
22.3	0.04233
22.305	0.04250
22.31	0.04253
22.315	0.04240
22.32	0.04217
22.325	0.04185
22.33	0.04148
22.335	0.04109
22.34	0.04066
22.345	0.04020
22.35	0.03967
22.355	0.03903
22.36	0.03831
22.365	0.03747
22.37	0.03650
22.375	0.03540
22.38	0.03415
22.385	0.03274
22.39	0.03114
22.395	0.02935
22.4	0.02734
22.405	0.02509
22.41	0.02264
22.415	0.01999
22.42	0.01719
22.425	0.01424
22.43	0.01121
22.435	0.00814
22.44	0.00506
22.445	0.00197
22.45	-0.00115
22.455	-0.00437
22.46	-0.00768
22.465	-0.01104
22.47	-0.01436
22.475	-0.01758
22.48	-0.02065
22.485	-0.02352
22.49	-0.02619
22.495	-0.02866
22.5	-0.03095
22.505	-0.03307
22.51	-0.03500
22.515	-0.03672
22.52	-0.03820
22.525	-0.03947
22.53	-0.04054
22.535	-0.04146
22.54	-0.04226
22.545	-0.04302
22.55	-0.04372
22.555	-0.04439
22.56	-0.04498
22.565	-0.04550
22.57	-0.04589
22.575	-0.04612
22.58	-0.04612
22.585	-0.04592
22.59	-0.04561
22.595	-0.04539
22.6	-0.04532
22.605	-0.04541
22.61	-0.04566
22.615	-0.04602
22.62	-0.04644
22.625	-0.04682
22.63	-0.04717
22.635	-0.04745
22.64	-0.04764
22.645	-0.04775
22.65	-0.04782
22.655	-0.04787
22.66	-0.04792
22.665	-0.04798
22.67	-0.04804
22.675	-0.04812
22.68	-0.04819
22.685	-0.04826
22.69	-0.04832
22.695	-0.04835
22.7	-0.04842
22.705	-0.04849
22.71	-0.04861
22.715	-0.04874
22.72	-0.04885
22.725	-0.04892
22.73	-0.04895
22.735	-0.04897
22.74	-0.04897
22.745	-0.04895
22.75	-0.04890
22.755	-0.04879
22.76	-0.04862
22.765	-0.04845
22.77	-0.04829
22.775	-0.04815
22.78	-0.04805
22.785	-0.04797
22.79	-0.04793
22.795	-0.04792
22.8	-0.04792
22.805	-0.04795
22.81	-0.04805
22.815	-0.04822
22.82	-0.04845
22.825	-0.04872
22.83	-0.04902
22.835	-0.04932
22.84	-0.04967
22.845	-0.05007
22.85	-0.05052
22.855	-0.05102
22.86	-0.05153
22.865	-0.05205
22.87	-0.05257
22.875	-0.05310
22.88	-0.05361
22.885	-0.05413
22.89	-0.05461
22.895	-0.05508
22.9	-0.05551
22.905	-0.05589
22.91	-0.05621
22.915	-0.05644
22.92	-0.05653
22.925	-0.05649
22.93	-0.05629
22.935	-0.05591
22.94	-0.05541
22.945	-0.05486
22.95	-0.05435
22.955	-0.05401
22.96	-0.05388
22.965	-0.05396
22.97	-0.05419
22.975	-0.05448
22.98	-0.05472
22.985	-0.05485
22.99	-0.05485
22.995	-0.05471
23	-0.05446
23.005	-0.05414
23.01	-0.05376
23.015	-0.05336
23.02	-0.05292
23.025	-0.05243
23.03	-0.05188
23.035	-0.05124
23.04	-0.05054
23.045	-0.04979
23.05	-0.04896
23.055	-0.04808
23.06	-0.04711
23.065	-0.04601
23.07	-0.04468
23.075	-0.04299
23.08	-0.04086
23.085	-0.03831
23.09	-0.03547
23.095	-0.03251
23.1	-0.02950
23.105	-0.02648
23.11	-0.02345
23.115	-0.02045
23.12	-0.01744
23.125	-0.01442
23.13	-0.01137
23.135	-0.00827
23.14	-0.00513
23.145	-0.00192
23.15	0.00129
23.155	0.00449
23.16	0.00768
23.165	0.01084
23.17	0.01394
23.175	0.01696
23.18	0.01989
23.185	0.02270
23.19	0.02539
23.195	0.02795
23.2	0.03035
23.205	0.03257
23.21	0.03465
23.215	0.03657
23.22	0.03837
23.225	0.04003
23.23	0.04157
23.235	0.04301
23.24	0.04432
23.245	0.04549
23.25	0.04646
23.255	0.04722
23.26	0.04779
23.265	0.04815
23.27	0.04830
23.275	0.04825
23.28	0.04804
23.285	0.04769
23.29	0.04726
23.295	0.04679
23.3	0.04632
23.305	0.04589
23.31	0.04549
23.315	0.04516
23.32	0.04490
23.325	0.04469
23.33	0.04451
23.335	0.04434
23.34	0.04423
23.345	0.04414
23.35	0.04409
23.355	0.04406
23.36	0.04403
23.365	0.04401
23.37	0.04396
23.375	0.04389
23.38	0.04377
23.385	0.04361
23.39	0.04338
23.395	0.04309
23.4	0.04274
23.405	0.04235
23.41	0.04192
23.415	0.04146
23.42	0.04096
23.425	0.04043
23.43	0.03987
23.435	0.03928
23.44	0.03868
23.445	0.03803
23.45	0.03725
23.455	0.03625
23.46	0.03500
23.465	0.03351
23.47	0.03188
23.475	0.03026
23.48	0.02871
23.485	0.02729
23.49	0.02599
23.495	0.02482
23.5	0.02379
23.505	0.02289
23.51	0.02213
23.515	0.02152
23.52	0.02105
23.525	0.02071
23.53	0.02050
23.535	0.02036
23.54	0.02022
23.545	0.02010
23.55	0.02000
23.555	0.01995
23.56	0.01997
23.565	0.02015
23.57	0.02057
23.575	0.02137
23.58	0.02261
23.585	0.02425
23.59	0.02615
23.595	0.02822
23.6	0.03040
23.605	0.03264
23.61	0.03489
23.615	0.03714
23.62	0.03935
23.625	0.04150
23.63	0.04356
23.635	0.04550
23.64	0.04733
23.645	0.04903
23.65	0.05060
23.655	0.05205
23.66	0.05340
23.665	0.05469
23.67	0.05590
23.675	0.05702
23.68	0.05808
23.685	0.05909
23.69	0.06007
23.695	0.06100
23.7	0.06189
23.705	0.06270
23.71	0.06343
23.715	0.06406
23.72	0.06455
23.725	0.06489
23.73	0.06504
23.735	0.06502
23.74	0.06477
23.745	0.06433
23.75	0.06365
23.755	0.06274
23.76	0.06160
23.765	0.06025
23.77	0.05870
23.775	0.05694
23.78	0.05504
23.785	0.05299
23.79	0.05087
23.795	0.04869
23.8	0.04648
23.805	0.04423
23.81	0.04193
23.815	0.03962
23.82	0.03728
23.825	0.03492
23.83	0.03257
23.835	0.03019
23.84	0.02781
23.845	0.02545
23.85	0.02309
23.855	0.02079
23.86	0.01849
23.865	0.01617
23.87	0.01382
23.875	0.01139
23.88	0.00888
23.885	0.00627
23.89	0.00351
23.895	0.00064
23.9	-0.00231
23.905	-0.00530
23.91	-0.00831
23.915	-0.01132
23.92	-0.01434
23.925	-0.01732
23.93	-0.02023
23.935	-0.02309
23.94	-0.02592
23.945	-0.02881
23.95	-0.03181
23.955	-0.03497
23.96	-0.03837
23.965	-0.04201
23.97	-0.04577
23.975	-0.04949
23.98	-0.05308
23.985	-0.05648
23.99	-0.05966
23.995	-0.06266
24	-0.06549
24.005	-0.06816
24.01	-0.07074
24.015	-0.07322
24.02	-0.07564
24.025	-0.07798
24.03	-0.08022
24.035	-0.08234
24.04	-0.08432
24.045	-0.08614
24.05	-0.08777
24.055	-0.08918
24.06	-0.09032
24.065	-0.09115
24.07	-0.09165
24.075	-0.09175
24.08	-0.09140
24.085	-0.09063
24.09	-0.08960
24.095	-0.08842
24.1	-0.08714
24.105	-0.08579
24.11	-0.08436
24.115	-0.08290
24.12	-0.08138
24.125	-0.07979
24.13	-0.07814
24.135	-0.07643
24.14	-0.07466
24.145	-0.07284
24.15	-0.07095
24.155	-0.06899
24.16	-0.06697
24.165	-0.06487
24.17	-0.06267
24.175	-0.06036
24.18	-0.05797
24.185	-0.05548
24.19	-0.05291
24.195	-0.05028
24.2	-0.04756
24.205	-0.04476
24.21	-0.04186
24.215	-0.03883
24.22	-0.03568
24.225	-0.03241
24.23	-0.02905
24.235	-0.02562
24.24	-0.02212
24.245	-0.01859
24.25	-0.01502
24.255	-0.01149
24.26	-0.00801
24.265	-0.00462
24.27	-0.00131
24.275	0.00191
24.28	0.00505
24.285	0.00809
24.29	0.01102
24.295	0.01383
24.3	0.01657
24.305	0.01926
24.31	0.02192
24.315	0.02458
24.32	0.02721
24.325	0.02981
24.33	0.03237
24.335	0.03490
24.34	0.03736
24.345	0.03977
24.35	0.04218
24.355	0.04459
24.36	0.04699
24.365	0.04940
24.37	0.05179
24.375	0.05415
24.38	0.05644
24.385	0.05867
24.39	0.06084
24.395	0.06295
24.4	0.06499
24.405	0.06700
24.41	0.06903
24.415	0.07112
24.42	0.07332
24.425	0.07560
24.43	0.07798
24.435	0.08046
24.44	0.08298
24.445	0.08545
24.45	0.08776
24.455	0.08982
24.46	0.09160
24.465	0.09317
24.47	0.09460
24.475	0.09600
24.48	0.09741
24.485	0.09887
24.49	0.10036
24.495	0.10187
24.5	0.10337
24.505	0.10483
24.51	0.10621
24.515	0.10753
24.52	0.10875
24.525	0.10986
24.53	0.11084
24.535	0.11167
24.54	0.11234
24.545	0.11285
24.55	0.11319
24.555	0.11337
24.56	0.11340
24.565	0.11340
24.57	0.11337
24.575	0.11340
24.58	0.11354
24.585	0.11376
24.59	0.11390
24.595	0.11386
24.6	0.11354
24.605	0.11291
24.61	0.11195
24.615	0.11069
24.62	0.10909
24.625	0.10717
24.63	0.10498
24.635	0.10254
24.64	0.09987
24.645	0.09702
24.65	0.09402
24.655	0.09089
24.66	0.08766
24.665	0.08437
24.67	0.08105
24.675	0.07774
24.68	0.07444
24.685	0.07116
24.69	0.06795
24.695	0.06487
24.7	0.06194
24.705	0.05917
24.71	0.05658
24.715	0.05419
24.72	0.05202
24.725	0.05006
24.73	0.04829
24.735	0.04669
24.74	0.04518
24.745	0.04372
24.75	0.04227
24.755	0.04080
24.76	0.03927
24.765	0.03765
24.77	0.03594
24.775	0.03413
24.78	0.03217
24.785	0.03009
24.79	0.02792
24.795	0.02567
24.8	0.02336
24.805	0.02101
24.81	0.01867
24.815	0.01636
24.82	0.01408
24.825	0.01185
24.83	0.00969
24.835	0.00764
24.84	0.00571
24.845	0.00391
24.85	0.00225
24.855	0.00074
24.86	-0.00060
24.865	-0.00178
24.87	-0.00275
24.875	-0.00351
24.88	-0.00405
24.885	-0.00436
24.89	-0.00445
24.895	-0.00432
24.9	-0.00400
24.905	-0.00351
24.91	-0.00288
24.915	-0.00207
24.92	-0.00108
24.925	0.00008
24.93	0.00137
24.935	0.00276
24.94	0.00421
24.945	0.00569
24.95	0.00710
24.955	0.00834
24.96	0.00932
24.965	0.01006
24.97	0.01060
24.975	0.01104
24.98	0.01142
24.985	0.01180
24.99	0.01218
24.995	0.01257
25	0.01297
25.005	0.01335
25.01	0.01370
25.015	0.01398
25.02	0.01413
25.025	0.01416
25.03	0.01403
25.035	0.01374
25.04	0.01333
25.045	0.01277
25.05	0.01208
25.055	0.01126
25.06	0.01035
25.065	0.00938
25.07	0.00840
25.075	0.00749
25.08	0.00675
25.085	0.00620
25.09	0.00572
25.095	0.00518
25.1	0.00448
25.105	0.00362
25.11	0.00258
25.115	0.00136
25.12	0.00004
25.125	-0.00138
25.13	-0.00283
25.135	-0.00426
25.14	-0.00562
25.145	-0.00690
25.15	-0.00807
25.155	-0.00910
25.16	-0.00993
25.165	-0.01057
25.17	-0.01101
25.175	-0.01123
25.18	-0.01120
25.185	-0.01094
25.19	-0.01049
25.195	-0.00988
25.2	-0.00917
25.205	-0.00838
25.21	-0.00757
25.215	-0.00676
25.22	-0.00599
25.225	-0.00529
25.23	-0.00467
25.235	-0.00414
25.24	-0.00375
25.245	-0.00349
25.25	-0.00336
25.255	-0.00337
25.26	-0.00350
25.265	-0.00374
25.27	-0.00407
25.275	-0.00448
25.28	-0.00496
25.285	-0.00548
25.29	-0.00599
25.295	-0.00651
25.3	-0.00703
25.305	-0.00754
25.31	-0.00802
25.315	-0.00847
25.32	-0.00886
25.325	-0.00921
25.33	-0.00950
25.335	-0.00971
25.34	-0.00987
25.345	-0.01001
25.35	-0.01015
25.355	-0.01032
25.36	-0.01054
25.365	-0.01082
25.37	-0.01118
25.375	-0.01160
25.38	-0.01207
25.385	-0.01262
25.39	-0.01328
25.395	-0.01407
25.4	-0.01494
25.405	-0.01591
25.41	-0.01695
25.415	-0.01800
25.42	-0.01902
25.425	-0.01997
25.43	-0.02082
25.435	-0.02156
25.44	-0.02219
25.445	-0.02272
25.45	-0.02316
25.455	-0.02359
25.46	-0.02406
25.465	-0.02453
25.47	-0.02490
25.475	-0.02506
25.48	-0.02495
25.485	-0.02455
25.49	-0.02389
25.495	-0.02299
25.5	-0.02192
25.505	-0.02073
25.51	-0.01942
25.515	-0.01799
25.52	-0.01651
25.525	-0.01500
25.53	-0.01351
25.535	-0.01204
25.54	-0.01064
25.545	-0.00934
25.55	-0.00816
25.555	-0.00709
25.56	-0.00611
25.565	-0.00521
25.57	-0.00433
25.575	-0.00339
25.58	-0.00231
25.585	-0.00108
25.59	0.00022
25.595	0.00144
25.6	0.00251
25.605	0.00340
25.61	0.00411
25.615	0.00466
25.62	0.00507
25.625	0.00537
25.63	0.00561
25.635	0.00584
25.64	0.00606
25.645	0.00631
25.65	0.00663
25.655	0.00706
25.66	0.00760
25.665	0.00824
25.67	0.00897
25.675	0.00978
25.68	0.01066
25.685	0.01160
25.69	0.01262
25.695	0.01367
25.7	0.01473
25.705	0.01580
25.71	0.01688
25.715	0.01796
25.72	0.01904
25.725	0.02011
25.73	0.02115
25.735	0.02213
25.74	0.02305
25.745	0.02389
25.75	0.02462
25.755	0.02524
25.76	0.02578
25.765	0.02627
25.77	0.02676
25.775	0.02727
25.78	0.02779
25.785	0.02828
25.79	0.02874
25.795	0.02911
25.8	0.02945
25.805	0.02978
25.81	0.03010
25.815	0.03040
25.82	0.03063
25.825	0.03078
25.83	0.03088
25.835	0.03091
25.84	0.03085
25.845	0.03072
25.85	0.03049
25.855	0.03014
25.86	0.02967
25.865	0.02911
25.87	0.02847
25.875	0.02773
25.88	0.02691
25.885	0.02600
25.89	0.02503
25.895	0.02403
25.9	0.02300
25.905	0.02198
25.91	0.02099
25.915	0.02009
25.92	0.01929
25.925	0.01863
25.93	0.01812
25.935	0.01776
25.94	0.01755
25.945	0.01741
25.95	0.01727
25.955	0.01706
25.96	0.01669
25.965	0.01616
25.97	0.01554
25.975	0.01495
25.98	0.01443
25.985	0.01402
25.99	0.01373
25.995	0.01355
26	0.01347
26.005	0.01343
26.01	0.01343
26.015	0.01342
26.02	0.01335
26.025	0.01322
26.03	0.01303
26.035	0.01280
26.04	0.01250
26.045	0.01211
26.05	0.01163
26.055	0.01107
26.06	0.01047
26.065	0.00987
26.07	0.00935
26.075	0.00896
26.08	0.00874
26.085	0.00871
26.09	0.00877
26.095	0.00884
26.1	0.00883
26.105	0.00872
26.11	0.00849
26.115	0.00816
26.12	0.00775
26.125	0.00730
26.13	0.00681
26.135	0.00628
26.14	0.00574
26.145	0.00518
26.15	0.00461
26.155	0.00404
26.16	0.00345
26.165	0.00285
26.17	0.00225
26.175	0.00164
26.18	0.00102
26.185	0.00041
26.19	-0.00022
26.195	-0.00086
26.2	-0.00149
26.205	-0.00211
26.21	-0.00271
26.215	-0.00327
26.22	-0.00378
26.225	-0.00426
26.23	-0.00471
26.235	-0.00516
26.24	-0.00562
26.245	-0.00611
26.25	-0.00661
26.255	-0.00715
26.26	-0.00772
26.265	-0.00835
26.27	-0.00904
26.275	-0.00973
26.28	-0.01044
26.285	-0.01116
26.29	-0.01189
26.295	-0.01263
26.3	-0.01338
26.305	-0.01409
26.31	-0.01474
26.315	-0.01533
26.32	-0.01583
26.325	-0.01626
26.33	-0.01660
26.335	-0.01683
26.34	-0.01697
26.345	-0.01701
26.35	-0.01699
26.355	-0.01696
26.36	-0.01691
26.365	-0.01687
26.37	-0.01689
26.375	-0.01699
26.38	-0.01721
26.385	-0.01754
26.39	-0.01793
26.395	-0.01838
26.4	-0.01886
26.405	-0.01941
26.41	-0.02002
26.415	-0.02067
26.42	-0.02134
26.425	-0.02199
26.43	-0.02262
26.435	-0.02322
26.44	-0.02383
26.445	-0.02444
26.45	-0.02510
26.455	-0.02589
26.46	-0.02685
26.465	-0.02798
26.47	-0.02921
26.475	-0.03041
26.48	-0.03147
26.485	-0.03236
26.49	-0.03305
26.495	-0.03347
26.5	-0.03360
26.505	-0.03344
26.51	-0.03301
26.515	-0.03236
26.52	-0.03155
26.525	-0.03068
26.53	-0.02978
26.535	-0.02896
26.54	-0.02825
26.545	-0.02768
26.55	-0.02729
26.555	-0.02708
26.56	-0.02703
26.565	-0.02713
26.57	-0.02731
26.575	-0.02744
26.58	-0.02744
26.585	-0.02724
26.59	-0.02693
26.595	-0.02661
26.6	-0.02635
26.605	-0.02620
26.61	-0.02615
26.615	-0.02618
26.62	-0.02628
26.625	-0.02636
26.63	-0.02639
26.635	-0.02634
26.64	-0.02615
26.645	-0.02582
26.65	-0.02532
26.655	-0.02468
26.66	-0.02394
26.665	-0.02312
26.67	-0.02225
26.675	-0.02133
26.68	-0.02039
26.685	-0.01944
26.69	-0.01850
26.695	-0.01757
26.7	-0.01666
26.705	-0.01577
26.71	-0.01493
26.715	-0.01414
26.72	-0.01338
26.725	-0.01264
26.73	-0.01194
26.735	-0.01130
26.74	-0.01074
26.745	-0.01024
26.75	-0.00981
26.755	-0.00946
26.76	-0.00921
26.765	-0.00907
26.77	-0.00898
26.775	-0.00895
26.78	-0.00896
26.785	-0.00901
26.79	-0.00910
26.795	-0.00920
26.8	-0.00934
26.805	-0.00952
26.81	-0.00971
26.815	-0.00987
26.82	-0.00994
26.825	-0.00991
26.83	-0.00977
26.835	-0.00945
26.84	-0.00897
26.845	-0.00831
26.85	-0.00750
26.855	-0.00654
26.86	-0.00543
26.865	-0.00419
26.87	-0.00286
26.875	-0.00149
26.88	-0.00014
26.885	0.00118
26.89	0.00244
26.895	0.00361
26.9	0.00469
26.905	0.00567
26.91	0.00656
26.915	0.00736
26.92	0.00807
26.925	0.00872
26.93	0.00931
26.935	0.00985
26.94	0.01034
26.945	0.01070
26.95	0.01091
26.955	0.01090
26.96	0.01062
26.965	0.01005
26.97	0.00928
26.975	0.00841
26.98	0.00751
26.985	0.00664
26.99	0.00578
26.995	0.00493
27	0.00410
27.005	0.00329
27.01	0.00253
27.015	0.00187
27.02	0.00133
27.025	0.00092
27.03	0.00060
27.035	0.00037
27.04	0.00015
27.045	-0.00007
27.05	-0.00171
27.055	-0.00210
27.06	-0.00252
27.065	-0.00291
27.07	-0.00319
27.075	-0.00327
27.08	-0.00301
27.085	-0.00239
27.09	-0.00149
27.095	-0.00048
27.1	0.00052
27.105	0.00148
27.11	0.00238
27.115	0.00321
27.12	0.00398
27.125	0.00468
27.13	0.00536
27.135	0.00602
27.14	0.00669
27.145	0.00738
27.15	0.00811
27.155	0.00887
27.16	0.00961
27.165	0.01031
27.17	0.01096
27.175	0.01151
27.18	0.01197
27.185	0.01233
27.19	0.01257
27.195	0.01269
27.2	0.01270
27.205	0.01259
27.21	0.01237
27.215	0.01204
27.22	0.01165
27.225	0.01120
27.23	0.01069
27.235	0.01015
27.24	0.00963
27.245	0.00914
27.25	0.00867
27.255	0.00827
27.26	0.00795
27.265	0.00770
27.27	0.00748
27.275	0.00729
27.28	0.00710
27.285	0.00689
27.29	0.00667
27.295	0.00642
27.3	0.00618
27.305	0.00590
27.31	0.00560
27.315	0.00529
27.32	0.00494
27.325	0.00455
27.33	0.00411
27.335	0.00364
27.34	0.00313
27.345	0.00258
27.35	0.00200
27.355	0.00139
27.36	0.00075
27.365	0.00007
27.37	-0.00066
27.375	-0.00146
27.38	-0.00235
27.385	-0.00328
27.39	-0.00428
27.395	-0.00533
27.4	-0.00644
27.405	-0.00761
27.41	-0.00884
27.415	-0.01009
27.42	-0.01133
27.425	-0.01253
27.43	-0.01370
27.435	-0.01486
27.44	-0.01606
27.445	-0.01732
27.45	-0.01870
27.455	-0.02029
27.46	-0.02218
27.465	-0.02438
27.47	-0.02676
27.475	-0.02923
27.48	-0.03167
27.485	-0.03398
27.49	-0.03610
27.495	-0.03801
27.5	-0.03971
27.505	-0.04121
27.51	-0.04248
27.515	-0.04357
27.52	-0.04446
27.525	-0.04516
27.53	-0.04573
27.535	-0.04619
27.54	-0.04656
27.545	-0.04689
27.55	-0.04723
27.555	-0.04759
27.56	-0.04796
27.565	-0.04833
27.57	-0.04866
27.575	-0.04889
27.58	-0.04889
27.585	-0.04859
27.59	-0.04802
27.595	-0.04732
27.6	-0.04657
27.605	-0.04581
27.61	-0.04507
27.615	-0.04436
27.62	-0.04367
27.625	-0.04296
27.63	-0.04223
27.635	-0.04150
27.64	-0.04073
27.645	-0.03989
27.65	-0.03897
27.655	-0.03803
27.66	-0.03710
27.665	-0.03622
27.67	-0.03542
27.675	-0.03468
27.68	-0.03395
27.685	-0.03321
27.69	-0.03250
27.695	-0.03181
27.7	-0.03113
27.705	-0.03045
27.71	-0.02979
27.715	-0.02915
27.72	-0.02850
27.725	-0.02782
27.73	-0.02711
27.735	-0.02635
27.74	-0.02553
27.745	-0.02467
27.75	-0.02378
27.755	-0.02284
27.76	-0.02186
27.765	-0.02084
27.77	-0.01978
27.775	-0.01869
27.78	-0.01759
27.785	-0.01648
27.79	-0.01536
27.795	-0.01427
27.8	-0.01322
27.805	-0.01220
27.81	-0.01125
27.815	-0.01037
27.82	-0.00958
27.825	-0.00885
27.83	-0.00820
27.835	-0.00763
27.84	-0.00713
27.845	-0.00671
27.85	-0.00639
27.855	-0.00618
27.86	-0.00609
27.865	-0.00613
27.87	-0.00630
27.875	-0.00657
27.88	-0.00694
27.885	-0.00738
27.89	-0.00790
27.895	-0.00843
27.9	-0.00894
27.905	-0.00940
27.91	-0.00977
27.915	-0.01003
27.92	-0.01016
27.925	-0.01020
27.93	-0.01014
27.935	-0.01006
27.94	-0.00998
27.945	-0.00997
27.95	-0.01010
27.955	-0.01047
27.96	-0.01110
27.965	-0.01196
27.97	-0.01296
27.975	-0.01402
27.98	-0.01507
27.985	-0.01613
27.99	-0.01719
27.995	-0.01824
28	-0.01930
28.005	-0.02039
28.01	-0.02156
28.015	-0.02275
28.02	-0.02402
28.025	-0.02535
28.03	-0.02673
28.035	-0.02818
28.04	-0.02965
28.045	-0.03116
28.05	-0.03268
28.055	-0.03420
28.06	-0.03566
28.065	-0.03700
28.07	-0.03816
28.075	-0.03902
28.08	-0.03952
28.085	-0.03968
28.09	-0.03959
28.095	-0.03935
28.1	-0.03901
28.105	-0.03860
28.11	-0.03815
28.115	-0.03763
28.12	-0.03706
28.125	-0.03642
28.13	-0.03572
28.135	-0.03497
28.14	-0.03416
28.145	-0.03330
28.15	-0.03240
28.155	-0.03145
28.16	-0.03045
28.165	-0.02940
28.17	-0.02831
28.175	-0.02717
28.18	-0.02600
28.185	-0.02481
28.19	-0.02360
28.195	-0.02240
28.2	-0.02120
28.205	-0.01999
28.21	-0.01879
28.215	-0.01760
28.22	-0.01637
28.225	-0.01510
28.23	-0.01380
28.235	-0.01247
28.24	-0.01113
28.245	-0.00979
28.25	-0.00844
28.255	-0.00711
28.26	-0.00578
28.265	-0.00447
28.27	-0.00315
28.275	-0.00184
28.28	-0.00053
28.285	0.00078
28.29	0.00206
28.295	0.00331
28.3	0.00451
28.305	0.00564
28.31	0.00671
28.315	0.00774
28.32	0.00872
28.325	0.00966
28.33	0.01054
28.335	0.01135
28.34	0.01213
28.345	0.01285
28.35	0.01353
28.355	0.01416
28.36	0.01476
28.365	0.01533
28.37	0.01588
28.375	0.01640
28.38	0.01689
28.385	0.01736
28.39	0.01781
28.395	0.01825
28.4	0.01868
28.405	0.01907
28.41	0.01943
28.415	0.01977
28.42	0.02010
28.425	0.02041
28.43	0.02071
28.435	0.02099
28.44	0.02122
28.445	0.02139
28.45	0.02142
28.455	0.02132
28.46	0.02104
28.465	0.02063
28.47	0.02015
28.475	0.01965
28.48	0.01915
28.485	0.01866
28.49	0.01821
28.495	0.01776
28.5	0.01730
28.505	0.01683
28.51	0.01630
28.515	0.01575
28.52	0.01513
28.525	0.01443
28.53	0.01363
28.535	0.01270
28.54	0.01163
28.545	0.01038
28.55	0.00894
28.555	0.00734
28.56	0.00564
28.565	0.00391
28.57	0.00232
28.575	0.00098
28.58	-0.00007
28.585	-0.00094
28.59	-0.00173
28.595	-0.00249
28.6	-0.00322
28.605	-0.00396
28.61	-0.00471
28.615	-0.00547
28.62	-0.00624
28.625	-0.00701
28.63	-0.00776
28.635	-0.00847
28.64	-0.00913
28.645	-0.00973
28.65	-0.01025
28.655	-0.01070
28.66	-0.01103
28.665	-0.01125
28.67	-0.01138
28.675	-0.01140
28.68	-0.01132
28.685	-0.01115
28.69	-0.01089
28.695	-0.01056
28.7	-0.01019
28.705	-0.00977
28.71	-0.00930
28.715	-0.00881
28.72	-0.00831
28.725	-0.00781
28.73	-0.00731
28.735	-0.00681
28.74	-0.00631
28.745	-0.00582
28.75	-0.00534
28.755	-0.00488
28.76	-0.00442
28.765	-0.00398
28.77	-0.00355
28.775	-0.00311
28.78	-0.00267
28.785	-0.00222
28.79	-0.00175
28.795	-0.00128
28.8	-0.00078
28.805	-0.00028
28.81	0.00025
28.815	0.00079
28.82	0.00135
28.825	0.00191
28.83	0.00246
28.835	0.00302
28.84	0.00358
28.845	0.00415
28.85	0.00472
28.855	0.00528
28.86	0.00584
28.865	0.00641
28.87	0.00701
28.875	0.00761
28.88	0.00821
28.885	0.00879
28.89	0.00934
28.895	0.00983
28.9	0.01022
28.905	0.01052
28.91	0.01074
28.915	0.01091
28.92	0.01107
28.925	0.01120
28.93	0.01134
28.935	0.01147
28.94	0.01161
28.945	0.01176
28.95	0.01190
28.955	0.01204
28.96	0.01217
28.965	0.01228
28.97	0.01236
28.975	0.01241
28.98	0.01243
28.985	0.01240
28.99	0.01233
28.995	0.01222
29	0.01208
29.005	0.01193
29.01	0.01177
29.015	0.01163
29.02	0.01153
29.025	0.01144
29.03	0.01138
29.035	0.01130
29.04	0.01118
29.045	0.01104
29.05	0.01084
29.055	0.01063
29.06	0.01037
29.065	0.01010
29.07	0.00980
29.075	0.00950
29.08	0.00917
29.085	0.00884
29.09	0.00849
29.095	0.00814
29.1	0.00779
29.105	0.00744
29.11	0.00710
29.115	0.00675
29.12	0.00644
29.125	0.00614
29.13	0.00586
29.135	0.00561
29.14	0.00538
29.145	0.00519
29.15	0.00502
29.155	0.00488
29.16	0.00479
29.165	0.00473
29.17	0.00469
29.175	0.00469
29.18	0.00472
29.185	0.00478
29.19	0.00485
29.195	0.00495
29.2	0.00506
29.205	0.00519
29.21	0.00534
29.215	0.00550
29.22	0.00566
29.225	0.00584
29.23	0.00602
29.235	0.00621
29.24	0.00641
29.245	0.00661
29.25	0.00681
29.255	0.00701
29.26	0.00722
29.265	0.00742
29.27	0.00763
29.275	0.00782
29.28	0.00801
29.285	0.00821
29.29	0.00839
29.295	0.00857
29.3	0.00874
29.305	0.00891
29.31	0.00909
29.315	0.00924
29.32	0.00940
29.325	0.00956
29.33	0.00970
29.335	0.00983
29.34	0.00994
29.345	0.01005
29.35	0.01014
29.355	0.01021
29.36	0.01028
29.365	0.01035
29.37	0.01040
29.375	0.01045
29.38	0.01050
29.385	0.01054
29.39	0.01056
29.395	0.01057
29.4	0.01057
29.405	0.01056
29.41	0.01053
29.415	0.01050
29.42	0.01047
29.425	0.01044
29.43	0.01042
29.435	0.01039
29.44	0.01037
29.445	0.01035
29.45	0.01033
29.455	0.01030
29.46	0.01028
29.465	0.01027
29.47	0.01024
29.475	0.01021
29.48	0.01019
29.485	0.01016
29.49	0.01013
29.495	0.01009
29.5	0.01006
29.505	0.01001
29.51	0.00998
29.515	0.00994
29.52	0.00991
29.525	0.00988
29.53	0.00986
29.535	0.00982
29.54	0.00980
29.545	0.00975
29.55	0.00971
29.555	0.00967
29.56	0.00962
29.565	0.00957
29.57	0.00952
29.575	0.00945
29.58	0.00940
29.585	0.00934
29.59	0.00928
29.595	0.00922
29.6	0.00916
29.605	0.00910
29.61	0.00903
29.615	0.00897
29.62	0.0089
29.625	0.00883
29.63	0.00876
29.635	0.00869
29.64	0.00862
29.645	0.00854
29.65	0.00847
29.655	0.0084
29.66	0.00832
29.665	0.00824
29.67	0.00816
29.675	0.00807
29.68	0.008
29.685	0.00792
29.69	0.00784
29.695	0.00776
29.7	0.00767
29.705	0.00759
29.71	0.00751
29.715	0.00744
29.72	0.00735
29.725	0.00727
29.73	0.00719
29.735	0.00711
29.74	0.00703
29.745	0.00695
29.75	0.00687
29.755	0.00679
29.76	0.00671
29.765	0.00663
29.77	0.00655
29.775	0.00647
29.78	0.0064
29.785	0.00632
29.79	0.00624
29.795	0.00616
29.8	0.00608
29.805	0.006
29.81	0.00592
29.815	0.00585
29.82	0.00577
29.825	0.00569
29.83	0.00561
29.835	0.00553
29.84	0.00545
29.845	0.00538
29.85	0.0053
29.855	0.00523
29.86	0.00514
29.865	0.00507
29.87	0.00499
29.875	0.00491
29.88	0.00484
29.885	0.00476
29.89	0.00468
29.895	0.00461
29.9	0.00453
29.905	0.00445
29.91	0.00438
29.915	0.0043
29.92	0.00422
29.925	0.00414
29.93	0.00407
29.935	0.00398
29.94	0.00391
29.945	0.00384
29.95	0.00376
29.955	0.00368
29.96	0.00361
29.965	0.00353
29.97	0.00345
29.975	0.00338
29.98	0.0033
29.985	0.00322
29.99	0.00315
29.995	0.00307
30	0.00299
30.005	0.00291
30.01	0.00284
30.015	0.00276
30.02	0.00268
30.025	0.00261
30.03	0.00253