t(s)	a(g)
0	0.00066
0.005	0.00066
0.01	-0.00006
0.015	-0.00006
0.02	-0.00006
0.025	-0.00006
0.03	-0.00006
0.035	-0.00005
0.04	-0.00005
0.045	-0.00005
0.05	-0.00005
0.055	-0.00004
0.06	-0.00004
0.065	-0.00004
0.07	-0.00004
0.075	-0.00004
0.08	-0.00005
0.085	-0.00005
0.09	-0.00007
0.095	-0.00008
0.1	-0.00010
0.105	-0.00011
0.11	-0.00014
0.115	-0.00017
0.12	-0.00019
0.125	-0.00022
0.13	-0.00024
0.135	-0.00027
0.14	-0.00029
0.145	-0.00031
0.15	-0.00032
0.155	-0.00032
0.16	-0.00034
0.165	-0.00034
0.17	-0.00033
0.175	-0.00032
0.18	-0.00032
0.185	-0.00032
0.19	-0.00030
0.195	-0.00028
0.2	-0.00027
0.205	-0.00026
0.21	-0.00025
0.215	-0.00025
0.22	-0.00025
0.225	-0.00025
0.23	-0.00025
0.235	-0.00025
0.24	-0.00025
0.245	-0.00025
0.25	-0.00026
0.255	-0.00025
0.26	-0.00025
0.265	-0.00024
0.27	-0.00022
0.275	-0.00021
0.28	-0.00020
0.285	-0.00019
0.29	-0.00020
0.295	-0.00022
0.3	-0.00023
0.305	-0.00025
0.31	-0.00027
0.315	-0.00028
0.32	-0.00029
0.325	-0.00029
0.33	-0.00028
0.335	-0.00026
0.34	-0.00025
0.345	-0.00025
0.35	-0.00024
0.355	-0.00025
0.36	-0.00026
0.365	-0.00031
0.37	-0.00034
0.375	-0.00039
0.38	-0.00045
0.385	-0.00052
0.39	-0.00057
0.395	-0.00059
0.4	-0.00060
0.405	-0.00058
0.41	-0.00052
0.415	-0.00045
0.42	-0.00033
0.425	-0.00022
0.43	-0.00010
0.435	0.00001
0.44	0.00008
0.445	0.00013
0.45	0.00016
0.455	0.00016
0.46	0.00013
0.465	0.00009
0.47	0.00004
0.475	-0.00002
0.48	-0.00010
0.485	-0.00018
0.49	-0.00028
0.495	-0.00038
0.5	-0.00048
0.505	-0.00059
0.51	-0.00071
0.515	-0.00080
0.52	-0.00089
0.525	-0.00094
0.53	-0.00096
0.535	-0.00094
0.54	-0.00086
0.545	-0.00073
0.55	-0.00054
0.555	-0.00033
0.56	-0.00008
0.565	0.00017
0.57	0.00040
0.575	0.00061
0.58	0.00076
0.585	0.00084
0.59	0.00084
0.595	0.00077
0.6	0.00062
0.605	0.00041
0.61	0.00017
0.615	-0.00012
0.62	-0.00043
0.625	-0.00075
0.63	-0.00107
0.635	-0.00135
0.64	-0.00158
0.645	-0.00176
0.65	-0.00187
0.655	-0.00192
0.66	-0.00191
0.665	-0.00187
0.67	-0.00177
0.675	-0.00162
0.68	-0.00144
0.685	-0.00122
0.69	-0.00101
0.695	-0.00080
0.7	-0.00061
0.705	-0.00045
0.71	-0.00032
0.715	-0.00023
0.72	-0.00021
0.725	-0.00025
0.73	-0.00036
0.735	-0.00052
0.74	-0.00072
0.745	-0.00095
0.75	-0.00118
0.755	-0.00142
0.76	-0.00162
0.765	-0.00179
0.77	-0.00194
0.775	-0.00205
0.78	-0.00214
0.785	-0.00221
0.79	-0.00229
0.795	-0.00235
0.8	-0.00239
0.805	-0.00242
0.81	-0.00242
0.815	-0.00241
0.82	-0.00239
0.825	-0.00237
0.83	-0.00235
0.835	-0.00232
0.84	-0.00229
0.845	-0.00226
0.85	-0.00225
0.855	-0.00223
0.86	-0.00222
0.865	-0.00221
0.87	-0.00221
0.875	-0.00220
0.88	-0.00217
0.885	-0.00210
0.89	-0.00198
0.895	-0.00178
0.9	-0.00154
0.905	-0.00123
0.91	-0.00090
0.915	-0.00054
0.92	-0.00018
0.925	0.00016
0.93	0.00045
0.935	0.00066
0.94	0.00077
0.945	0.00080
0.95	0.00074
0.955	0.00063
0.96	0.00048
0.965	0.00032
0.97	0.00022
0.975	0.00016
0.98	0.00022
0.985	0.00039
0.99	0.00071
0.995	0.00118
1	0.00178
1.005	0.00251
1.01	0.00331
1.015	0.00416
1.02	0.00502
1.025	0.00584
1.03	0.00654
1.035	0.00710
1.04	0.00744
1.045	0.00757
1.05	0.00744
1.055	0.00703
1.06	0.00637
1.065	0.00550
1.07	0.00444
1.075	0.00329
1.08	0.00213
1.085	0.00100
1.09	-0.00007
1.095	-0.00102
1.1	-0.00185
1.105	-0.00253
1.11	-0.00308
1.115	-0.00346
1.12	-0.00371
1.125	-0.00383
1.13	-0.00385
1.135	-0.00379
1.14	-0.00365
1.145	-0.00341
1.15	-0.00307
1.155	-0.00262
1.16	-0.00209
1.165	-0.00149
1.17	-0.00086
1.175	-0.00025
1.18	0.00028
1.185	0.00069
1.19	0.00094
1.195	0.00101
1.2	0.00094
1.205	0.00073
1.21	0.00045
1.215	0.00012
1.22	-0.00019
1.225	-0.00045
1.23	-0.00061
1.235	-0.00062
1.24	-0.00046
1.245	-0.00015
1.25	0.00032
1.255	0.00089
1.26	0.00156
1.265	0.00223
1.27	0.00283
1.275	0.00324
1.28	0.00342
1.285	0.00331
1.29	0.00289
1.295	0.00214
1.3	0.00110
1.305	-0.00018
1.31	-0.00160
1.315	-0.00308
1.32	-0.00454
1.325	-0.00591
1.33	-0.00710
1.335	-0.00807
1.34	-0.00881
1.345	-0.00930
1.35	-0.00957
1.355	-0.00966
1.36	-0.00961
1.365	-0.00944
1.37	-0.00921
1.375	-0.00893
1.38	-0.00862
1.385	-0.00826
1.39	-0.00783
1.395	-0.00732
1.4	-0.00667
1.405	-0.00585
1.41	-0.00484
1.415	-0.00361
1.42	-0.00214
1.425	-0.00045
1.43	0.00141
1.435	0.00336
1.44	0.00529
1.445	0.00713
1.45	0.00876
1.455	0.01008
1.46	0.01100
1.465	0.01147
1.47	0.01147
1.475	0.01106
1.48	0.01029
1.485	0.00924
1.49	0.00801
1.495	0.00671
1.5	0.00550
1.505	0.00448
1.51	0.00371
1.515	0.00320
1.52	0.00296
1.525	0.00301
1.53	0.00331
1.535	0.00382
1.54	0.00448
1.545	0.00522
1.55	0.00589
1.555	0.00642
1.56	0.00677
1.565	0.00693
1.57	0.00689
1.575	0.00666
1.58	0.00630
1.585	0.00583
1.59	0.00528
1.595	0.00466
1.6	0.00398
1.605	0.00328
1.61	0.00260
1.615	0.00201
1.62	0.00155
1.625	0.00128
1.63	0.00124
1.635	0.00141
1.64	0.00176
1.645	0.00225
1.65	0.00281
1.655	0.00336
1.66	0.00386
1.665	0.00428
1.67	0.00461
1.675	0.00490
1.68	0.00516
1.685	0.00538
1.69	0.00561
1.695	0.00584
1.7	0.00606
1.705	0.00625
1.71	0.00634
1.715	0.00633
1.72	0.00614
1.725	0.00579
1.73	0.00523
1.735	0.00441
1.74	0.00339
1.745	0.00221
1.75	0.00100
1.755	-0.00021
1.76	-0.00129
1.765	-0.00217
1.77	-0.00273
1.775	-0.00291
1.78	-0.00269
1.785	-0.00209
1.79	-0.00115
1.795	0.00004
1.8	0.00139
1.805	0.00278
1.81	0.00407
1.815	0.00520
1.82	0.00608
1.825	0.00670
1.83	0.00707
1.835	0.00717
1.84	0.00706
1.845	0.00671
1.85	0.00619
1.855	0.00553
1.86	0.00476
1.865	0.00388
1.87	0.00291
1.875	0.00184
1.88	0.00074
1.885	-0.00032
1.89	-0.00129
1.895	-0.00209
1.9	-0.00265
1.905	-0.00294
1.91	-0.00294
1.915	-0.00267
1.92	-0.00220
1.925	-0.00158
1.93	-0.00093
1.935	-0.00031
1.94	0.00020
1.945	0.00049
1.95	0.00054
1.955	0.00030
1.96	-0.00024
1.965	-0.00105
1.97	-0.00207
1.975	-0.00327
1.98	-0.00451
1.985	-0.00572
1.99	-0.00681
1.995	-0.00768
2	-0.00834
2.005	-0.00881
2.01	-0.00906
2.015	-0.00913
2.02	-0.00905
2.025	-0.00892
2.03	-0.00877
2.035	-0.00863
2.04	-0.00852
2.045	-0.00847
2.05	-0.00845
2.055	-0.00847
2.06	-0.00854
2.065	-0.00861
2.07	-0.00864
2.075	-0.00859
2.08	-0.00834
2.085	-0.00783
2.09	-0.00699
2.095	-0.00586
2.1	-0.00454
2.105	-0.00315
2.11	-0.00177
2.115	-0.00048
2.12	0.00075
2.125	0.00194
2.13	0.00309
2.135	0.00419
2.14	0.00521
2.145	0.00611
2.15	0.00687
2.155	0.00747
2.16	0.00793
2.165	0.00827
2.17	0.00853
2.175	0.00878
2.18	0.00907
2.185	0.00942
2.19	0.00983
2.195	0.01028
2.2	0.01072
2.205	0.01111
2.21	0.01140
2.215	0.01154
2.22	0.01147
2.225	0.01118
2.23	0.01067
2.235	0.00997
2.24	0.00911
2.245	0.00817
2.25	0.00720
2.255	0.00622
2.26	0.00532
2.265	0.00454
2.27	0.00390
2.275	0.00333
2.28	0.00281
2.285	0.00225
2.29	0.00159
2.295	0.00082
2.3	-0.00010
2.305	-0.00115
2.31	-0.00235
2.315	-0.00365
2.32	-0.00508
2.325	-0.00654
2.33	-0.00800
2.335	-0.00932
2.34	-0.01047
2.345	-0.01140
2.35	-0.01215
2.355	-0.01277
2.36	-0.01330
2.365	-0.01381
2.37	-0.01436
2.375	-0.01499
2.38	-0.01575
2.385	-0.01667
2.39	-0.01773
2.395	-0.01886
2.4	-0.01999
2.405	-0.02101
2.41	-0.02184
2.415	-0.02243
2.42	-0.02276
2.425	-0.02285
2.43	-0.02269
2.435	-0.02232
2.44	-0.02175
2.445	-0.02099
2.45	-0.02010
2.455	-0.01914
2.46	-0.01819
2.465	-0.01733
2.47	-0.01654
2.475	-0.01580
2.48	-0.01506
2.485	-0.01426
2.49	-0.01338
2.495	-0.01234
2.5	-0.01115
2.505	-0.00980
2.51	-0.00840
2.515	-0.00696
2.52	-0.00554
2.525	-0.00420
2.53	-0.00304
2.535	-0.00211
2.54	-0.00141
2.545	-0.00097
2.55	-0.00073
2.555	-0.00068
2.56	-0.00077
2.565	-0.00094
2.57	-0.00117
2.575	-0.00145
2.58	-0.00178
2.585	-0.00217
2.59	-0.00260
2.595	-0.00308
2.6	-0.00363
2.605	-0.00414
2.61	-0.00461
2.615	-0.00498
2.62	-0.00529
2.625	-0.00551
2.63	-0.00565
2.635	-0.00571
2.64	-0.00566
2.645	-0.00544
2.65	-0.00509
2.655	-0.00461
2.66	-0.00408
2.665	-0.00349
2.67	-0.00291
2.675	-0.00238
2.68	-0.00194
2.685	-0.00161
2.69	-0.00142
2.695	-0.00140
2.7	-0.00153
2.705	-0.00183
2.71	-0.00228
2.715	-0.00289
2.72	-0.00364
2.725	-0.00450
2.73	-0.00544
2.735	-0.00641
2.74	-0.00731
2.745	-0.00807
2.75	-0.00865
2.755	-0.00899
2.76	-0.00906
2.765	-0.00885
2.77	-0.00837
2.775	-0.00769
2.78	-0.00686
2.785	-0.00590
2.79	-0.00485
2.795	-0.00380
2.8	-0.00280
2.805	-0.00190
2.81	-0.00112
2.815	-0.00051
2.82	-0.00009
2.825	0.00012
2.83	0.00012
2.835	-0.00007
2.84	-0.00041
2.845	-0.00086
2.85	-0.00141
2.855	-0.00199
2.86	-0.00255
2.865	-0.00301
2.87	-0.00336
2.875	-0.00355
2.88	-0.00357
2.885	-0.00343
2.89	-0.00315
2.895	-0.00280
2.9	-0.00239
2.905	-0.00203
2.91	-0.00176
2.915	-0.00164
2.92	-0.00171
2.925	-0.00201
2.93	-0.00251
2.935	-0.00318
2.94	-0.00404
2.945	-0.00501
2.95	-0.00609
2.955	-0.00721
2.96	-0.00830
2.965	-0.00927
2.97	-0.01007
2.975	-0.01066
2.98	-0.01100
2.985	-0.01110
2.99	-0.01096
2.995	-0.01063
3	-0.01015
3.005	-0.00960
3.01	-0.00900
3.015	-0.00840
3.02	-0.00778
3.025	-0.00716
3.03	-0.00644
3.035	-0.00557
3.04	-0.00447
3.045	-0.00315
3.05	-0.00155
3.055	0.00035
3.06	0.00250
3.065	0.00487
3.07	0.00742
3.075	0.01016
3.08	0.01301
3.085	0.01588
3.09	0.01865
3.095	0.02125
3.1	0.02364
3.105	0.02577
3.11	0.02759
3.115	0.02908
3.12	0.03024
3.125	0.03107
3.13	0.03165
3.135	0.03206
3.14	0.03237
3.145	0.03265
3.15	0.03296
3.155	0.03333
3.16	0.03378
3.165	0.03426
3.17	0.03473
3.175	0.03506
3.18	0.03511
3.185	0.03477
3.19	0.03397
3.195	0.03267
3.2	0.03093
3.205	0.02881
3.21	0.02644
3.215	0.02393
3.22	0.02139
3.225	0.01890
3.23	0.01660
3.235	0.01454
3.24	0.01280
3.245	0.01145
3.25	0.01048
3.255	0.00990
3.26	0.00965
3.265	0.00969
3.27	0.00991
3.275	0.01022
3.28	0.01054
3.285	0.01079
3.29	0.01095
3.295	0.01097
3.3	0.01084
3.305	0.01056
3.31	0.01013
3.315	0.00957
3.32	0.00887
3.325	0.00800
3.33	0.00699
3.335	0.00588
3.34	0.00470
3.345	0.00348
3.35	0.00228
3.355	0.00110
3.36	-0.00003
3.365	-0.00112
3.37	-0.00213
3.375	-0.00307
3.38	-0.00390
3.385	-0.00458
3.39	-0.00509
3.395	-0.00540
3.4	-0.00552
3.405	-0.00550
3.41	-0.00534
3.415	-0.00508
3.42	-0.00472
3.425	-0.00434
3.43	-0.00396
3.435	-0.00362
3.44	-0.00334
3.445	-0.00308
3.45	-0.00284
3.455	-0.00260
3.46	-0.00235
3.465	-0.00205
3.47	-0.00164
3.475	-0.00112
3.48	-0.00049
3.485	0.00022
3.49	0.00101
3.495	0.00189
3.5	0.00281
3.505	0.00372
3.51	0.00453
3.515	0.00516
3.52	0.00556
3.525	0.00565
3.53	0.00542
3.535	0.00485
3.54	0.00395
3.545	0.00280
3.55	0.00143
3.555	-0.00003
3.56	-0.00149
3.565	-0.00286
3.57	-0.00406
3.575	-0.00501
3.58	-0.00564
3.585	-0.00595
3.59	-0.00593
3.595	-0.00560
3.6	-0.00495
3.605	-0.00403
3.61	-0.00285
3.615	-0.00148
3.62	0.00004
3.625	0.00165
3.63	0.00336
3.635	0.00511
3.64	0.00692
3.645	0.00876
3.65	0.01062
3.655	0.01243
3.66	0.01415
3.665	0.01574
3.67	0.01715
3.675	0.01833
3.68	0.01923
3.685	0.01985
3.69	0.02018
3.695	0.02024
3.7	0.02005
3.705	0.01964
3.71	0.01906
3.715	0.01831
3.72	0.01740
3.725	0.01636
3.73	0.01518
3.735	0.01390
3.74	0.01257
3.745	0.01120
3.75	0.00990
3.755	0.00871
3.76	0.00767
3.765	0.00681
3.77	0.00614
3.775	0.00564
3.78	0.00531
3.785	0.00512
3.79	0.00504
3.795	0.00502
3.8	0.00504
3.805	0.00508
3.81	0.00507
3.815	0.00500
3.82	0.00481
3.825	0.00447
3.83	0.00395
3.835	0.00329
3.84	0.00246
3.845	0.00148
3.85	0.00042
3.855	-0.00072
3.86	-0.00188
3.865	-0.00305
3.87	-0.00416
3.875	-0.00521
3.88	-0.00616
3.885	-0.00697
3.89	-0.00754
3.895	-0.00782
3.9	-0.00774
3.905	-0.00726
3.91	-0.00638
3.915	-0.00511
3.92	-0.00348
3.925	-0.00158
3.93	0.00047
3.935	0.00256
3.94	0.00455
3.945	0.00635
3.95	0.00786
3.955	0.00900
3.96	0.00973
3.965	0.01000
3.97	0.00979
3.975	0.00911
3.98	0.00802
3.985	0.00661
3.99	0.00498
3.995	0.00324
4	0.00148
4.005	-0.00018
4.01	-0.00161
4.015	-0.00278
4.02	-0.00365
4.025	-0.00419
4.03	-0.00440
4.035	-0.00429
4.04	-0.00394
4.045	-0.00335
4.05	-0.00254
4.055	-0.00155
4.06	-0.00037
4.065	0.00095
4.07	0.00239
4.075	0.00393
4.08	0.00552
4.085	0.00714
4.09	0.00876
4.095	0.01032
4.1	0.01182
4.105	0.01323
4.11	0.01454
4.115	0.01575
4.12	0.01686
4.125	0.01781
4.13	0.01856
4.135	0.01907
4.14	0.01935
4.145	0.01936
4.15	0.01914
4.155	0.01866
4.16	0.01793
4.165	0.01697
4.17	0.01580
4.175	0.01443
4.18	0.01291
4.185	0.01117
4.19	0.00921
4.195	0.00703
4.2	0.00467
4.205	0.00223
4.21	-0.00018
4.215	-0.00247
4.22	-0.00448
4.225	-0.00613
4.23	-0.00732
4.235	-0.00801
4.24	-0.00821
4.245	-0.00794
4.25	-0.00731
4.255	-0.00640
4.26	-0.00528
4.265	-0.00405
4.27	-0.00282
4.275	-0.00169
4.28	-0.00071
4.285	0.00008
4.29	0.00063
4.295	0.00093
4.3	0.00095
4.305	0.00071
4.31	0.00022
4.315	-0.00052
4.32	-0.00149
4.325	-0.00267
4.33	-0.00401
4.335	-0.00551
4.34	-0.00708
4.345	-0.00873
4.35	-0.01040
4.355	-0.01206
4.36	-0.01361
4.365	-0.01503
4.37	-0.01627
4.375	-0.01729
4.38	-0.01806
4.385	-0.01854
4.39	-0.01871
4.395	-0.01852
4.4	-0.01802
4.405	-0.01720
4.41	-0.01614
4.415	-0.01489
4.42	-0.01355
4.425	-0.01222
4.43	-0.01103
4.435	-0.01005
4.44	-0.00937
4.445	-0.00904
4.45	-0.00907
4.455	-0.00944
4.46	-0.01010
4.465	-0.01098
4.47	-0.01197
4.475	-0.01300
4.48	-0.01403
4.485	-0.01496
4.49	-0.01574
4.495	-0.01633
4.5	-0.01671
4.505	-0.01686
4.51	-0.01672
4.515	-0.01633
4.52	-0.01564
4.525	-0.01469
4.53	-0.01344
4.535	-0.01189
4.54	-0.01007
4.545	-0.00804
4.55	-0.00586
4.555	-0.00365
4.56	-0.00148
4.565	0.00055
4.57	0.00241
4.575	0.00408
4.58	0.00553
4.585	0.00676
4.59	0.00777
4.595	0.00854
4.6	0.00910
4.605	0.00949
4.61	0.00974
4.615	0.00994
4.62	0.01017
4.625	0.01049
4.63	0.01097
4.635	0.01167
4.64	0.01258
4.645	0.01370
4.65	0.01494
4.655	0.01624
4.66	0.01749
4.665	0.01861
4.67	0.01949
4.675	0.02006
4.68	0.02024
4.685	0.01996
4.69	0.01925
4.695	0.01811
4.7	0.01662
4.705	0.01482
4.71	0.01280
4.715	0.01064
4.72	0.00843
4.725	0.00624
4.73	0.00415
4.735	0.00221
4.74	0.00045
4.745	-0.00112
4.75	-0.00245
4.755	-0.00357
4.76	-0.00449
4.765	-0.00523
4.77	-0.00578
4.775	-0.00619
4.78	-0.00647
4.785	-0.00666
4.79	-0.00677
4.795	-0.00684
4.8	-0.00689
4.805	-0.00694
4.81	-0.00697
4.815	-0.00700
4.82	-0.00703
4.825	-0.00706
4.83	-0.00714
4.835	-0.00731
4.84	-0.00757
4.845	-0.00791
4.85	-0.00829
4.855	-0.00867
4.86	-0.00902
4.865	-0.00932
4.87	-0.00958
4.875	-0.00977
4.88	-0.00988
4.885	-0.00990
4.89	-0.00977
4.895	-0.00954
4.9	-0.00917
4.905	-0.00868
4.91	-0.00804
4.915	-0.00727
4.92	-0.00638
4.925	-0.00539
4.93	-0.00430
4.935	-0.00313
4.94	-0.00191
4.945	-0.00066
4.95	0.00064
4.955	0.00200
4.96	0.00343
4.965	0.00495
4.97	0.00657
4.975	0.00826
4.98	0.00994
4.985	0.01156
4.99	0.01309
4.995	0.01451
5	0.01582
5.005	0.01699
5.01	0.01806
5.015	0.01900
5.02	0.01983
5.025	0.02051
5.03	0.02101
5.035	0.02129
5.04	0.02132
5.045	0.02104
5.05	0.02047
5.055	0.01964
5.06	0.01866
5.065	0.01760
5.07	0.01660
5.075	0.01571
5.08	0.01503
5.085	0.01455
5.09	0.01426
5.095	0.01413
5.1	0.01407
5.105	0.01402
5.11	0.01395
5.115	0.01381
5.12	0.01361
5.125	0.01336
5.13	0.01300
5.135	0.01257
5.14	0.01204
5.145	0.01146
5.15	0.01084
5.155	0.01020
5.16	0.00957
5.165	0.00901
5.17	0.00855
5.175	0.00822
5.18	0.00807
5.185	0.00807
5.19	0.00819
5.195	0.00837
5.2	0.00855
5.205	0.00866
5.21	0.00864
5.215	0.00851
5.22	0.00827
5.225	0.00793
5.23	0.00755
5.235	0.00714
5.24	0.00671
5.245	0.00626
5.25	0.00578
5.255	0.00524
5.26	0.00464
5.265	0.00397
5.27	0.00322
5.275	0.00248
5.28	0.00181
5.285	0.00123
5.29	0.00078
5.295	0.00045
5.3	0.00027
5.305	0.00019
5.31	0.00018
5.315	0.00018
5.32	0.00014
5.325	-0.00004
5.33	-0.00042
5.335	-0.00102
5.34	-0.00192
5.345	-0.00315
5.35	-0.00469
5.355	-0.00652
5.36	-0.00857
5.365	-0.01075
5.37	-0.01295
5.375	-0.01503
5.38	-0.01689
5.385	-0.01847
5.39	-0.01978
5.395	-0.02080
5.4	-0.02159
5.405	-0.02216
5.41	-0.02253
5.415	-0.02270
5.42	-0.02267
5.425	-0.02245
5.43	-0.02202
5.435	-0.02139
5.44	-0.02059
5.445	-0.01969
5.45	-0.01874
5.455	-0.01780
5.46	-0.01693
5.465	-0.01613
5.47	-0.01543
5.475	-0.01482
5.48	-0.01428
5.485	-0.01378
5.49	-0.01333
5.495	-0.01291
5.5	-0.01250
5.505	-0.01207
5.51	-0.01157
5.515	-0.01101
5.52	-0.01041
5.525	-0.00977
5.53	-0.00912
5.535	-0.00849
5.54	-0.00792
5.545	-0.00738
5.55	-0.00693
5.555	-0.00654
5.56	-0.00626
5.565	-0.00606
5.57	-0.00598
5.575	-0.00600
5.58	-0.00613
5.585	-0.00632
5.59	-0.00652
5.595	-0.00672
5.6	-0.00689
5.605	-0.00702
5.61	-0.00707
5.615	-0.00704
5.62	-0.00698
5.625	-0.00689
5.63	-0.00680
5.635	-0.00671
5.64	-0.00660
5.645	-0.00642
5.65	-0.00616
5.655	-0.00575
5.66	-0.00517
5.665	-0.00439
5.67	-0.00343
5.675	-0.00235
5.68	-0.00118
5.685	-0.00001
5.69	0.00112
5.695	0.00210
5.7	0.00291
5.705	0.00353
5.71	0.00393
5.715	0.00414
5.72	0.00416
5.725	0.00404
5.73	0.00379
5.735	0.00346
5.74	0.00306
5.745	0.00261
5.75	0.00209
5.755	0.00151
5.76	0.00085
5.765	0.00008
5.77	-0.00081
5.775	-0.00183
5.78	-0.00300
5.785	-0.00433
5.79	-0.00579
5.795	-0.00738
5.8	-0.00904
5.805	-0.01071
5.81	-0.01232
5.815	-0.01379
5.82	-0.01504
5.825	-0.01602
5.83	-0.01666
5.835	-0.01697
5.84	-0.01693
5.845	-0.01654
5.85	-0.01586
5.855	-0.01492
5.86	-0.01381
5.865	-0.01263
5.87	-0.01142
5.875	-0.01030
5.88	-0.00928
5.885	-0.00838
5.89	-0.00758
5.895	-0.00689
5.9	-0.00631
5.905	-0.00584
5.91	-0.00551
5.915	-0.00531
5.92	-0.00528
5.925	-0.00540
5.93	-0.00568
5.935	-0.00609
5.94	-0.00658
5.945	-0.00711
5.95	-0.00767
5.955	-0.00818
5.96	-0.00862
5.965	-0.00892
5.97	-0.00907
5.975	-0.00900
5.98	-0.00874
5.985	-0.00824
5.99	-0.00751
5.995	-0.00654
6	-0.00542
6.005	-0.00417
6.01	-0.00282
6.015	-0.00142
6.02	-0.00002
6.025	0.00138
6.03	0.00281
6.035	0.00426
6.04	0.00577
6.045	0.00731
6.05	0.00884
6.055	0.01033
6.06	0.01172
6.065	0.01299
6.07	0.01413
6.075	0.01510
6.08	0.01592
6.085	0.01663
6.09	0.01722
6.095	0.01773
6.1	0.01816
6.105	0.01858
6.11	0.01896
6.115	0.01929
6.12	0.01956
6.125	0.01971
6.13	0.01975
6.135	0.01966
6.14	0.01948
6.145	0.01921
6.15	0.01886
6.155	0.01845
6.16	0.01801
6.165	0.01754
6.17	0.01706
6.175	0.01656
6.18	0.01604
6.185	0.01549
6.19	0.01494
6.195	0.01438
6.2	0.01381
6.205	0.01320
6.21	0.01257
6.215	0.01193
6.22	0.01132
6.225	0.01074
6.23	0.01020
6.235	0.00973
6.24	0.00932
6.245	0.00900
6.25	0.00874
6.255	0.00849
6.26	0.00826
6.265	0.00800
6.27	0.00771
6.275	0.00737
6.28	0.00701
6.285	0.00666
6.29	0.00638
6.295	0.00621
6.3	0.00616
6.305	0.00618
6.31	0.00625
6.315	0.00635
6.32	0.00646
6.325	0.00657
6.33	0.00669
6.335	0.00683
6.34	0.00703
6.345	0.00727
6.35	0.00752
6.355	0.00776
6.36	0.00793
6.365	0.00794
6.37	0.00777
6.375	0.00731
6.38	0.00654
6.385	0.00541
6.39	0.00394
6.395	0.00219
6.4	0.00021
6.405	-0.00191
6.41	-0.00409
6.415	-0.00620
6.42	-0.00813
6.425	-0.00977
6.43	-0.01103
6.435	-0.01184
6.44	-0.01215
6.445	-0.01197
6.45	-0.01137
6.455	-0.01048
6.46	-0.00940
6.465	-0.00831
6.47	-0.00732
6.475	-0.00660
6.48	-0.00619
6.485	-0.00618
6.49	-0.00655
6.495	-0.00724
6.5	-0.00817
6.505	-0.00920
6.51	-0.01025
6.515	-0.01122
6.52	-0.01203
6.525	-0.01262
6.53	-0.01299
6.535	-0.01321
6.54	-0.01337
6.545	-0.01356
6.55	-0.01383
6.555	-0.01423
6.56	-0.01483
6.565	-0.01561
6.57	-0.01661
6.575	-0.01779
6.58	-0.01913
6.585	-0.02059
6.59	-0.02209
6.595	-0.02359
6.6	-0.02502
6.605	-0.02627
6.61	-0.02725
6.615	-0.02795
6.62	-0.02835
6.625	-0.02848
6.63	-0.02835
6.635	-0.02798
6.64	-0.02743
6.645	-0.02677
6.65	-0.02608
6.655	-0.02548
6.66	-0.02502
6.665	-0.02475
6.67	-0.02475
6.675	-0.02498
6.68	-0.02547
6.685	-0.02620
6.69	-0.02716
6.695	-0.02832
6.7	-0.02963
6.705	-0.03104
6.71	-0.03256
6.715	-0.03418
6.72	-0.03592
6.725	-0.03776
6.73	-0.03967
6.735	-0.04159
6.74	-0.04344
6.745	-0.04516
6.75	-0.04665
6.755	-0.04790
6.76	-0.04888
6.765	-0.04962
6.77	-0.05012
6.775	-0.05040
6.78	-0.05049
6.785	-0.05038
6.79	-0.05009
6.795	-0.04959
6.8	-0.04890
6.805	-0.04802
6.81	-0.04696
6.815	-0.04574
6.82	-0.04438
6.825	-0.04292
6.83	-0.04143
6.835	-0.04000
6.84	-0.03867
6.845	-0.03742
6.85	-0.03627
6.855	-0.03523
6.86	-0.03426
6.865	-0.03337
6.87	-0.03249
6.875	-0.03159
6.88	-0.03061
6.885	-0.02954
6.89	-0.02835
6.895	-0.02709
6.9	-0.02578
6.905	-0.02445
6.91	-0.02315
6.915	-0.02191
6.92	-0.02079
6.925	-0.01979
6.93	-0.01891
6.935	-0.01813
6.94	-0.01738
6.945	-0.01659
6.95	-0.01570
6.955	-0.01465
6.96	-0.01340
6.965	-0.01193
6.97	-0.01022
6.975	-0.00828
6.98	-0.00618
6.985	-0.00396
6.99	-0.00171
6.995	0.00050
7	0.00260
7.005	0.00460
7.01	0.00648
7.015	0.00830
7.02	0.01010
7.025	0.01194
7.03	0.01390
7.035	0.01603
7.04	0.01843
7.045	0.02107
7.05	0.02395
7.055	0.02701
7.06	0.03012
7.065	0.03314
7.07	0.03594
7.075	0.03840
7.08	0.04042
7.085	0.04197
7.09	0.04301
7.095	0.04357
7.1	0.04369
7.105	0.04345
7.11	0.04295
7.115	0.04223
7.12	0.04137
7.125	0.04039
7.13	0.03927
7.135	0.03797
7.14	0.03644
7.145	0.03463
7.15	0.03250
7.155	0.03003
7.16	0.02724
7.165	0.02413
7.17	0.02081
7.175	0.01736
7.18	0.01388
7.185	0.01042
7.19	0.00705
7.195	0.00381
7.2	0.00072
7.205	-0.00228
7.21	-0.00517
7.215	-0.00800
7.22	-0.01074
7.225	-0.01340
7.23	-0.01596
7.235	-0.01838
7.24	-0.02059
7.245	-0.02245
7.25	-0.02389
7.255	-0.02482
7.26	-0.02516
7.265	-0.02482
7.27	-0.02378
7.275	-0.02201
7.28	-0.01960
7.285	-0.01667
7.29	-0.01335
7.295	-0.00978
7.3	-0.00610
7.305	-0.00245
7.31	0.00108
7.315	0.00441
7.32	0.00752
7.325	0.01040
7.33	0.01305
7.335	0.01543
7.34	0.01756
7.345	0.01935
7.35	0.02069
7.355	0.02154
7.36	0.02188
7.365	0.02170
7.37	0.02103
7.375	0.01992
7.38	0.01845
7.385	0.01671
7.39	0.01476
7.395	0.01270
7.4	0.01061
7.405	0.00862
7.41	0.00682
7.415	0.00528
7.42	0.00403
7.425	0.00310
7.43	0.00252
7.435	0.00230
7.44	0.00242
7.445	0.00288
7.45	0.00365
7.455	0.00474
7.46	0.00606
7.465	0.00754
7.47	0.00909
7.475	0.01067
7.48	0.01224
7.485	0.01385
7.49	0.01547
7.495	0.01710
7.5	0.01872
7.505	0.02029
7.51	0.02181
7.515	0.02322
7.52	0.02455
7.525	0.02572
7.53	0.02669
7.535	0.02738
7.54	0.02780
7.545	0.02797
7.55	0.02795
7.555	0.02785
7.56	0.02768
7.565	0.02751
7.57	0.02738
7.575	0.02738
7.58	0.02755
7.585	0.02790
7.59	0.02837
7.595	0.02886
7.6	0.02929
7.605	0.02960
7.61	0.02978
7.615	0.02981
7.62	0.02972
7.625	0.02954
7.63	0.02935
7.635	0.02918
7.64	0.02912
7.645	0.02922
7.65	0.02951
7.655	0.02996
7.66	0.03059
7.665	0.03135
7.67	0.03217
7.675	0.03301
7.68	0.03384
7.685	0.03465
7.69	0.03540
7.695	0.03602
7.7	0.03651
7.705	0.03683
7.71	0.03695
7.715	0.03690
7.72	0.03666
7.725	0.03627
7.73	0.03574
7.735	0.03507
7.74	0.03428
7.745	0.03328
7.75	0.03204
7.755	0.03050
7.76	0.02861
7.765	0.02634
7.77	0.02368
7.775	0.02062
7.78	0.01719
7.785	0.01339
7.79	0.00934
7.795	0.00514
7.8	0.00089
7.805	-0.00335
7.81	-0.00748
7.815	-0.01139
7.82	-0.01497
7.825	-0.01814
7.83	-0.02084
7.835	-0.02302
7.84	-0.02458
7.845	-0.02546
7.85	-0.02562
7.855	-0.02503
7.86	-0.02376
7.865	-0.02182
7.87	-0.01926
7.875	-0.01614
7.88	-0.01257
7.885	-0.00862
7.89	-0.00441
7.895	-0.00011
7.9	0.00417
7.905	0.00824
7.91	0.01196
7.915	0.01520
7.92	0.01789
7.925	0.01993
7.93	0.02129
7.935	0.02194
7.94	0.02195
7.945	0.02138
7.95	0.02029
7.955	0.01876
7.96	0.01687
7.965	0.01469
7.97	0.01223
7.975	0.00956
7.98	0.00664
7.985	0.00352
7.99	0.00018
7.995	-0.00340
8	-0.00717
8.005	-0.01111
8.01	-0.01516
8.015	-0.01925
8.02	-0.02329
8.025	-0.02718
8.03	-0.03086
8.035	-0.03427
8.04	-0.03739
8.045	-0.04018
8.05	-0.04263
8.055	-0.04473
8.06	-0.04645
8.065	-0.04772
8.07	-0.04848
8.075	-0.04875
8.08	-0.04850
8.085	-0.04775
8.09	-0.04651
8.095	-0.04482
8.1	-0.04270
8.105	-0.04021
8.11	-0.03737
8.115	-0.03423
8.12	-0.03088
8.125	-0.02741
8.13	-0.02390
8.135	-0.02042
8.14	-0.01706
8.145	-0.01388
8.15	-0.01091
8.155	-0.00820
8.16	-0.00575
8.165	-0.00358
8.17	-0.00162
8.175	0.00015
8.18	0.00173
8.185	0.00319
8.19	0.00453
8.195	0.00577
8.2	0.00687
8.205	0.00782
8.21	0.00856
8.215	0.00905
8.22	0.00927
8.225	0.00923
8.23	0.00891
8.235	0.00842
8.24	0.00781
8.245	0.00717
8.25	0.00654
8.255	0.00595
8.26	0.00539
8.265	0.00485
8.27	0.00431
8.275	0.00372
8.28	0.00301
8.285	0.00214
8.29	0.00105
8.295	-0.00027
8.3	-0.00180
8.305	-0.00351
8.31	-0.00535
8.315	-0.00727
8.32	-0.00919
8.325	-0.01103
8.33	-0.01269
8.335	-0.01407
8.34	-0.01511
8.345	-0.01576
8.35	-0.01602
8.355	-0.01588
8.36	-0.01540
8.365	-0.01462
8.37	-0.01359
8.375	-0.01233
8.38	-0.01094
8.385	-0.00943
8.39	-0.00787
8.395	-0.00634
8.4	-0.00489
8.405	-0.00351
8.41	-0.00225
8.415	-0.00112
8.42	-0.00011
8.425	0.00078
8.43	0.00154
8.435	0.00218
8.44	0.00278
8.445	0.00335
8.45	0.00394
8.455	0.00458
8.46	0.00527
8.465	0.00602
8.47	0.00682
8.475	0.00766
8.48	0.00848
8.485	0.00924
8.49	0.00990
8.495	0.01047
8.5	0.01093
8.505	0.01125
8.51	0.01145
8.515	0.01154
8.52	0.01157
8.525	0.01160
8.53	0.01163
8.535	0.01173
8.54	0.01196
8.545	0.01236
8.55	0.01295
8.555	0.01375
8.56	0.01470
8.565	0.01573
8.57	0.01676
8.575	0.01777
8.58	0.01873
8.585	0.01956
8.59	0.02018
8.595	0.02053
8.6	0.02056
8.605	0.02025
8.61	0.01959
8.615	0.01862
8.62	0.01737
8.625	0.01591
8.63	0.01424
8.635	0.01237
8.64	0.01028
8.645	0.00798
8.65	0.00548
8.655	0.00281
8.66	-0.00002
8.665	-0.00291
8.67	-0.00577
8.675	-0.00849
8.68	-0.01105
8.685	-0.01340
8.69	-0.01549
8.695	-0.01736
8.7	-0.01905
8.705	-0.02056
8.71	-0.02190
8.715	-0.02307
8.72	-0.02411
8.725	-0.02504
8.73	-0.02586
8.735	-0.02660
8.74	-0.02723
8.745	-0.02775
8.75	-0.02818
8.755	-0.02855
8.76	-0.02889
8.765	-0.02921
8.77	-0.02955
8.775	-0.02995
8.78	-0.03046
8.785	-0.03111
8.79	-0.03192
8.795	-0.03286
8.8	-0.03394
8.805	-0.03507
8.81	-0.03624
8.815	-0.03740
8.82	-0.03852
8.825	-0.03957
8.83	-0.04053
8.835	-0.04137
8.84	-0.04213
8.845	-0.04283
8.85	-0.04346
8.855	-0.04406
8.86	-0.04461
8.865	-0.04515
8.87	-0.04566
8.875	-0.04621
8.88	-0.04676
8.885	-0.04731
8.89	-0.04779
8.895	-0.04818
8.9	-0.04842
8.905	-0.04846
8.91	-0.04832
8.915	-0.04795
8.92	-0.04732
8.925	-0.04648
8.93	-0.04539
8.935	-0.04401
8.94	-0.04227
8.945	-0.04010
8.95	-0.03738
8.955	-0.03407
8.96	-0.03013
8.965	-0.02555
8.97	-0.02043
8.975	-0.01490
8.98	-0.00913
8.985	-0.00329
8.99	0.00241
8.995	0.00779
9	0.01271
9.005	0.01707
9.01	0.02080
9.015	0.02387
9.02	0.02627
9.025	0.02796
9.03	0.02897
9.035	0.02927
9.04	0.02891
9.045	0.02796
9.05	0.02646
9.055	0.02445
9.06	0.02202
9.065	0.01922
9.07	0.01613
9.075	0.01279
9.08	0.00926
9.085	0.00559
9.09	0.00185
9.095	-0.00192
9.1	-0.00565
9.105	-0.00927
9.11	-0.01271
9.115	-0.01590
9.12	-0.01878
9.125	-0.02127
9.13	-0.02332
9.135	-0.02490
9.14	-0.02602
9.145	-0.02671
9.15	-0.02700
9.155	-0.02695
9.16	-0.02660
9.165	-0.02602
9.17	-0.02529
9.175	-0.02453
9.18	-0.02384
9.185	-0.02329
9.19	-0.02299
9.195	-0.02301
9.2	-0.02337
9.205	-0.02409
9.21	-0.02512
9.215	-0.02641
9.22	-0.02787
9.225	-0.02938
9.23	-0.03079
9.235	-0.03200
9.24	-0.03284
9.245	-0.03321
9.25	-0.03305
9.255	-0.03233
9.26	-0.03106
9.265	-0.02927
9.27	-0.02705
9.275	-0.02448
9.28	-0.02167
9.285	-0.01874
9.29	-0.01577
9.295	-0.01283
9.3	-0.00997
9.305	-0.00727
9.31	-0.00479
9.315	-0.00255
9.32	-0.00053
9.325	0.00123
9.33	0.00280
9.335	0.00420
9.34	0.00551
9.345	0.00681
9.35	0.00807
9.355	0.00931
9.36	0.01058
9.365	0.01188
9.37	0.01329
9.375	0.01483
9.38	0.01653
9.385	0.01841
9.39	0.02046
9.395	0.02267
9.4	0.02497
9.405	0.02736
9.41	0.02979
9.415	0.03227
9.42	0.03477
9.425	0.03729
9.43	0.03977
9.435	0.04215
9.44	0.04437
9.445	0.04642
9.45	0.04830
9.455	0.04999
9.46	0.05148
9.465	0.05272
9.47	0.05371
9.475	0.05441
9.48	0.05485
9.485	0.05509
9.49	0.05514
9.495	0.05504
9.5	0.05472
9.505	0.05423
9.51	0.05360
9.515	0.05281
9.52	0.05188
9.525	0.05077
9.53	0.04945
9.535	0.04790
9.54	0.04606
9.545	0.04386
9.55	0.04123
9.555	0.03811
9.56	0.03444
9.565	0.03024
9.57	0.02558
9.575	0.02059
9.58	0.01550
9.585	0.01057
9.59	0.00608
9.595	0.00220
9.6	-0.00089
9.605	-0.00307
9.61	-0.00421
9.615	-0.00431
9.62	-0.00342
9.625	-0.00165
9.63	0.00085
9.635	0.00399
9.64	0.00761
9.645	0.01157
9.65	0.01577
9.655	0.02013
9.66	0.02458
9.665	0.02909
9.67	0.03361
9.675	0.03810
9.68	0.04251
9.685	0.04679
9.69	0.05091
9.695	0.05481
9.7	0.05849
9.705	0.06183
9.71	0.06474
9.715	0.06717
9.72	0.06899
9.725	0.07016
9.73	0.07059
9.735	0.07022
9.74	0.06900
9.745	0.06688
9.75	0.06381
9.755	0.05984
9.76	0.05508
9.765	0.04965
9.77	0.04376
9.775	0.03770
9.78	0.03174
9.785	0.02605
9.79	0.02076
9.795	0.01600
9.8	0.01190
9.805	0.00847
9.81	0.00572
9.815	0.00366
9.82	0.00226
9.825	0.00146
9.83	0.00117
9.835	0.00127
9.84	0.00167
9.845	0.00227
9.85	0.00298
9.855	0.00372
9.86	0.00444
9.865	0.00513
9.87	0.00575
9.875	0.00634
9.88	0.00693
9.885	0.00751
9.89	0.00812
9.895	0.00871
9.9	0.00925
9.905	0.00970
9.91	0.01002
9.915	0.01014
9.92	0.01005
9.925	0.00967
9.93	0.00896
9.935	0.00788
9.94	0.00638
9.945	0.00439
9.95	0.00190
9.955	-0.00114
9.96	-0.00471
9.965	-0.00880
9.97	-0.01336
9.975	-0.01833
9.98	-0.02361
9.985	-0.02911
9.99	-0.03477
9.995	-0.04048
10	-0.04615
10.005	-0.05166
10.01	-0.05692
10.015	-0.06177
10.02	-0.06613
10.025	-0.06989
10.03	-0.07298
10.035	-0.07534
10.04	-0.07692
10.045	-0.07764
10.05	-0.07746
10.055	-0.07632
10.06	-0.07420
10.065	-0.07101
10.07	-0.06667
10.075	-0.06111
10.08	-0.05431
10.085	-0.04631
10.09	-0.03720
10.095	-0.02716
10.1	-0.01643
10.105	-0.00528
10.11	0.00596
10.115	0.01695
10.12	0.02736
10.125	0.03691
10.13	0.04542
10.135	0.05275
10.14	0.05890
10.145	0.06385
10.15	0.06768
10.155	0.07046
10.16	0.07226
10.165	0.07314
10.17	0.07320
10.175	0.07249
10.18	0.07099
10.185	0.06874
10.19	0.06570
10.195	0.06186
10.2	0.05727
10.205	0.05196
10.21	0.04601
10.215	0.03952
10.22	0.03262
10.225	0.02548
10.23	0.01829
10.235	0.01123
10.24	0.00449
10.245	-0.00175
10.25	-0.00737
10.255	-0.01220
10.26	-0.01615
10.265	-0.01910
10.27	-0.02096
10.275	-0.02166
10.28	-0.02116
10.285	-0.01949
10.29	-0.01669
10.295	-0.01290
10.3	-0.00827
10.305	-0.00302
10.31	0.00260
10.315	0.00830
10.32	0.01383
10.325	0.01896
10.33	0.02347
10.335	0.02720
10.34	0.03000
10.345	0.03172
10.35	0.03228
10.355	0.03158
10.36	0.02958
10.365	0.02627
10.37	0.02175
10.375	0.01613
10.38	0.00959
10.385	0.00237
10.39	-0.00524
10.395	-0.01302
10.4	-0.02069
10.405	-0.02803
10.41	-0.03484
10.415	-0.04096
10.42	-0.04623
10.425	-0.05053
10.43	-0.05381
10.435	-0.05605
10.44	-0.05724
10.445	-0.05744
10.45	-0.05673
10.455	-0.05520
10.46	-0.05296
10.465	-0.05012
10.47	-0.04680
10.475	-0.04309
10.48	-0.03913
10.485	-0.03495
10.49	-0.03064
10.495	-0.02621
10.5	-0.02170
10.505	-0.01710
10.51	-0.01243
10.515	-0.00768
10.52	-0.00287
10.525	0.00201
10.53	0.00696
10.535	0.01193
10.54	0.01682
10.545	0.02156
10.55	0.02608
10.555	0.03030
10.56	0.03413
10.565	0.03744
10.57	0.04013
10.575	0.04212
10.58	0.04330
10.585	0.04359
10.59	0.04285
10.595	0.04103
10.6	0.03808
10.605	0.03401
10.61	0.02886
10.615	0.02274
10.62	0.01576
10.625	0.00809
10.63	-0.00006
10.635	-0.00844
10.64	-0.01681
10.645	-0.02495
10.65	-0.03263
10.655	-0.03965
10.66	-0.04589
10.665	-0.05125
10.67	-0.05568
10.675	-0.05913
10.68	-0.06164
10.685	-0.06321
10.69	-0.06390
10.695	-0.06378
10.7	-0.06291
10.705	-0.06136
10.71	-0.05914
10.715	-0.05631
10.72	-0.05291
10.725	-0.04895
10.73	-0.04443
10.735	-0.03940
10.74	-0.03391
10.745	-0.02813
10.75	-0.02216
10.755	-0.01620
10.76	-0.01040
10.765	-0.00492
10.77	0.00008
10.775	0.00444
10.78	0.00807
10.785	0.01092
10.79	0.01293
10.795	0.01403
10.8	0.01421
10.805	0.01347
10.81	0.01187
10.815	0.00944
10.82	0.00628
10.825	0.00250
10.83	-0.00179
10.835	-0.00644
10.84	-0.01124
10.845	-0.01601
10.85	-0.02057
10.855	-0.02473
10.86	-0.02830
10.865	-0.03111
10.87	-0.03303
10.875	-0.03395
10.88	-0.03381
10.885	-0.03257
10.89	-0.03026
10.895	-0.02688
10.9	-0.02248
10.905	-0.01716
10.91	-0.01111
10.915	-0.00450
10.92	0.00248
10.925	0.00966
10.93	0.01683
10.935	0.02381
10.94	0.03043
10.945	0.03654
10.95	0.04198
10.955	0.04667
10.96	0.05058
10.965	0.05369
10.97	0.05600
10.975	0.05758
10.98	0.05847
10.985	0.05882
10.99	0.05867
10.995	0.05814
11	0.05729
11.005	0.05623
11.01	0.05501
11.015	0.05368
11.02	0.05229
11.025	0.05089
11.03	0.04955
11.035	0.04834
11.04	0.04727
11.045	0.04636
11.05	0.04562
11.055	0.04505
11.06	0.04460
11.065	0.04423
11.07	0.04385
11.075	0.04336
11.08	0.04266
11.085	0.04163
11.09	0.04021
11.095	0.03835
11.1	0.03607
11.105	0.03340
11.11	0.03042
11.115	0.02725
11.12	0.02403
11.125	0.02087
11.13	0.01784
11.135	0.01503
11.14	0.01247
11.145	0.01019
11.15	0.00824
11.155	0.00662
11.16	0.00541
11.165	0.00456
11.17	0.00411
11.175	0.00404
11.18	0.00436
11.185	0.00506
11.19	0.00611
11.195	0.00745
11.2	0.00900
11.205	0.01064
11.21	0.01229
11.215	0.01381
11.22	0.01513
11.225	0.01616
11.23	0.01679
11.235	0.01704
11.24	0.01687
11.245	0.01633
11.25	0.01543
11.255	0.01427
11.26	0.01295
11.265	0.01161
11.27	0.01037
11.275	0.00938
11.28	0.00870
11.285	0.00847
11.29	0.00875
11.295	0.00960
11.3	0.01107
11.305	0.01314
11.31	0.01576
11.315	0.01879
11.32	0.02208
11.325	0.02544
11.33	0.02873
11.335	0.03185
11.34	0.03470
11.345	0.03720
11.35	0.03931
11.355	0.04099
11.36	0.04223
11.365	0.04302
11.37	0.04339
11.375	0.04335
11.38	0.04284
11.385	0.04189
11.39	0.04049
11.395	0.03867
11.4	0.03650
11.405	0.03407
11.41	0.03145
11.415	0.02876
11.42	0.02615
11.425	0.02371
11.43	0.02156
11.435	0.01972
11.44	0.01818
11.445	0.01691
11.45	0.01586
11.455	0.01500
11.46	0.01423
11.465	0.01347
11.47	0.01261
11.475	0.01158
11.48	0.01034
11.485	0.00884
11.49	0.00710
11.495	0.00514
11.5	0.00307
11.505	0.00097
11.51	-0.00108
11.515	-0.00299
11.52	-0.00471
11.525	-0.00621
11.53	-0.00745
11.535	-0.00844
11.54	-0.00913
11.545	-0.00956
11.55	-0.00976
11.555	-0.00980
11.56	-0.00976
11.565	-0.00970
11.57	-0.00971
11.575	-0.00980
11.58	-0.01002
11.585	-0.01035
11.59	-0.01078
11.595	-0.01129
11.6	-0.01180
11.605	-0.01229
11.61	-0.01273
11.615	-0.01310
11.62	-0.01334
11.625	-0.01341
11.63	-0.01324
11.635	-0.01273
11.64	-0.01181
11.645	-0.01040
11.65	-0.00843
11.655	-0.00585
11.66	-0.00268
11.665	0.00108
11.67	0.00533
11.675	0.00997
11.68	0.01485
11.685	0.01979
11.69	0.02461
11.695	0.02908
11.7	0.03303
11.705	0.03623
11.71	0.03852
11.715	0.03981
11.72	0.04001
11.725	0.03906
11.73	0.03690
11.735	0.03354
11.74	0.02897
11.745	0.02328
11.75	0.01656
11.755	0.00897
11.76	0.00072
11.765	-0.00804
11.77	-0.01701
11.775	-0.02598
11.78	-0.03471
11.785	-0.04298
11.79	-0.05058
11.795	-0.05737
11.8	-0.06323
11.805	-0.06811
11.81	-0.07200
11.815	-0.07492
11.82	-0.07694
11.825	-0.07821
11.83	-0.07887
11.835	-0.07914
11.84	-0.07918
11.845	-0.07921
11.85	-0.07941
11.855	-0.07991
11.86	-0.08087
11.865	-0.08233
11.87	-0.08434
11.875	-0.08689
11.88	-0.08991
11.885	-0.09333
11.89	-0.09699
11.895	-0.10080
11.9	-0.10457
11.905	-0.10815
11.91	-0.11141
11.915	-0.11417
11.92	-0.11636
11.925	-0.11786
11.93	-0.11860
11.935	-0.11856
11.94	-0.11775
11.945	-0.11619
11.95	-0.11396
11.955	-0.11112
11.96	-0.10773
11.965	-0.10388
11.97	-0.09968
11.975	-0.09520
11.98	-0.09058
11.985	-0.08593
11.99	-0.08131
11.995	-0.07680
12	-0.07244
12.005	-0.06828
12.01	-0.06429
12.015	-0.06049
12.02	-0.05686
12.025	-0.05339
12.03	-0.05000
12.035	-0.04662
12.04	-0.04322
12.045	-0.03970
12.05	-0.03601
12.055	-0.03215
12.06	-0.02808
12.065	-0.02379
12.07	-0.01925
12.075	-0.01443
12.08	-0.00929
12.085	-0.00389
12.09	0.00175
12.095	0.00752
12.1	0.01336
12.105	0.01909
12.11	0.02463
12.115	0.02984
12.12	0.03461
12.125	0.03887
12.13	0.04253
12.135	0.04559
12.14	0.04806
12.145	0.04994
12.15	0.05128
12.155	0.05215
12.16	0.05264
12.165	0.05279
12.17	0.05273
12.175	0.05257
12.18	0.05238
12.185	0.05229
12.19	0.05233
12.195	0.05258
12.2	0.05305
12.205	0.05375
12.21	0.05465
12.215	0.05565
12.22	0.05669
12.225	0.05761
12.23	0.05829
12.235	0.05859
12.24	0.05841
12.245	0.05767
12.25	0.05631
12.255	0.05430
12.26	0.05162
12.265	0.04833
12.27	0.04448
12.275	0.04019
12.28	0.03558
12.285	0.03082
12.29	0.02606
12.295	0.02142
12.3	0.01702
12.305	0.01290
12.31	0.00910
12.315	0.00564
12.32	0.00250
12.325	-0.00036
12.33	-0.00296
12.335	-0.00536
12.34	-0.00756
12.345	-0.00959
12.35	-0.01147
12.355	-0.01321
12.36	-0.01479
12.365	-0.01619
12.37	-0.01739
12.375	-0.01837
12.38	-0.01910
12.385	-0.01957
12.39	-0.01979
12.395	-0.01973
12.4	-0.01941
12.405	-0.01887
12.41	-0.01813
12.415	-0.01718
12.42	-0.01600
12.425	-0.01457
12.43	-0.01287
12.435	-0.01084
12.44	-0.00841
12.445	-0.00551
12.45	-0.00214
12.455	0.00175
12.46	0.00610
12.465	0.01087
12.47	0.01603
12.475	0.02146
12.48	0.02703
12.485	0.03262
12.49	0.03806
12.495	0.04321
12.5	0.04795
12.505	0.05217
12.51	0.05581
12.515	0.05878
12.52	0.06107
12.525	0.06267
12.53	0.06357
12.535	0.06381
12.54	0.06341
12.545	0.06240
12.55	0.06083
12.555	0.05876
12.56	0.05624
12.565	0.05335
12.57	0.05018
12.575	0.04685
12.58	0.04349
12.585	0.04023
12.59	0.03719
12.595	0.03442
12.6	0.03199
12.605	0.02991
12.61	0.02817
12.615	0.02675
12.62	0.02562
12.625	0.02475
12.63	0.02405
12.635	0.02352
12.64	0.02309
12.645	0.02274
12.65	0.02242
12.655	0.02211
12.66	0.02178
12.665	0.02142
12.67	0.02106
12.675	0.02068
12.68	0.02030
12.685	0.01995
12.69	0.01965
12.695	0.01941
12.7	0.01928
12.705	0.01926
12.71	0.01937
12.715	0.01962
12.72	0.01996
12.725	0.02036
12.73	0.02081
12.735	0.02129
12.74	0.02177
12.745	0.02224
12.75	0.02265
12.755	0.02294
12.76	0.02305
12.765	0.02292
12.77	0.02250
12.775	0.02173
12.78	0.02059
12.785	0.01910
12.79	0.01726
12.795	0.01506
12.8	0.01250
12.805	0.00963
12.81	0.00646
12.815	0.00305
12.82	-0.00055
12.825	-0.00428
12.83	-0.00811
12.835	-0.01195
12.84	-0.01573
12.845	-0.01935
12.85	-0.02276
12.855	-0.02589
12.86	-0.02862
12.865	-0.03090
12.87	-0.03261
12.875	-0.03368
12.88	-0.03409
12.885	-0.03381
12.89	-0.03284
12.895	-0.03121
12.9	-0.02899
12.905	-0.02629
12.91	-0.02327
12.915	-0.02004
12.92	-0.01676
12.925	-0.01360
12.93	-0.01069
12.935	-0.00817
12.94	-0.00608
12.945	-0.00442
12.95	-0.00320
12.955	-0.00228
12.96	-0.00157
12.965	-0.00094
12.97	-0.00026
12.975	0.00055
12.98	0.00163
12.985	0.00308
12.99	0.00491
12.995	0.00719
13	0.00988
13.005	0.01296
13.01	0.01636
13.015	0.02002
13.02	0.02385
13.025	0.02779
13.03	0.03174
13.035	0.03564
13.04	0.03941
13.045	0.04299
13.05	0.04633
13.055	0.04937
13.06	0.05205
13.065	0.05433
13.07	0.05615
13.075	0.05748
13.08	0.05827
13.085	0.05847
13.09	0.05804
13.095	0.05694
13.1	0.05513
13.105	0.05261
13.11	0.04938
13.115	0.04545
13.12	0.04087
13.125	0.03571
13.13	0.03006
13.135	0.02402
13.14	0.01771
13.145	0.01126
13.15	0.00478
13.155	-0.00169
13.16	-0.00805
13.165	-0.01422
13.17	-0.02013
13.175	-0.02572
13.18	-0.03097
13.185	-0.03582
13.19	-0.04024
13.195	-0.04419
13.2	-0.04759
13.205	-0.05040
13.21	-0.05261
13.215	-0.05418
13.22	-0.05511
13.225	-0.05538
13.23	-0.05505
13.235	-0.05415
13.24	-0.05275
13.245	-0.05093
13.25	-0.04876
13.255	-0.04634
13.26	-0.04377
13.265	-0.04116
13.27	-0.03866
13.275	-0.03632
13.28	-0.03429
13.285	-0.03264
13.29	-0.03144
13.295	-0.03072
13.3	-0.03048
13.305	-0.03068
13.31	-0.03127
13.315	-0.03220
13.32	-0.03337
13.325	-0.03469
13.33	-0.03606
13.335	-0.03738
13.34	-0.03866
13.345	-0.03981
13.35	-0.04080
13.355	-0.04161
13.36	-0.04215
13.365	-0.04239
13.37	-0.04230
13.375	-0.04184
13.38	-0.04095
13.385	-0.03963
13.39	-0.03783
13.395	-0.03550
13.4	-0.03263
13.405	-0.02918
13.41	-0.02522
13.415	-0.02073
13.42	-0.01585
13.425	-0.01063
13.43	-0.00520
13.435	0.00032
13.44	0.00579
13.445	0.01112
13.45	0.01622
13.455	0.02099
13.46	0.02537
13.465	0.02927
13.47	0.03268
13.475	0.03558
13.48	0.03794
13.485	0.03976
13.49	0.04103
13.495	0.04172
13.5	0.04183
13.505	0.04132
13.51	0.04021
13.515	0.03857
13.52	0.03640
13.525	0.03374
13.53	0.03065
13.535	0.02719
13.54	0.02344
13.545	0.01949
13.55	0.01548
13.555	0.01147
13.56	0.00759
13.565	0.00391
13.57	0.00059
13.575	-0.00234
13.58	-0.00481
13.585	-0.00683
13.59	-0.00838
13.595	-0.00945
13.6	-0.00998
13.605	-0.00997
13.61	-0.00944
13.615	-0.00837
13.62	-0.00683
13.625	-0.00483
13.63	-0.00244
13.635	0.00028
13.64	0.00325
13.645	0.00642
13.65	0.00974
13.655	0.01311
13.66	0.01651
13.665	0.01993
13.67	0.02332
13.675	0.02665
13.68	0.02991
13.685	0.03305
13.69	0.03608
13.695	0.03893
13.7	0.04158
13.705	0.04396
13.71	0.04600
13.715	0.04767
13.72	0.04890
13.725	0.04965
13.73	0.04990
13.735	0.04968
13.74	0.04899
13.745	0.04787
13.75	0.04639
13.755	0.04460
13.76	0.04257
13.765	0.04037
13.77	0.03805
13.775	0.03568
13.78	0.03333
13.785	0.03098
13.79	0.02868
13.795	0.02647
13.8	0.02433
13.805	0.02230
13.81	0.02032
13.815	0.01843
13.82	0.01658
13.825	0.01477
13.83	0.01300
13.835	0.01131
13.84	0.00967
13.845	0.00808
13.85	0.00652
13.855	0.00498
13.86	0.00344
13.865	0.00189
13.87	0.00028
13.875	-0.00140
13.88	-0.00318
13.885	-0.00506
13.89	-0.00707
13.895	-0.00920
13.9	-0.01146
13.905	-0.01387
13.91	-0.01635
13.915	-0.01888
13.92	-0.02142
13.925	-0.02390
13.93	-0.02630
13.935	-0.02858
13.94	-0.03074
13.945	-0.03277
13.95	-0.03470
13.955	-0.03651
13.96	-0.03828
13.965	-0.04000
13.97	-0.04170
13.975	-0.04343
13.98	-0.04520
13.985	-0.04700
13.99	-0.04885
13.995	-0.05075
14	-0.05268
14.005	-0.05466
14.01	-0.05667
14.015	-0.05867
14.02	-0.06067
14.025	-0.06260
14.03	-0.06447
14.035	-0.06623
14.04	-0.06788
14.045	-0.06939
14.05	-0.07069
14.055	-0.07179
14.06	-0.07268
14.065	-0.07334
14.07	-0.07379
14.075	-0.07402
14.08	-0.07402
14.085	-0.07378
14.09	-0.07333
14.095	-0.07271
14.1	-0.07196
14.105	-0.07111
14.11	-0.07017
14.115	-0.06921
14.12	-0.06824
14.125	-0.06731
14.13	-0.06644
14.135	-0.06565
14.14	-0.06497
14.145	-0.06440
14.15	-0.06396
14.155	-0.06362
14.16	-0.06337
14.165	-0.06319
14.17	-0.06307
14.175	-0.06295
14.18	-0.06280
14.185	-0.06256
14.19	-0.06219
14.195	-0.06164
14.2	-0.06084
14.205	-0.05974
14.21	-0.05825
14.215	-0.05631
14.22	-0.05388
14.225	-0.05091
14.23	-0.04742
14.235	-0.04343
14.24	-0.03899
14.245	-0.03415
14.25	-0.02902
14.255	-0.02371
14.26	-0.01835
14.265	-0.01310
14.27	-0.00810
14.275	-0.00350
14.28	0.00062
14.285	0.00414
14.29	0.00703
14.295	0.00924
14.3	0.01074
14.305	0.01159
14.31	0.01180
14.315	0.01140
14.32	0.01047
14.325	0.00900
14.33	0.00704
14.335	0.00467
14.34	0.00191
14.345	-0.00116
14.35	-0.00451
14.355	-0.00809
14.36	-0.01185
14.365	-0.01576
14.37	-0.01978
14.375	-0.02385
14.38	-0.02791
14.385	-0.03190
14.39	-0.03577
14.395	-0.03943
14.4	-0.04281
14.405	-0.04587
14.41	-0.04856
14.415	-0.05085
14.42	-0.05271
14.425	-0.05416
14.43	-0.05520
14.435	-0.05583
14.44	-0.05608
14.445	-0.05598
14.45	-0.05558
14.455	-0.05492
14.46	-0.05405
14.465	-0.05299
14.47	-0.05181
14.475	-0.05051
14.48	-0.04918
14.485	-0.04786
14.49	-0.04662
14.495	-0.04546
14.5	-0.04447
14.505	-0.04369
14.51	-0.04316
14.515	-0.04290
14.52	-0.04297
14.525	-0.04336
14.53	-0.04406
14.535	-0.04502
14.54	-0.04612
14.545	-0.04712
14.55	-0.04778
14.555	-0.04779
14.56	-0.04689
14.565	-0.04484
14.57	-0.04143
14.575	-0.03664
14.58	-0.03063
14.585	-0.02385
14.59	-0.01712
14.595	-0.01130
14.6	-0.00663
14.605	-0.00301
14.61	-0.00038
14.615	0.00139
14.62	0.00244
14.625	0.00300
14.63	0.00326
14.635	0.00340
14.64	0.00351
14.645	0.00368
14.65	0.00394
14.655	0.00433
14.66	0.00485
14.665	0.00549
14.67	0.00623
14.675	0.00707
14.68	0.00800
14.685	0.00898
14.69	0.01003
14.695	0.01110
14.7	0.01213
14.705	0.01309
14.71	0.01395
14.715	0.01464
14.72	0.01515
14.725	0.01541
14.73	0.01543
14.735	0.01520
14.74	0.01471
14.745	0.01397
14.75	0.01302
14.755	0.01187
14.76	0.01057
14.765	0.00917
14.77	0.00771
14.775	0.00617
14.78	0.00460
14.785	0.00300
14.79	0.00138
14.795	-0.00025
14.8	-0.00186
14.805	-0.00343
14.81	-0.00493
14.815	-0.00631
14.82	-0.00753
14.825	-0.00859
14.83	-0.00949
14.835	-0.01024
14.84	-0.01086
14.845	-0.01139
14.85	-0.01183
14.855	-0.01223
14.86	-0.01264
14.865	-0.01310
14.87	-0.01364
14.875	-0.01433
14.88	-0.01520
14.885	-0.01625
14.89	-0.01749
14.895	-0.01886
14.9	-0.02031
14.905	-0.02179
14.91	-0.02329
14.915	-0.02478
14.92	-0.02622
14.925	-0.02761
14.93	-0.02897
14.935	-0.03022
14.94	-0.03138
14.945	-0.03240
14.95	-0.03326
14.955	-0.03394
14.96	-0.03443
14.965	-0.03469
14.97	-0.03470
14.975	-0.03447
14.98	-0.03399
14.985	-0.03327
14.99	-0.03236
14.995	-0.03128
15	-0.03006
15.005	-0.02871
15.01	-0.02725
15.015	-0.02572
15.02	-0.02413
15.025	-0.02250
15.03	-0.02082
15.035	-0.01912
15.04	-0.01738
15.045	-0.01563
15.05	-0.01383
15.055	-0.01194
15.06	-0.00994
15.065	-0.00777
15.07	-0.00546
15.075	-0.00301
15.08	-0.00043
15.085	0.00228
15.09	0.00507
15.095	0.00793
15.1	0.01084
15.105	0.01372
15.11	0.01653
15.115	0.01920
15.12	0.02172
15.125	0.02409
15.13	0.02628
15.135	0.02826
15.14	0.03004
15.145	0.03160
15.15	0.03294
15.155	0.03403
15.16	0.03490
15.165	0.03554
15.17	0.03593
15.175	0.03610
15.18	0.03607
15.185	0.03587
15.19	0.03554
15.195	0.03507
15.2	0.03454
15.205	0.03395
15.21	0.03331
15.215	0.03266
15.22	0.03196
15.225	0.03120
15.23	0.03035
15.235	0.02943
15.24	0.02842
15.245	0.02734
15.25	0.02615
15.255	0.02488
15.26	0.02352
15.265	0.02208
15.27	0.02059
15.275	0.01907
15.28	0.01755
15.285	0.01599
15.29	0.01446
15.295	0.01297
15.3	0.01157
15.305	0.01029
15.31	0.00917
15.315	0.00824
15.32	0.00751
15.325	0.00697
15.33	0.00661
15.335	0.00634
15.34	0.00618
15.345	0.00608
15.35	0.00601
15.355	0.00598
15.36	0.00595
15.365	0.00593
15.37	0.00590
15.375	0.00582
15.38	0.00572
15.385	0.00559
15.39	0.00545
15.395	0.00531
15.4	0.00519
15.405	0.00513
15.41	0.00514
15.415	0.00528
15.42	0.00557
15.425	0.00606
15.43	0.00682
15.435	0.00787
15.44	0.00927
15.445	0.01103
15.45	0.01314
15.455	0.01564
15.46	0.01849
15.465	0.02159
15.47	0.02487
15.475	0.02823
15.48	0.03163
15.485	0.03500
15.49	0.03832
15.495	0.04148
15.5	0.04444
15.505	0.04714
15.51	0.04959
15.515	0.05174
15.52	0.05360
15.525	0.05514
15.53	0.05641
15.535	0.05743
15.54	0.05821
15.545	0.05873
15.55	0.05903
15.555	0.05910
15.56	0.05894
15.565	0.05857
15.57	0.05797
15.575	0.05717
15.58	0.05614
15.585	0.05486
15.59	0.05332
15.595	0.05152
15.6	0.04944
15.605	0.04708
15.61	0.04446
15.615	0.04163
15.62	0.03859
15.625	0.03541
15.63	0.03209
15.635	0.02864
15.64	0.02508
15.645	0.02143
15.65	0.01776
15.655	0.01417
15.66	0.01071
15.665	0.00747
15.67	0.00447
15.675	0.00179
15.68	-0.00054
15.685	-0.00250
15.69	-0.00403
15.695	-0.00511
15.7	-0.00574
15.705	-0.00589
15.71	-0.00555
15.715	-0.00473
15.72	-0.00347
15.725	-0.00181
15.73	0.00025
15.735	0.00267
15.74	0.00539
15.745	0.00839
15.75	0.01162
15.755	0.01503
15.76	0.01856
15.765	0.02212
15.77	0.02567
15.775	0.02914
15.78	0.03246
15.785	0.03558
15.79	0.03847
15.795	0.04111
15.8	0.04347
15.805	0.04553
15.81	0.04730
15.815	0.04876
15.82	0.04993
15.825	0.05080
15.83	0.05139
15.835	0.05175
15.84	0.05190
15.845	0.05191
15.85	0.05179
15.855	0.05161
15.86	0.05142
15.865	0.05122
15.87	0.05107
15.875	0.05095
15.88	0.05089
15.885	0.05092
15.89	0.05106
15.895	0.05135
15.9	0.05182
15.905	0.05249
15.91	0.05338
15.915	0.05450
15.92	0.05587
15.925	0.05748
15.93	0.05928
15.935	0.06122
15.94	0.06327
15.945	0.06533
15.95	0.06737
15.955	0.06931
15.96	0.07108
15.965	0.07257
15.97	0.07370
15.975	0.07439
15.98	0.07459
15.985	0.07422
15.99	0.07321
15.995	0.07152
16	0.06913
16.005	0.06605
16.01	0.06227
16.015	0.05783
16.02	0.05284
16.025	0.04736
16.03	0.04152
16.035	0.03551
16.04	0.02948
16.045	0.02357
16.05	0.01785
16.055	0.01242
16.06	0.00731
16.065	0.00252
16.07	-0.00191
16.075	-0.00598
16.08	-0.00966
16.085	-0.01300
16.09	-0.01606
16.095	-0.01886
16.1	-0.02148
16.105	-0.02395
16.11	-0.02635
16.115	-0.02872
16.12	-0.03111
16.125	-0.03357
16.13	-0.03616
16.135	-0.03890
16.14	-0.04185
16.145	-0.04500
16.15	-0.04835
16.155	-0.05190
16.16	-0.05563
16.165	-0.05949
16.17	-0.06343
16.175	-0.06740
16.18	-0.07135
16.185	-0.07520
16.19	-0.07892
16.195	-0.08247
16.2	-0.08579
16.205	-0.08885
16.21	-0.09163
16.215	-0.09409
16.22	-0.09619
16.225	-0.09795
16.23	-0.09935
16.235	-0.10039
16.24	-0.10111
16.245	-0.10152
16.25	-0.10166
16.255	-0.10156
16.26	-0.10125
16.265	-0.10081
16.27	-0.10023
16.275	-0.09958
16.28	-0.09889
16.285	-0.09819
16.29	-0.09756
16.295	-0.09699
16.3	-0.09652
16.305	-0.09616
16.31	-0.09591
16.315	-0.09579
16.32	-0.09579
16.325	-0.09589
16.33	-0.09613
16.335	-0.09649
16.34	-0.09694
16.345	-0.09748
16.35	-0.09810
16.355	-0.09879
16.36	-0.09952
16.365	-0.10028
16.37	-0.10103
16.375	-0.10177
16.38	-0.10245
16.385	-0.10304
16.39	-0.10354
16.395	-0.10392
16.4	-0.10420
16.405	-0.10438
16.41	-0.10444
16.415	-0.10441
16.42	-0.10425
16.425	-0.10396
16.43	-0.10350
16.435	-0.10289
16.44	-0.10212
16.445	-0.10115
16.45	-0.09997
16.455	-0.09855
16.46	-0.09689
16.465	-0.09499
16.47	-0.09285
16.475	-0.09045
16.48	-0.08780
16.485	-0.08489
16.49	-0.08167
16.495	-0.07815
16.5	-0.07432
16.505	-0.07021
16.51	-0.06580
16.515	-0.06110
16.52	-0.05612
16.525	-0.05086
16.53	-0.04532
16.535	-0.03950
16.54	-0.03343
16.545	-0.02708
16.55	-0.02052
16.555	-0.01382
16.56	-0.00705
16.565	-0.00028
16.57	0.00644
16.575	0.01307
16.58	0.01959
16.585	0.02593
16.59	0.03204
16.595	0.03787
16.6	0.04331
16.605	0.04835
16.61	0.05297
16.615	0.05712
16.62	0.06084
16.625	0.06412
16.63	0.06701
16.635	0.06956
16.64	0.07182
16.645	0.07388
16.65	0.07579
16.655	0.07764
16.66	0.07948
16.665	0.08131
16.67	0.08321
16.675	0.08516
16.68	0.08717
16.685	0.08925
16.69	0.09139
16.695	0.09359
16.7	0.09585
16.705	0.09812
16.71	0.10038
16.715	0.10257
16.72	0.10467
16.725	0.10660
16.73	0.10829
16.735	0.10970
16.74	0.11074
16.745	0.11142
16.75	0.11174
16.755	0.11176
16.76	0.11147
16.765	0.11089
16.77	0.11003
16.775	0.10891
16.78	0.10757
16.785	0.10601
16.79	0.10427
16.795	0.10235
16.8	0.10029
16.805	0.09810
16.81	0.09581
16.815	0.09344
16.82	0.09098
16.825	0.08841
16.83	0.08567
16.835	0.08277
16.84	0.07970
16.845	0.07647
16.85	0.07309
16.855	0.06956
16.86	0.06591
16.865	0.06219
16.87	0.05846
16.875	0.05479
16.88	0.05125
16.885	0.04785
16.89	0.04462
16.895	0.04162
16.9	0.03882
16.905	0.03624
16.91	0.03387
16.915	0.03171
16.92	0.02976
16.925	0.02805
16.93	0.02655
16.935	0.02532
16.94	0.02431
16.945	0.02352
16.95	0.02294
16.955	0.02253
16.96	0.02229
16.965	0.02219
16.97	0.02217
16.975	0.02225
16.98	0.02236
16.985	0.02252
16.99	0.02272
16.995	0.02292
17	0.02312
17.005	0.02327
17.01	0.02336
17.015	0.02342
17.02	0.02341
17.025	0.02333
17.03	0.02319
17.035	0.02297
17.04	0.02269
17.045	0.02236
17.05	0.02201
17.055	0.02162
17.06	0.02122
17.065	0.02084
17.07	0.02049
17.075	0.02019
17.08	0.01994
17.085	0.01972
17.09	0.01951
17.095	0.01928
17.1	0.01899
17.105	0.01863
17.11	0.01821
17.115	0.01768
17.12	0.01705
17.125	0.01631
17.13	0.01550
17.135	0.01460
17.14	0.01366
17.145	0.01270
17.15	0.01177
17.155	0.01087
17.16	0.01002
17.165	0.00925
17.17	0.00859
17.175	0.00807
17.18	0.00769
17.185	0.00744
17.19	0.00731
17.195	0.00736
17.2	0.00754
17.205	0.00785
17.21	0.00827
17.215	0.00879
17.22	0.00942
17.225	0.01018
17.23	0.01106
17.235	0.01210
17.24	0.01327
17.245	0.01457
17.25	0.01603
17.255	0.01755
17.26	0.01914
17.265	0.02070
17.27	0.02222
17.275	0.02365
17.28	0.02502
17.285	0.02629
17.29	0.02745
17.295	0.02848
17.3	0.02938
17.305	0.03019
17.31	0.03091
17.315	0.03159
17.32	0.03222
17.325	0.03285
17.33	0.03350
17.335	0.03417
17.34	0.03489
17.345	0.03564
17.35	0.03642
17.355	0.03723
17.36	0.03804
17.365	0.03887
17.37	0.03970
17.375	0.04048
17.38	0.04120
17.385	0.04184
17.39	0.04233
17.395	0.04265
17.4	0.04275
17.405	0.04258
17.41	0.04207
17.415	0.04116
17.42	0.03983
17.425	0.03807
17.43	0.03594
17.435	0.03351
17.44	0.03084
17.445	0.02801
17.45	0.02512
17.455	0.02222
17.46	0.01937
17.465	0.01661
17.47	0.01396
17.475	0.01144
17.48	0.00904
17.485	0.00674
17.49	0.00456
17.495	0.00252
17.5	0.00061
17.505	-0.00118
17.51	-0.00282
17.515	-0.00436
17.52	-0.00578
17.525	-0.00712
17.53	-0.00838
17.535	-0.00957
17.54	-0.01070
17.545	-0.01178
17.55	-0.01280
17.555	-0.01377
17.56	-0.01466
17.565	-0.01544
17.57	-0.01615
17.575	-0.01674
17.58	-0.01723
17.585	-0.01759
17.59	-0.01783
17.595	-0.01794
17.6	-0.01794
17.605	-0.01783
17.61	-0.01762
17.615	-0.01730
17.62	-0.01689
17.625	-0.01642
17.63	-0.01595
17.635	-0.01550
17.64	-0.01511
17.645	-0.01477
17.65	-0.01450
17.655	-0.01425
17.66	-0.01408
17.665	-0.01397
17.67	-0.01393
17.675	-0.01394
17.68	-0.01396
17.685	-0.01397
17.69	-0.01393
17.695	-0.01384
17.7	-0.01369
17.705	-0.01348
17.71	-0.01320
17.715	-0.01284
17.72	-0.01237
17.725	-0.01182
17.73	-0.01118
17.735	-0.01050
17.74	-0.00980
17.745	-0.00911
17.75	-0.00848
17.755	-0.00793
17.76	-0.00749
17.765	-0.00714
17.77	-0.00694
17.775	-0.00688
17.78	-0.00697
17.785	-0.00722
17.79	-0.00758
17.795	-0.00805
17.8	-0.00859
17.805	-0.00917
17.81	-0.00977
17.815	-0.01034
17.82	-0.01084
17.825	-0.01122
17.83	-0.01146
17.835	-0.01151
17.84	-0.01136
17.845	-0.01097
17.85	-0.01036
17.855	-0.00955
17.86	-0.00855
17.865	-0.00743
17.87	-0.00620
17.875	-0.00491
17.88	-0.00356
17.885	-0.00221
17.89	-0.00086
17.895	0.00048
17.9	0.00182
17.905	0.00313
17.91	0.00440
17.915	0.00561
17.92	0.00681
17.925	0.00800
17.93	0.00922
17.935	0.01049
17.94	0.01181
17.945	0.01322
17.95	0.01471
17.955	0.01629
17.96	0.01794
17.965	0.01963
17.97	0.02136
17.975	0.02305
17.98	0.02473
17.985	0.02638
17.99	0.02795
17.995	0.02938
18	0.03070
18.005	0.03185
18.01	0.03285
18.015	0.03371
18.02	0.03444
18.025	0.03505
18.03	0.03550
18.035	0.03581
18.04	0.03599
18.045	0.03607
18.05	0.03607
18.055	0.03600
18.06	0.03589
18.065	0.03574
18.07	0.03558
18.075	0.03544
18.08	0.03530
18.085	0.03520
18.09	0.03513
18.095	0.03509
18.1	0.03512
18.105	0.03520
18.11	0.03535
18.115	0.03556
18.12	0.03579
18.125	0.03606
18.13	0.03634
18.135	0.03664
18.14	0.03694
18.145	0.03726
18.15	0.03756
18.155	0.03785
18.16	0.03812
18.165	0.03836
18.17	0.03857
18.175	0.03873
18.18	0.03882
18.185	0.03886
18.19	0.03877
18.195	0.03859
18.2	0.03830
18.205	0.03789
18.21	0.03736
18.215	0.03672
18.22	0.03597
18.225	0.03513
18.23	0.03417
18.235	0.03309
18.24	0.03184
18.245	0.03041
18.25	0.02881
18.255	0.02712
18.26	0.02542
18.265	0.02375
18.27	0.02217
18.275	0.02071
18.28	0.01942
18.285	0.01830
18.29	0.01736
18.295	0.01660
18.3	0.01596
18.305	0.01540
18.31	0.01490
18.315	0.01442
18.32	0.01395
18.325	0.01347
18.33	0.01297
18.335	0.01241
18.34	0.01177
18.345	0.01103
18.35	0.01014
18.355	0.00910
18.36	0.00788
18.365	0.00647
18.37	0.00484
18.375	0.00305
18.38	0.00108
18.385	-0.00106
18.39	-0.00336
18.395	-0.00581
18.4	-0.00836
18.405	-0.01097
18.41	-0.01360
18.415	-0.01624
18.42	-0.01883
18.425	-0.02133
18.43	-0.02369
18.435	-0.02584
18.44	-0.02775
18.445	-0.02940
18.45	-0.03075
18.455	-0.03177
18.46	-0.03244
18.465	-0.03277
18.47	-0.03272
18.475	-0.03229
18.48	-0.03150
18.485	-0.03040
18.49	-0.02904
18.495	-0.02751
18.5	-0.02595
18.505	-0.02441
18.51	-0.02297
18.515	-0.02169
18.52	-0.02060
18.525	-0.01976
18.53	-0.01920
18.535	-0.01893
18.54	-0.01890
18.545	-0.01913
18.55	-0.01956
18.555	-0.02016
18.56	-0.02088
18.565	-0.02167
18.57	-0.02251
18.575	-0.02337
18.58	-0.02428
18.585	-0.02525
18.59	-0.02629
18.595	-0.02745
18.6	-0.02870
18.605	-0.03008
18.61	-0.03159
18.615	-0.03317
18.62	-0.03481
18.625	-0.03644
18.63	-0.03803
18.635	-0.03956
18.64	-0.04096
18.645	-0.04221
18.65	-0.04329
18.655	-0.04419
18.66	-0.04489
18.665	-0.04540
18.67	-0.04570
18.675	-0.04579
18.68	-0.04569
18.685	-0.04539
18.69	-0.04496
18.695	-0.04443
18.7	-0.04379
18.705	-0.04309
18.71	-0.04235
18.715	-0.04158
18.72	-0.04077
18.725	-0.03995
18.73	-0.03909
18.735	-0.03817
18.74	-0.03714
18.745	-0.03596
18.75	-0.03461
18.755	-0.03305
18.76	-0.03125
18.765	-0.02925
18.77	-0.02700
18.775	-0.02455
18.78	-0.02194
18.785	-0.01918
18.79	-0.01630
18.795	-0.01338
18.8	-0.01042
18.805	-0.00745
18.81	-0.00453
18.815	-0.00163
18.82	0.00115
18.825	0.00381
18.83	0.00631
18.835	0.00867
18.84	0.01087
18.845	0.01295
18.85	0.01490
18.855	0.01670
18.86	0.01839
18.865	0.01994
18.87	0.02138
18.875	0.02273
18.88	0.02399
18.885	0.02518
18.89	0.02630
18.895	0.02731
18.9	0.02816
18.905	0.02886
18.91	0.02941
18.915	0.02984
18.92	0.03014
18.925	0.03030
18.93	0.03038
18.935	0.03040
18.94	0.03035
18.945	0.03024
18.95	0.03008
18.955	0.02985
18.96	0.02960
18.965	0.02934
18.97	0.02912
18.975	0.02897
18.98	0.02888
18.985	0.02888
18.99	0.02897
18.995	0.02915
19	0.02944
19.005	0.02980
19.01	0.03021
19.015	0.03062
19.02	0.03099
19.025	0.03132
19.03	0.03155
19.035	0.03168
19.04	0.03169
19.045	0.03159
19.05	0.03138
19.055	0.03104
19.06	0.03063
19.065	0.03011
19.07	0.02952
19.075	0.02890
19.08	0.02828
19.085	0.02767
19.09	0.02711
19.095	0.02662
19.1	0.02619
19.105	0.02578
19.11	0.02538
19.115	0.02506
19.12	0.02478
19.125	0.02451
19.13	0.02425
19.135	0.02400
19.14	0.02378
19.145	0.02357
19.15	0.02339
19.155	0.02322
19.16	0.02307
19.165	0.02295
19.17	0.02289
19.175	0.02288
19.18	0.02291
19.185	0.02299
19.19	0.02307
19.195	0.02315
19.2	0.02319
19.205	0.02320
19.21	0.02317
19.215	0.02310
19.22	0.02299
19.225	0.02284
19.23	0.02268
19.235	0.02252
19.24	0.02238
19.245	0.02227
19.25	0.02222
19.255	0.02225
19.26	0.02237
19.265	0.02257
19.27	0.02285
19.275	0.02318
19.28	0.02359
19.285	0.02404
19.29	0.02452
19.295	0.02498
19.3	0.02543
19.305	0.02585
19.31	0.02624
19.315	0.02658
19.32	0.02687
19.325	0.02709
19.33	0.02720
19.335	0.02720
19.34	0.02708
19.345	0.02683
19.35	0.02643
19.355	0.02588
19.36	0.02518
19.365	0.02431
19.37	0.02327
19.375	0.02206
19.38	0.02068
19.385	0.01909
19.39	0.01734
19.395	0.01540
19.4	0.01333
19.405	0.01109
19.41	0.00872
19.415	0.00625
19.42	0.00371
19.425	0.00115
19.43	-0.00144
19.435	-0.00401
19.44	-0.00652
19.445	-0.00897
19.45	-0.01129
19.455	-0.01350
19.46	-0.01561
19.465	-0.01761
19.47	-0.01948
19.475	-0.02120
19.48	-0.02278
19.485	-0.02418
19.49	-0.02542
19.495	-0.02652
19.5	-0.02746
19.505	-0.02828
19.51	-0.02898
19.515	-0.02958
19.52	-0.03008
19.525	-0.03047
19.53	-0.03075
19.535	-0.03095
19.54	-0.03108
19.545	-0.03113
19.55	-0.03111
19.555	-0.03106
19.56	-0.03099
19.565	-0.03091
19.57	-0.03084
19.575	-0.03077
19.58	-0.03069
19.585	-0.03059
19.59	-0.03049
19.595	-0.03037
19.6	-0.03022
19.605	-0.03005
19.61	-0.02985
19.615	-0.02963
19.62	-0.02938
19.625	-0.02909
19.63	-0.02881
19.635	-0.02849
19.64	-0.02817
19.645	-0.02782
19.65	-0.02745
19.655	-0.02706
19.66	-0.02665
19.665	-0.02621
19.67	-0.02573
19.675	-0.02525
19.68	-0.02475
19.685	-0.02427
19.69	-0.02379
19.695	-0.02335
19.7	-0.02295
19.705	-0.02264
19.71	-0.02239
19.715	-0.02219
19.72	-0.02202
19.725	-0.02188
19.73	-0.02172
19.735	-0.02152
19.74	-0.02129
19.745	-0.02102
19.75	-0.02072
19.755	-0.02036
19.76	-0.01995
19.765	-0.01948
19.77	-0.01897
19.775	-0.01843
19.78	-0.01787
19.785	-0.01730
19.79	-0.01676
19.795	-0.01626
19.8	-0.01583
19.805	-0.01549
19.81	-0.01526
19.815	-0.01515
19.82	-0.01514
19.825	-0.01527
19.83	-0.01555
19.835	-0.01599
19.84	-0.01660
19.845	-0.01739
19.85	-0.01836
19.855	-0.01946
19.86	-0.02072
19.865	-0.02210
19.87	-0.02355
19.875	-0.02507
19.88	-0.02663
19.885	-0.02823
19.89	-0.02987
19.895	-0.03151
19.9	-0.03314
19.905	-0.03474
19.91	-0.03630
19.915	-0.03778
19.92	-0.03920
19.925	-0.04053
19.93	-0.04177
19.935	-0.04293
19.94	-0.04402
19.945	-0.04509
19.95	-0.04619
19.955	-0.04729
19.96	-0.04835
19.965	-0.04939
19.97	-0.05036
19.975	-0.05128
19.98	-0.05214
19.985	-0.05295
19.99	-0.05370
19.995	-0.05440
20	-0.05505
20.005	-0.05567
20.01	-0.05627
20.015	-0.05686
20.02	-0.05748
20.025	-0.05812
20.03	-0.05882
20.035	-0.05956
20.04	-0.06033
20.045	-0.06114
20.05	-0.06191
20.055	-0.06267
20.06	-0.06332
20.065	-0.06386
20.07	-0.06427
20.075	-0.06451
20.08	-0.06458
20.085	-0.06447
20.09	-0.06420
20.095	-0.06377
20.1	-0.06323
20.105	-0.06254
20.11	-0.06174
20.115	-0.06088
20.12	-0.05997
20.125	-0.05902
20.13	-0.05804
20.135	-0.05706
20.14	-0.05608
20.145	-0.05506
20.15	-0.05401
20.155	-0.05293
20.16	-0.05181
20.165	-0.05062
20.17	-0.04935
20.175	-0.04799
20.18	-0.04655
20.185	-0.04505
20.19	-0.04352
20.195	-0.04195
20.2	-0.04034
20.205	-0.03869
20.21	-0.03700
20.215	-0.03530
20.22	-0.03357
20.225	-0.03178
20.23	-0.02994
20.235	-0.02809
20.24	-0.02620
20.245	-0.02428
20.25	-0.02231
20.255	-0.02027
20.26	-0.01822
20.265	-0.01618
20.27	-0.01419
20.275	-0.01223
20.28	-0.01033
20.285	-0.00844
20.29	-0.00656
20.295	-0.00469
20.3	-0.00285
20.305	-0.00100
20.31	0.00090
20.315	0.00282
20.32	0.00475
20.325	0.00667
20.33	0.00858
20.335	0.01049
20.34	0.01240
20.345	0.01428
20.35	0.01613
20.355	0.01793
20.36	0.01972
20.365	0.02148
20.37	0.02315
20.375	0.02475
20.38	0.02622
20.385	0.02756
20.39	0.02878
20.395	0.02986
20.4	0.03081
20.405	0.03160
20.41	0.03221
20.415	0.03263
20.42	0.03286
20.425	0.03291
20.43	0.03275
20.435	0.03239
20.44	0.03181
20.445	0.03104
20.45	0.03011
20.455	0.02901
20.46	0.02777
20.465	0.02642
20.47	0.02502
20.475	0.02360
20.48	0.02219
20.485	0.02083
20.49	0.01953
20.495	0.01831
20.5	0.01716
20.505	0.01610
20.51	0.01513
20.515	0.01426
20.52	0.01346
20.525	0.01269
20.53	0.01200
20.535	0.01142
20.54	0.01095
20.545	0.01060
20.55	0.01033
20.555	0.01016
20.56	0.01010
20.565	0.01016
20.57	0.01033
20.575	0.01057
20.58	0.01090
20.585	0.01133
20.59	0.01183
20.595	0.01244
20.6	0.01314
20.605	0.01395
20.61	0.01484
20.615	0.01585
20.62	0.01697
20.625	0.01822
20.63	0.01959
20.635	0.02106
20.64	0.02264
20.645	0.02427
20.65	0.02594
20.655	0.02759
20.66	0.02918
20.665	0.03070
20.67	0.03211
20.675	0.03334
20.68	0.03438
20.685	0.03522
20.69	0.03588
20.695	0.03633
20.7	0.03659
20.705	0.03668
20.71	0.03660
20.715	0.03634
20.72	0.03587
20.725	0.03520
20.73	0.03438
20.735	0.03339
20.74	0.03224
20.745	0.03095
20.75	0.02954
20.755	0.02801
20.76	0.02634
20.765	0.02455
20.77	0.02267
20.775	0.02072
20.78	0.01872
20.785	0.01665
20.79	0.01450
20.795	0.01234
20.8	0.01014
20.805	0.00789
20.81	0.00558
20.815	0.00322
20.82	0.00081
20.825	-0.00165
20.83	-0.00412
20.835	-0.00661
20.84	-0.00907
20.845	-0.01149
20.85	-0.01384
20.855	-0.01610
20.86	-0.01826
20.865	-0.02029
20.87	-0.02214
20.875	-0.02377
20.88	-0.02518
20.885	-0.02641
20.89	-0.02744
20.895	-0.02828
20.9	-0.02897
20.905	-0.02952
20.91	-0.03000
20.915	-0.03039
20.92	-0.03071
20.925	-0.03099
20.93	-0.03124
20.935	-0.03146
20.94	-0.03168
20.945	-0.03188
20.95	-0.03208
20.955	-0.03228
20.96	-0.03251
20.965	-0.03277
20.97	-0.03307
20.975	-0.03338
20.98	-0.03367
20.985	-0.03389
20.99	-0.03404
20.995	-0.03411
21	-0.03410
21.005	-0.03399
21.01	-0.03374
21.015	-0.03336
21.02	-0.03285
21.025	-0.03223
21.03	-0.03153
21.035	-0.03076
21.04	-0.02991
21.045	-0.02901
21.05	-0.02805
21.055	-0.02705
21.06	-0.02606
21.065	-0.02506
21.07	-0.02406
21.075	-0.02306
21.08	-0.02205
21.085	-0.02102
21.09	-0.01997
21.095	-0.01893
21.1	-0.01788
21.105	-0.01684
21.11	-0.01582
21.115	-0.01483
21.12	-0.01383
21.125	-0.01281
21.13	-0.01180
21.135	-0.01082
21.14	-0.00985
21.145	-0.00894
21.15	-0.00814
21.155	-0.00751
21.16	-0.00708
21.165	-0.00689
21.17	-0.00694
21.175	-0.00725
21.18	-0.00783
21.185	-0.00864
21.19	-0.00973
21.195	-0.01104
21.2	-0.01258
21.205	-0.01435
21.21	-0.01629
21.215	-0.01832
21.22	-0.02042
21.225	-0.02254
21.23	-0.02461
21.235	-0.02658
21.24	-0.02843
21.245	-0.03013
21.25	-0.03164
21.255	-0.03296
21.26	-0.03408
21.265	-0.03501
21.27	-0.03575
21.275	-0.03629
21.28	-0.03658
21.285	-0.03662
21.29	-0.03637
21.295	-0.03582
21.3	-0.03500
21.305	-0.03396
21.31	-0.03271
21.315	-0.03128
21.32	-0.02971
21.325	-0.02801
21.33	-0.02620
21.335	-0.02428
21.34	-0.02226
21.345	-0.02015
21.35	-0.01796
21.355	-0.01570
21.36	-0.01340
21.365	-0.01110
21.37	-0.00882
21.375	-0.00660
21.38	-0.00446
21.385	-0.00240
21.39	-0.00045
21.395	0.00141
21.4	0.00318
21.405	0.00485
21.41	0.00640
21.415	0.00783
21.42	0.00916
21.425	0.01037
21.43	0.01147
21.435	0.01250
21.44	0.01345
21.445	0.01436
21.45	0.01524
21.455	0.01609
21.46	0.01690
21.465	0.01772
21.47	0.01855
21.475	0.01941
21.48	0.02027
21.485	0.02115
21.49	0.02202
21.495	0.02285
21.5	0.02365
21.505	0.02442
21.51	0.02514
21.515	0.02584
21.52	0.02648
21.525	0.02706
21.53	0.02757
21.535	0.02797
21.54	0.02829
21.545	0.02852
21.55	0.02862
21.555	0.02861
21.56	0.02845
21.565	0.02816
21.57	0.02776
21.575	0.02725
21.58	0.02665
21.585	0.02602
21.59	0.02534
21.595	0.02468
21.6	0.02405
21.605	0.02349
21.61	0.02300
21.615	0.02259
21.62	0.02224
21.625	0.02195
21.63	0.02173
21.635	0.02155
21.64	0.02136
21.645	0.02121
21.65	0.02105
21.655	0.02088
21.66	0.02069
21.665	0.02044
21.67	0.02015
21.675	0.01980
21.68	0.01942
21.685	0.01899
21.69	0.01853
21.695	0.01803
21.7	0.01752
21.705	0.01702
21.71	0.01656
21.715	0.01614
21.72	0.01577
21.725	0.01546
21.73	0.01519
21.735	0.01496
21.74	0.01476
21.745	0.01459
21.75	0.01442
21.755	0.01425
21.76	0.01409
21.765	0.01395
21.77	0.01381
21.775	0.01367
21.78	0.01352
21.785	0.01337
21.79	0.01323
21.795	0.01313
21.8	0.01306
21.805	0.01306
21.81	0.01316
21.815	0.01336
21.82	0.01369
21.825	0.01414
21.83	0.01469
21.835	0.01530
21.84	0.01593
21.845	0.01658
21.85	0.01721
21.855	0.01782
21.86	0.01836
21.865	0.01879
21.87	0.01913
21.875	0.01931
21.88	0.01933
21.885	0.01917
21.89	0.01883
21.895	0.01829
21.9	0.01756
21.905	0.01663
21.91	0.01551
21.915	0.01419
21.92	0.01269
21.925	0.01100
21.93	0.00914
21.935	0.00711
21.94	0.00493
21.945	0.00256
21.95	0.00005
21.955	-0.00256
21.96	-0.00524
21.965	-0.00794
21.97	-0.01061
21.975	-0.01318
21.98	-0.01562
21.985	-0.01789
21.99	-0.02000
21.995	-0.02192
22	-0.02369
22.005	-0.02528
22.01	-0.02674
22.015	-0.02805
22.02	-0.02925
22.025	-0.03028
22.03	-0.03118
22.035	-0.03194
22.04	-0.03254
22.045	-0.03298
22.05	-0.03328
22.055	-0.03346
22.06	-0.03351
22.065	-0.03346
22.07	-0.03332
22.075	-0.03311
22.08	-0.03283
22.085	-0.03250
22.09	-0.03208
22.095	-0.03159
22.1	-0.03099
22.105	-0.03031
22.11	-0.02958
22.115	-0.02877
22.12	-0.02792
22.125	-0.02702
22.13	-0.02605
22.135	-0.02499
22.14	-0.02383
22.145	-0.02255
22.15	-0.02112
22.155	-0.01952
22.16	-0.01776
22.165	-0.01589
22.17	-0.01392
22.175	-0.01187
22.18	-0.00980
22.185	-0.00769
22.19	-0.00551
22.195	-0.00328
22.2	-0.00098
22.205	0.00134
22.21	0.00371
22.215	0.00608
22.22	0.00844
22.225	0.01078
22.23	0.01307
22.235	0.01528
22.24	0.01744
22.245	0.01953
22.25	0.02156
22.255	0.02356
22.26	0.02549
22.265	0.02738
22.27	0.02921
22.275	0.03093
22.28	0.03254
22.285	0.03400
22.29	0.03530
22.295	0.03644
22.3	0.03740
22.305	0.03817
22.31	0.03873
22.315	0.03907
22.32	0.03920
22.325	0.03907
22.33	0.03873
22.335	0.03814
22.34	0.03735
22.345	0.03640
22.35	0.03534
22.355	0.03416
22.36	0.03291
22.365	0.03161
22.37	0.03028
22.375	0.02892
22.38	0.02751
22.385	0.02606
22.39	0.02455
22.395	0.02298
22.4	0.02135
22.405	0.01969
22.41	0.01803
22.415	0.01634
22.42	0.01466
22.425	0.01295
22.43	0.01122
22.435	0.00944
22.44	0.00765
22.445	0.00584
22.45	0.00403
22.455	0.00223
22.46	0.00043
22.465	-0.00135
22.47	-0.00310
22.475	-0.00488
22.48	-0.00668
22.485	-0.00851
22.49	-0.01032
22.495	-0.01212
22.5	-0.01390
22.505	-0.01568
22.51	-0.01742
22.515	-0.01914
22.52	-0.02084
22.525	-0.02252
22.53	-0.02417
22.535	-0.02577
22.54	-0.02731
22.545	-0.02873
22.55	-0.03001
22.555	-0.03111
22.56	-0.03199
22.565	-0.03263
22.57	-0.03304
22.575	-0.03326
22.58	-0.03332
22.585	-0.03323
22.59	-0.03301
22.595	-0.03265
22.6	-0.03216
22.605	-0.03153
22.61	-0.03073
22.615	-0.02976
22.62	-0.02863
22.625	-0.02735
22.63	-0.02595
22.635	-0.02448
22.64	-0.02299
22.645	-0.02153
22.65	-0.02009
22.655	-0.01869
22.66	-0.01726
22.665	-0.01582
22.67	-0.01433
22.675	-0.01277
22.68	-0.01110
22.685	-0.00931
22.69	-0.00746
22.695	-0.00554
22.7	-0.00358
22.705	-0.00159
22.71	0.00038
22.715	0.00233
22.72	0.00421
22.725	0.00600
22.73	0.00771
22.735	0.00930
22.74	0.01080
22.745	0.01220
22.75	0.01350
22.755	0.01470
22.76	0.01577
22.765	0.01673
22.77	0.01757
22.775	0.01828
22.78	0.01886
22.785	0.01933
22.79	0.01967
22.795	0.01990
22.8	0.02002
22.805	0.01996
22.81	0.01975
22.815	0.01939
22.82	0.01893
22.825	0.01839
22.83	0.01782
22.835	0.01721
22.84	0.01661
22.845	0.01600
22.85	0.01538
22.855	0.01474
22.86	0.01413
22.865	0.01357
22.87	0.01307
22.875	0.01263
22.88	0.01223
22.885	0.01186
22.89	0.01150
22.895	0.01118
22.9	0.01090
22.905	0.01070
22.91	0.01057
22.915	0.01048
22.92	0.01046
22.925	0.01051
22.93	0.01067
22.935	0.01088
22.94	0.01114
22.945	0.01142
22.95	0.01167
22.955	0.01189
22.96	0.01204
22.965	0.01212
22.97	0.01212
22.975	0.01206
22.98	0.01195
22.985	0.01180
22.99	0.01158
22.995	0.01130
23	0.01100
23.005	0.01067
23.01	0.01034
23.015	0.01000
23.02	0.00966
23.025	0.00934
23.03	0.00905
23.035	0.00878
23.04	0.00855
23.045	0.00831
23.05	0.00804
23.055	0.00769
23.06	0.00727
23.065	0.00679
23.07	0.00624
23.075	0.00557
23.08	0.00476
23.085	0.00380
23.09	0.00268
23.095	0.00141
23.1	0.00002
23.105	-0.00146
23.11	-0.00297
23.115	-0.00450
23.12	-0.00601
23.125	-0.00752
23.13	-0.00900
23.135	-0.01047
23.14	-0.01187
23.145	-0.01320
23.15	-0.01445
23.155	-0.01565
23.16	-0.01679
23.165	-0.01789
23.17	-0.01893
23.175	-0.01990
23.18	-0.02082
23.185	-0.02170
23.19	-0.02257
23.195	-0.02341
23.2	-0.02419
23.205	-0.02494
23.21	-0.02565
23.215	-0.02635
23.22	-0.02700
23.225	-0.02758
23.23	-0.02808
23.235	-0.02852
23.24	-0.02888
23.245	-0.02915
23.25	-0.02931
23.255	-0.02935
23.26	-0.02929
23.265	-0.02913
23.27	-0.02886
23.275	-0.02848
23.28	-0.02800
23.285	-0.02745
23.29	-0.02685
23.295	-0.02615
23.3	-0.02539
23.305	-0.02452
23.31	-0.02358
23.315	-0.02255
23.32	-0.02143
23.325	-0.02021
23.33	-0.01893
23.335	-0.01758
23.34	-0.01619
23.345	-0.01477
23.35	-0.01330
23.355	-0.01180
23.36	-0.01030
23.365	-0.00878
23.37	-0.00724
23.375	-0.00562
23.38	-0.00396
23.385	-0.00225
23.39	-0.00055
23.395	0.00116
23.4	0.00287
23.405	0.00454
23.41	0.00614
23.415	0.00765
23.42	0.00907
23.425	0.01040
23.43	0.01166
23.435	0.01290
23.44	0.01417
23.445	0.01546
23.45	0.01673
23.455	0.01800
23.46	0.01927
23.465	0.02053
23.47	0.02180
23.475	0.02307
23.48	0.02436
23.485	0.02572
23.49	0.02711
23.495	0.02857
23.5	0.03008
23.505	0.03164
23.51	0.03329
23.515	0.03500
23.52	0.03679
23.525	0.03859
23.53	0.04042
23.535	0.04230
23.54	0.04421
23.545	0.04613
23.55	0.04804
23.555	0.04989
23.56	0.05171
23.565	0.05348
23.57	0.05520
23.575	0.05683
23.58	0.05837
23.585	0.05982
23.59	0.06118
23.595	0.06247
23.6	0.06371
23.605	0.06489
23.61	0.06603
23.615	0.06717
23.62	0.06831
23.625	0.06945
23.63	0.07056
23.635	0.07167
23.64	0.07279
23.645	0.07395
23.65	0.07507
23.655	0.07613
23.66	0.07713
23.665	0.07805
23.67	0.07888
23.675	0.07957
23.68	0.08010
23.685	0.08046
23.69	0.08067
23.695	0.08068
23.7	0.08051
23.705	0.08015
23.71	0.07963
23.715	0.07893
23.72	0.07805
23.725	0.07698
23.73	0.07575
23.735	0.07435
23.74	0.07281
23.745	0.07112
23.75	0.06931
23.755	0.06736
23.76	0.06530
23.765	0.06315
23.77	0.06090
23.775	0.05861
23.78	0.05627
23.785	0.05390
23.79	0.05150
23.795	0.04909
23.8	0.04666
23.805	0.04423
23.81	0.04177
23.815	0.03926
23.82	0.03670
23.825	0.03409
23.83	0.03144
23.835	0.02871
23.84	0.02592
23.845	0.02308
23.85	0.02016
23.855	0.01718
23.86	0.01417
23.865	0.01116
23.87	0.00814
23.875	0.00514
23.88	0.00220
23.885	-0.00064
23.89	-0.00336
23.895	-0.00599
23.9	-0.00848
23.905	-0.01086
23.91	-0.01313
23.915	-0.01531
23.92	-0.01739
23.925	-0.01939
23.93	-0.02132
23.935	-0.02320
23.94	-0.02500
23.945	-0.02673
23.95	-0.02840
23.955	-0.03001
23.96	-0.03158
23.965	-0.03309
23.97	-0.03455
23.975	-0.03593
23.98	-0.03720
23.985	-0.03838
23.99	-0.03946
23.995	-0.04042
24	-0.04129
24.005	-0.04207
24.01	-0.04276
24.015	-0.04336
24.02	-0.04386
24.025	-0.04424
24.03	-0.04451
24.035	-0.04465
24.04	-0.04466
24.045	-0.04455
24.05	-0.04433
24.055	-0.04405
24.06	-0.04371
24.065	-0.04333
24.07	-0.04288
24.075	-0.04239
24.08	-0.04184
24.085	-0.04127
24.09	-0.04070
24.095	-0.04011
24.1	-0.03953
24.105	-0.03897
24.11	-0.03843
24.115	-0.03791
24.12	-0.03738
24.125	-0.03682
24.13	-0.03620
24.135	-0.03553
24.14	-0.03477
24.145	-0.03395
24.15	-0.03307
24.155	-0.03215
24.16	-0.03121
24.165	-0.03024
24.17	-0.02925
24.175	-0.02824
24.18	-0.02720
24.185	-0.02613
24.19	-0.02507
24.195	-0.02401
24.2	-0.02295
24.205	-0.02192
24.21	-0.02096
24.215	-0.02009
24.22	-0.01933
24.225	-0.01868
24.23	-0.01814
24.235	-0.01773
24.24	-0.01741
24.245	-0.01720
24.25	-0.01709
24.255	-0.01706
24.26	-0.01712
24.265	-0.01723
24.27	-0.01739
24.275	-0.01759
24.28	-0.01784
24.285	-0.01814
24.29	-0.01847
24.295	-0.01881
24.3	-0.01916
24.305	-0.01951
24.31	-0.01983
24.315	-0.02013
24.32	-0.02043
24.325	-0.02073
24.33	-0.02106
24.335	-0.02142
24.34	-0.02182
24.345	-0.02225
24.35	-0.02275
24.355	-0.02329
24.36	-0.02389
24.365	-0.02455
24.37	-0.02526
24.375	-0.02605
24.38	-0.02686
24.385	-0.02765
24.39	-0.02835
24.395	-0.02898
24.4	-0.02949
24.405	-0.02988
24.41	-0.03014
24.415	-0.03028
24.42	-0.03028
24.425	-0.03017
24.43	-0.02997
24.435	-0.02971
24.44	-0.02941
24.445	-0.02908
24.45	-0.02874
24.455	-0.02836
24.46	-0.02797
24.465	-0.02755
24.47	-0.02714
24.475	-0.02675
24.48	-0.02634
24.485	-0.02595
24.49	-0.02558
24.495	-0.02523
24.5	-0.02491
24.505	-0.02464
24.51	-0.02442
24.515	-0.02422
24.52	-0.02405
24.525	-0.02390
24.53	-0.02375
24.535	-0.02362
24.54	-0.02350
24.545	-0.02337
24.55	-0.02327
24.555	-0.02318
24.56	-0.02312
24.565	-0.02309
24.57	-0.02310
24.575	-0.02312
24.58	-0.02312
24.585	-0.02312
24.59	-0.02313
24.595	-0.02315
24.6	-0.02318
24.605	-0.02319
24.61	-0.02318
24.615	-0.02312
24.62	-0.02302
24.625	-0.02285
24.63	-0.02260
24.635	-0.02224
24.64	-0.02177
24.645	-0.02120
24.65	-0.02056
24.655	-0.01985
24.66	-0.01908
24.665	-0.01827
24.67	-0.01741
24.675	-0.01652
24.68	-0.01559
24.685	-0.01460
24.69	-0.01358
24.695	-0.01250
24.7	-0.01141
24.705	-0.01033
24.71	-0.00926
24.715	-0.00827
24.72	-0.00737
24.725	-0.00657
24.73	-0.00588
24.735	-0.00533
24.74	-0.00488
24.745	-0.00452
24.75	-0.00420
24.755	-0.00391
24.76	-0.00360
24.765	-0.00328
24.77	-0.00291
24.775	-0.00251
24.78	-0.00206
24.785	-0.00158
24.79	-0.00108
24.795	-0.00055
24.8	-0.00002
24.805	0.00052
24.81	0.00101
24.815	0.00148
24.82	0.00186
24.825	0.00220
24.83	0.00246
24.835	0.00268
24.84	0.00284
24.845	0.00294
24.85	0.00300
24.855	0.00304
24.86	0.00303
24.865	0.00299
24.87	0.00294
24.875	0.00288
24.88	0.00282
24.885	0.00281
24.89	0.00280
24.895	0.00285
24.9	0.00296
24.905	0.00312
24.91	0.00336
24.915	0.00370
24.92	0.00411
24.925	0.00461
24.93	0.00516
24.935	0.00577
24.94	0.00638
24.945	0.00703
24.95	0.00766
24.955	0.00830
24.96	0.00892
24.965	0.00950
24.97	0.01006
24.975	0.01056
24.98	0.01103
24.985	0.01146
24.99	0.01188
24.995	0.01226
25	0.01260
25.005	0.01291
25.01	0.01317
25.015	0.01341
25.02	0.01367
25.025	0.01394
25.03	0.01423
25.035	0.01453
25.04	0.01485
25.045	0.01520
25.05	0.01554
25.055	0.01588
25.06	0.01623
25.065	0.01657
25.07	0.01696
25.075	0.01740
25.08	0.01786
25.085	0.01837
25.09	0.01887
25.095	0.01935
25.1	0.01976
25.105	0.02009
25.11	0.02031
25.115	0.02041
25.12	0.02039
25.125	0.02025
25.13	0.02002
25.135	0.01969
25.14	0.01926
25.145	0.01873
25.15	0.01809
25.155	0.01730
25.16	0.01638
25.165	0.01531
25.17	0.01408
25.175	0.01270
25.18	0.01120
25.185	0.00957
25.19	0.00779
25.195	0.00589
25.2	0.00386
25.205	0.00175
25.21	-0.00046
25.215	-0.00271
25.22	-0.00495
25.225	-0.00718
25.23	-0.00938
25.235	-0.01153
25.24	-0.01361
25.245	-0.01564
25.25	-0.01761
25.255	-0.01950
25.26	-0.02134
25.265	-0.02312
25.27	-0.02485
25.275	-0.02655
25.28	-0.02821
25.285	-0.02984
25.29	-0.03145
25.295	-0.03302
25.3	-0.03455
25.305	-0.03603
25.31	-0.03744
25.315	-0.03880
25.32	-0.04008
25.325	-0.04129
25.33	-0.04241
25.335	-0.04345
25.34	-0.04442
25.345	-0.04530
25.35	-0.04610
25.355	-0.04679
25.36	-0.04735
25.365	-0.04779
25.37	-0.04809
25.375	-0.04828
25.38	-0.04835
25.385	-0.04836
25.39	-0.04828
25.395	-0.04814
25.4	-0.04793
25.405	-0.04768
25.41	-0.04734
25.415	-0.04696
25.42	-0.04652
25.425	-0.04605
25.43	-0.04559
25.435	-0.04510
25.44	-0.04462
25.445	-0.04413
25.45	-0.04366
25.455	-0.04317
25.46	-0.04265
25.465	-0.04212
25.47	-0.04155
25.475	-0.04093
25.48	-0.04025
25.485	-0.03949
25.49	-0.03863
25.495	-0.03767
25.5	-0.03660
25.505	-0.03543
25.51	-0.03416
25.515	-0.03277
25.52	-0.03130
25.525	-0.02975
25.53	-0.02817
25.535	-0.02656
25.54	-0.02489
25.545	-0.02316
25.55	-0.02134
25.555	-0.01941
25.56	-0.01736
25.565	-0.01521
25.57	-0.01296
25.575	-0.01059
25.58	-0.00811
25.585	-0.00554
25.59	-0.00294
25.595	-0.00028
25.6	0.00241
25.605	0.00508
25.61	0.00772
25.615	0.01032
25.62	0.01290
25.625	0.01547
25.63	0.01803
25.635	0.02055
25.64	0.02302
25.645	0.02544
25.65	0.02781
25.655	0.03010
25.66	0.03232
25.665	0.03445
25.67	0.03652
25.675	0.03850
25.68	0.04039
25.685	0.04219
25.69	0.04387
25.695	0.04550
25.7	0.04703
25.705	0.04849
25.71	0.04987
25.715	0.05118
25.72	0.05242
25.725	0.05364
25.73	0.05482
25.735	0.05599
25.74	0.05714
25.745	0.05829
25.75	0.05942
25.755	0.06052
25.76	0.06158
25.765	0.06259
25.77	0.06350
25.775	0.06427
25.78	0.06490
25.785	0.06537
25.79	0.06569
25.795	0.06580
25.8	0.06574
25.805	0.06552
25.81	0.06513
25.815	0.06459
25.82	0.06391
25.825	0.06309
25.83	0.06213
25.835	0.06105
25.84	0.05991
25.845	0.05873
25.85	0.05748
25.855	0.05614
25.86	0.05471
25.865	0.05315
25.87	0.05149
25.875	0.04973
25.88	0.04787
25.885	0.04593
25.89	0.04393
25.895	0.04187
25.9	0.03978
25.905	0.03770
25.91	0.03563
25.915	0.03359
25.92	0.03160
25.925	0.02968
25.93	0.02781
25.935	0.02600
25.94	0.02425
25.945	0.02253
25.95	0.02086
25.955	0.01919
25.96	0.01754
25.965	0.01589
25.97	0.01422
25.975	0.01253
25.98	0.01084
25.985	0.00911
25.99	0.00740
25.995	0.00570
26	0.00402
26.005	0.00241
26.01	0.00087
26.015	-0.00058
26.02	-0.00192
26.025	-0.00315
26.03	-0.00425
26.035	-0.00524
26.04	-0.00613
26.045	-0.00692
26.05	-0.00763
26.055	-0.00828
26.06	-0.00890
26.065	-0.00950
26.07	-0.01007
26.075	-0.01061
26.08	-0.01117
26.085	-0.01173
26.09	-0.01230
26.095	-0.01290
26.1	-0.01349
26.105	-0.01406
26.11	-0.01457
26.115	-0.01505
26.12	-0.01544
26.125	-0.01574
26.13	-0.01590
26.135	-0.01591
26.14	-0.01573
26.145	-0.01533
26.15	-0.01476
26.155	-0.01397
26.16	-0.01298
26.165	-0.01181
26.17	-0.01047
26.175	-0.00895
26.18	-0.00731
26.185	-0.00555
26.19	-0.00371
26.195	-0.00184
26.2	0.00008
26.205	0.00201
26.21	0.00389
26.215	0.00570
26.22	0.00739
26.225	0.00894
26.23	0.01032
26.235	0.01154
26.24	0.01261
26.245	0.01353
26.25	0.01434
26.255	0.01503
26.26	0.01560
26.265	0.01609
26.27	0.01652
26.275	0.01692
26.28	0.01728
26.285	0.01765
26.29	0.01805
26.295	0.01846
26.3	0.01889
26.305	0.01932
26.31	0.01978
26.315	0.02029
26.32	0.02082
26.325	0.02136
26.33	0.02187
26.335	0.02234
26.34	0.02276
26.345	0.02315
26.35	0.02350
26.355	0.02378
26.36	0.02401
26.365	0.02418
26.37	0.02427
26.375	0.02428
26.38	0.02419
26.385	0.02401
26.39	0.02370
26.395	0.02329
26.4	0.02275
26.405	0.02215
26.41	0.02146
26.415	0.02069
26.42	0.01989
26.425	0.01907
26.43	0.01828
26.435	0.01753
26.44	0.01677
26.445	0.01603
26.45	0.01528
26.455	0.01456
26.46	0.01383
26.465	0.01309
26.47	0.01230
26.475	0.01147
26.48	0.01064
26.485	0.00980
26.49	0.00898
26.495	0.00821
26.5	0.00750
26.505	0.00684
26.51	0.00628
26.515	0.00582
26.52	0.00546
26.525	0.00518
26.53	0.00503
26.535	0.00501
26.54	0.00514
26.545	0.00538
26.55	0.00576
26.555	0.00624
26.56	0.00676
26.565	0.00731
26.57	0.00784
26.575	0.00837
26.58	0.00889
26.585	0.00940
26.59	0.00992
26.595	0.01044
26.6	0.01096
26.605	0.01144
26.61	0.01190
26.615	0.01234
26.62	0.01277
26.625	0.01315
26.63	0.01350
26.635	0.01383
26.64	0.01413
26.645	0.01436
26.65	0.01451
26.655	0.01462
26.66	0.01467
26.665	0.01466
26.67	0.01454
26.675	0.01431
26.68	0.01398
26.685	0.01356
26.69	0.01303
26.695	0.01241
26.7	0.01171
26.705	0.01096
26.71	0.01015
26.715	0.00930
26.72	0.00841
26.725	0.00750
26.73	0.00653
26.735	0.00549
26.74	0.00443
26.745	0.00335
26.75	0.00225
26.755	0.00112
26.76	0.00000
26.765	-0.00109
26.77	-0.00215
26.775	-0.00319
26.78	-0.00415
26.785	-0.00501
26.79	-0.00577
26.795	-0.00641
26.8	-0.00695
26.805	-0.00737
26.81	-0.00763
26.815	-0.00776
26.82	-0.00774
26.825	-0.00760
26.83	-0.00735
26.835	-0.00699
26.84	-0.00654
26.845	-0.00600
26.85	-0.00539
26.855	-0.00474
26.86	-0.00407
26.865	-0.00341
26.87	-0.00274
26.875	-0.00204
26.88	-0.00129
26.885	-0.00052
26.89	0.00030
26.895	0.00115
26.9	0.00205
26.905	0.00301
26.91	0.00398
26.915	0.00490
26.92	0.00578
26.925	0.00659
26.93	0.00734
26.935	0.00801
26.94	0.00861
26.945	0.00916
26.95	0.00963
26.955	0.01001
26.96	0.01034
26.965	0.01058
26.97	0.01076
26.975	0.01085
26.98	0.01090
26.985	0.01089
26.99	0.01084
26.995	0.01077
27	0.01070
27.005	0.01064
27.01	0.01057
27.015	0.01051
27.02	0.01046
27.025	0.01038
27.03	0.01026
27.035	0.01007
27.04	0.00980
27.045	0.00950
27.05	0.00917
27.055	0.00883
27.06	0.00848
27.065	0.00814
27.07	0.00780
27.075	0.00748
27.08	0.00940
27.085	0.00915
27.09	0.00893
27.095	0.00874
27.1	0.00858
27.105	0.00847
27.11	0.00842
27.115	0.00842
27.12	0.00849
27.125	0.00863
27.13	0.00881
27.135	0.00904
27.14	0.00932
27.145	0.00964
27.15	0.00994
27.155	0.01026
27.16	0.01057
27.165	0.01090
27.17	0.01122
27.175	0.01156
27.18	0.01190
27.185	0.01226
27.19	0.01260
27.195	0.01294
27.2	0.01327
27.205	0.01359
27.21	0.01389
27.215	0.01418
27.22	0.01446
27.225	0.01471
27.23	0.01493
27.235	0.01514
27.24	0.01533
27.245	0.01549
27.25	0.01563
27.255	0.01573
27.26	0.01580
27.265	0.01577
27.27	0.01567
27.275	0.01548
27.28	0.01521
27.285	0.01485
27.29	0.01442
27.295	0.01393
27.3	0.01338
27.305	0.01280
27.31	0.01220
27.315	0.01154
27.32	0.01087
27.325	0.01018
27.33	0.00949
27.335	0.00881
27.34	0.00813
27.345	0.00751
27.35	0.00696
27.355	0.00647
27.36	0.00609
27.365	0.00578
27.37	0.00557
27.375	0.00541
27.38	0.00529
27.385	0.00520
27.39	0.00511
27.395	0.00502
27.4	0.00487
27.405	0.00466
27.41	0.00438
27.415	0.00405
27.42	0.00369
27.425	0.00328
27.43	0.00284
27.435	0.00239
27.44	0.00193
27.445	0.00145
27.45	0.00094
27.455	0.00042
27.46	-0.00010
27.465	-0.00064
27.47	-0.00120
27.475	-0.00178
27.48	-0.00241
27.485	-0.00305
27.49	-0.00371
27.495	-0.00440
27.5	-0.00516
27.505	-0.00594
27.51	-0.00677
27.515	-0.00765
27.52	-0.00860
27.525	-0.00954
27.53	-0.01047
27.535	-0.01139
27.54	-0.01229
27.545	-0.01314
27.55	-0.01393
27.555	-0.01466
27.56	-0.01531
27.565	-0.01588
27.57	-0.01634
27.575	-0.01672
27.58	-0.01699
27.585	-0.01716
27.59	-0.01728
27.595	-0.01732
27.6	-0.01729
27.605	-0.01716
27.61	-0.01699
27.615	-0.01676
27.62	-0.01645
27.625	-0.01607
27.63	-0.01563
27.635	-0.01518
27.64	-0.01468
27.645	-0.01414
27.65	-0.01354
27.655	-0.01290
27.66	-0.01220
27.665	-0.01142
27.67	-0.01057
27.675	-0.00966
27.68	-0.00867
27.685	-0.00757
27.69	-0.00641
27.695	-0.00524
27.7	-0.00404
27.705	-0.00286
27.71	-0.00172
27.715	-0.00068
27.72	0.00025
27.725	0.00108
27.73	0.00178
27.735	0.00235
27.74	0.00281
27.745	0.00318
27.75	0.00344
27.755	0.00361
27.76	0.00370
27.765	0.00368
27.77	0.00357
27.775	0.00334
27.78	0.00298
27.785	0.00249
27.79	0.00190
27.795	0.00118
27.8	0.00037
27.805	-0.00053
27.81	-0.00150
27.815	-0.00253
27.82	-0.00361
27.825	-0.00471
27.83	-0.00585
27.835	-0.00703
27.84	-0.00824
27.845	-0.00946
27.85	-0.01070
27.855	-0.01195
27.86	-0.01323
27.865	-0.01451
27.87	-0.01580
27.875	-0.01706
27.88	-0.01830
27.885	-0.01952
27.89	-0.02069
27.895	-0.02184
27.9	-0.02294
27.905	-0.02396
27.91	-0.02494
27.915	-0.02586
27.92	-0.02674
27.925	-0.02757
27.93	-0.02834
27.935	-0.02904
27.94	-0.02968
27.945	-0.03026
27.95	-0.03080
27.955	-0.03126
27.96	-0.03168
27.965	-0.03208
27.97	-0.03245
27.975	-0.03279
27.98	-0.03310
27.985	-0.03339
27.99	-0.03363
27.995	-0.03381
28	-0.03392
28.005	-0.03396
28.01	-0.03394
28.015	-0.03387
28.02	-0.03374
28.025	-0.03361
28.03	-0.03347
28.035	-0.03332
28.04	-0.03316
28.045	-0.03299
28.05	-0.03284
28.055	-0.03264
28.06	-0.03242
28.065	-0.03220
28.07	-0.03196
28.075	-0.03170
28.08	-0.03143
28.085	-0.03114
28.09	-0.03089
28.095	-0.03068
28.1	-0.03051
28.105	-0.03037
28.11	-0.03025
28.115	-0.03015
28.12	-0.03009
28.125	-0.03004
28.13	-0.03001
28.135	-0.03000
28.14	-0.02998
28.145	-0.02998
28.15	-0.02997
28.155	-0.02996
28.16	-0.02994
28.165	-0.02990
28.17	-0.02985
28.175	-0.02979
28.18	-0.02973
28.185	-0.02964
28.19	-0.02955
28.195	-0.02946
28.2	-0.02938
28.205	-0.02928
28.21	-0.02921
28.215	-0.02914
28.22	-0.02908
28.225	-0.02906
28.23	-0.02907
28.235	-0.02912
28.24	-0.02922
28.245	-0.02932
28.25	-0.02945
28.255	-0.02956
28.26	-0.02970
28.265	-0.02983
28.27	-0.02996
28.275	-0.03009
28.28	-0.03021
28.285	-0.03033
28.29	-0.03044
28.295	-0.03054
28.3	-0.03064
28.305	-0.03078
28.31	-0.03091
28.315	-0.03101
28.32	-0.03111
28.325	-0.03118
28.33	-0.03126
28.335	-0.03134
28.34	-0.03138
28.345	-0.03139
28.35	-0.03138
28.355	-0.03131
28.36	-0.03120
28.365	-0.03108
28.37	-0.03094
28.375	-0.03080
28.38	-0.03065
28.385	-0.03052
28.39	-0.03038
28.395	-0.03025
28.4	-0.03013
28.405	-0.03000
28.41	-0.02987
28.415	-0.02973
28.42	-0.02960
28.425	-0.02946
28.43	-0.02934
28.435	-0.02918
28.44	-0.02900
28.445	-0.02880
28.45	-0.02857
28.455	-0.02831
28.46	-0.02802
28.465	-0.02770
28.47	-0.02737
28.475	-0.02701
28.48	-0.02662
28.485	-0.02620
28.49	-0.02578
28.495	-0.02531
28.5	-0.02484
28.505	-0.02437
28.51	-0.02389
28.515	-0.02336
28.52	-0.02281
28.525	-0.02222
28.53	-0.02156
28.535	-0.02084
28.54	-0.02006
28.545	-0.01922
28.55	-0.01833
28.555	-0.01741
28.56	-0.01646
28.565	-0.01550
28.57	-0.01454
28.575	-0.01362
28.58	-0.01280
28.585	-0.01209
28.59	-0.01153
28.595	-0.01109
28.6	-0.01070
28.605	-0.01036
28.61	-0.01006
28.615	-0.00978
28.62	-0.00952
28.625	-0.00926
28.63	-0.00902
28.635	-0.00877
28.64	-0.00855
28.645	-0.00834
28.65	-0.00813
28.655	-0.00794
28.66	-0.00775
28.665	-0.00756
28.67	-0.00737
28.675	-0.00717
28.68	-0.00697
28.685	-0.00676
28.69	-0.00654
28.695	-0.00627
28.7	-0.00600
28.705	-0.00570
28.71	-0.00537
28.715	-0.00504
28.72	-0.00469
28.725	-0.00433
28.73	-0.00398
28.735	-0.00361
28.74	-0.00322
28.745	-0.00283
28.75	-0.00242
28.755	-0.00202
28.76	-0.00162
28.765	-0.00122
28.77	-0.00082
28.775	-0.00045
28.78	-0.00006
28.785	0.00032
28.79	0.00067
28.795	0.00103
28.8	0.00138
28.805	0.00171
28.81	0.00205
28.815	0.00239
28.82	0.00275
28.825	0.00313
28.83	0.00351
28.835	0.00391
28.84	0.00433
28.845	0.00478
28.85	0.00525
28.855	0.00576
28.86	0.00629
28.865	0.00684
28.87	0.00740
28.875	0.00796
28.88	0.00854
28.885	0.00910
28.89	0.00966
28.895	0.01021
28.9	0.01074
28.905	0.01124
28.91	0.01173
28.915	0.01219
28.92	0.01262
28.925	0.01303
28.93	0.01342
28.935	0.01380
28.94	0.01414
28.945	0.01443
28.95	0.01470
28.955	0.01492
28.96	0.01510
28.965	0.01524
28.97	0.01534
28.975	0.01540
28.98	0.01544
28.985	0.01544
28.99	0.01541
28.995	0.01535
29	0.01526
29.005	0.01514
29.01	0.01501
29.015	0.01486
29.02	0.01470
29.025	0.01452
29.03	0.01433
29.035	0.01416
29.04	0.01396
29.045	0.01374
29.05	0.01354
29.055	0.01333
29.06	0.01310
29.065	0.01287
29.07	0.01266
29.075	0.01243
29.08	0.01223
29.085	0.01204
29.09	0.01187
29.095	0.01170
29.1	0.01154
29.105	0.01140
29.11	0.01127
29.115	0.01114
29.12	0.01101
29.125	0.01090
29.13	0.01077
29.135	0.01066
29.14	0.01054
29.145	0.01042
29.15	0.01030
29.155	0.01020
29.16	0.01008
29.165	0.00997
29.17	0.00985
29.175	0.00974
29.18	0.00963
29.185	0.00950
29.19	0.00938
29.195	0.00927
29.2	0.00915
29.205	0.00904
29.21	0.00893
29.215	0.00883
29.22	0.00873
29.225	0.00862
29.23	0.00854
29.235	0.00844
29.24	0.00835
29.245	0.00827
29.25	0.00820
29.255	0.00814
29.26	0.00807
29.265	0.00801
29.27	0.00797
29.275	0.00793
29.28	0.00787
29.285	0.00784
29.29	0.00781
29.295	0.00777
29.3	0.00775
29.305	0.00772
29.31	0.00771
29.315	0.00769
29.32	0.00767
29.325	0.00766
29.33	0.00765
29.335	0.00765
29.34	0.00765
29.345	0.00765
29.35	0.00766
29.355	0.00768
29.36	0.00771
29.365	0.00774
29.37	0.00777
29.375	0.00781
29.38	0.00785
29.385	0.00790
29.39	0.00794
29.395	0.00800
29.4	0.00805
29.405	0.00811
29.41	0.00817
29.415	0.00822
29.42	0.00828
29.425	0.00834
29.43	0.00841
29.435	0.00848
29.44	0.00855
29.445	0.00862
29.45	0.00868
29.455	0.00874
29.46	0.00881
29.465	0.00887
29.47	0.00894
29.475	0.00900
29.48	0.00904
29.485	0.00911
29.49	0.00917
29.495	0.00922
29.5	0.00928
29.505	0.00934
29.51	0.00938
29.515	0.00944
29.52	0.00949
29.525	0.00954
29.53	0.00957
29.535	0.00962
29.54	0.00966
29.545	0.00970
29.55	0.00974
29.555	0.00977
29.56	0.00981
29.565	0.00986
29.57	0.00988
29.575	0.00992
29.58	0.00995
29.585	0.00998
29.59	0.01000
29.595	0.01003
29.6	0.01006
29.605	0.01007
29.61	0.01008
29.615	0.01010
29.62	0.01010
29.625	0.01012
29.63	0.01014
29.635	0.01014
29.64	0.01014
29.645	0.01014
29.65	0.01014
29.655	0.01014
29.66	0.01014
29.665	0.01014
29.67	0.01014
29.675	0.01013
29.68	0.01013
29.685	0.01011
29.69	0.0101
29.695	0.01009
29.7	0.01007
29.705	0.01006
29.71	0.01004
29.715	0.01001
29.72	0.01
29.725	0.00997
29.73	0.00995
29.735	0.00992
29.74	0.00989
29.745	0.00987
29.75	0.00983
29.755	0.0098
29.76	0.00976
29.765	0.00973
29.77	0.00969
29.775	0.00964
29.78	0.0096
29.785	0.00957
29.79	0.00952
29.795	0.00948
29.8	0.00943
29.805	0.00938
29.81	0.00934
29.815	0.00929
29.82	0.00924
29.825	0.00918
29.83	0.00913
29.835	0.00907
29.84	0.00902
29.845	0.00897
29.85	0.0089
29.855	0.00884
29.86	0.00878
29.865	0.00872
29.87	0.00867
29.875	0.0086
29.88	0.00854
29.885	0.00847
29.89	0.00841
29.895	0.00834
29.9	0.00827
29.905	0.00821
29.91	0.00814
29.915	0.00807
29.92	0.008
29.925	0.00793
29.93	0.00785
29.935	0.00778
29.94	0.00771
29.945	0.00764
29.95	0.00756
29.955	0.00748
29.96	0.00741
29.965	0.00733
29.97	0.00725
29.975	0.00717
29.98	0.0071
29.985	0.00702
29.99	0.00694
29.995	0.00685
30	0.00677
30.005	0.00669
30.01	0.00661
30.015	0.00653
30.02	0.00644
30.025	0.00635
30.03	0.00627