t(s)	a(g)
0	0.00036
0.01	-0.00134
0.02	-0.00137
0.03	-0.00138
0.04	-0.00140
0.05	-0.00142
0.06	-0.00144
0.07	-0.00146
0.08	-0.00148
0.09	-0.00149
0.1	-0.00151
0.11	-0.00152
0.12	-0.00155
0.13	-0.00156
0.14	-0.00158
0.15	-0.00160
0.16	-0.00161
0.17	-0.00164
0.18	-0.00165
0.19	-0.00167
0.2	-0.00167
0.21	-0.00171
0.22	-0.00172
0.23	-0.00175
0.24	-0.00176
0.25	-0.00177
0.26	-0.00179
0.27	-0.00181
0.28	-0.00184
0.29	-0.00185
0.3	-0.00186
0.31	-0.00188
0.32	-0.00189
0.33	-0.00191
0.34	-0.00192
0.35	-0.00194
0.36	-0.00196
0.37	-0.00198
0.38	-0.00201
0.39	-0.00202
0.4	-0.00203
0.41	-0.00203
0.42	-0.00203
0.43	-0.00203
0.44	-0.00205
0.45	-0.00208
0.46	-0.00212
0.47	-0.00215
0.48	-0.00220
0.49	-0.00222
0.5	-0.00225
0.51	-0.00227
0.52	-0.00228
0.53	-0.00229
0.54	-0.00231
0.55	-0.00232
0.56	-0.00233
0.57	-0.00234
0.58	-0.00234
0.59	-0.00235
0.6	-0.00236
0.61	-0.00239
0.62	-0.00243
0.63	-0.00250
0.64	-0.00257
0.65	-0.00264
0.66	-0.00265
0.67	-0.00262
0.68	-0.00256
0.69	-0.00250
0.7	-0.00243
0.71	-0.00239
0.72	-0.00236
0.73	-0.00240
0.74	-0.00247
0.75	-0.00256
0.76	-0.00262
0.77	-0.00266
0.78	-0.00267
0.79	-0.00269
0.8	-0.00271
0.81	-0.00274
0.82	-0.00276
0.83	-0.00280
0.84	-0.00282
0.85	-0.00284
0.86	-0.00288
0.87	-0.00290
0.88	-0.00295
0.89	-0.00302
0.9	-0.00308
0.91	-0.00313
0.92	-0.00315
0.93	-0.00316
0.94	-0.00317
0.95	-0.00320
0.96	-0.00329
0.97	-0.00339
0.98	-0.00350
0.99	-0.00354
1	-0.00343
1.01	-0.00318
1.02	-0.00285
1.03	-0.00251
1.04	-0.00220
1.05	-0.00208
1.06	-0.00216
1.07	-0.00240
1.08	-0.00272
1.09	-0.00303
1.1	-0.00334
1.11	-0.00364
1.12	-0.00397
1.13	-0.00427
1.14	-0.00435
1.15	-0.00418
1.16	-0.00381
1.17	-0.00337
1.18	-0.00296
1.19	-0.00275
1.2	-0.00277
1.21	-0.00299
1.22	-0.00314
1.23	-0.00307
1.24	-0.00272
1.25	-0.00222
1.26	-0.00173
1.27	-0.00148
1.28	-0.00167
1.29	-0.00226
1.3	-0.00307
1.31	-0.00392
1.32	-0.00477
1.33	-0.00559
1.34	-0.00636
1.35	-0.00680
1.36	-0.00670
1.37	-0.00617
1.38	-0.00542
1.39	-0.00465
1.4	-0.00392
1.41	-0.00322
1.42	-0.00247
1.43	-0.00163
1.44	-0.00074
1.45	0.00019
1.46	0.00080
1.47	0.00077
1.48	0.00009
1.49	-0.00095
1.5	-0.00206
1.51	-0.00314
1.52	-0.00417
1.53	-0.00523
1.54	-0.00626
1.55	-0.00687
1.56	-0.00681
1.57	-0.00622
1.58	-0.00537
1.59	-0.00450
1.6	-0.00374
1.61	-0.00332
1.62	-0.00360
1.63	-0.00455
1.64	-0.00589
1.65	-0.00734
1.66	-0.00872
1.67	-0.00955
1.68	-0.00927
1.69	-0.00792
1.7	-0.00592
1.71	-0.00376
1.72	-0.00189
1.73	-0.00058
1.74	0.00023
1.75	0.00083
1.76	0.00144
1.77	0.00216
1.78	0.00299
1.79	0.00381
1.8	0.00416
1.81	0.00340
1.82	0.00149
1.83	-0.00117
1.84	-0.00406
1.85	-0.00680
1.86	-0.00870
1.87	-0.00926
1.88	-0.00869
1.89	-0.00761
1.9	-0.00652
1.91	-0.00583
1.92	-0.00570
1.93	-0.00595
1.94	-0.00635
1.95	-0.00671
1.96	-0.00698
1.97	-0.00722
1.98	-0.00743
1.99	-0.00738
2	-0.00689
2.01	-0.00602
2.02	-0.00495
2.03	-0.00377
2.04	-0.00150
2.05	0.00314
2.06	0.00929
2.07	0.01375
2.08	0.01486
2.09	0.01319
2.1	0.01040
2.11	0.00777
2.12	0.00504
2.13	0.00070
2.14	-0.00598
2.15	-0.01446
2.16	-0.02239
2.17	-0.02447
2.18	-0.01823
2.19	-0.00588
2.2	0.00626
2.21	0.01277
2.22	0.01313
2.23	0.01017
2.24	0.00699
2.25	0.00511
2.26	0.00433
2.27	0.00375
2.28	0.00267
2.29	0.00097
2.3	-0.00103
2.31	-0.00299
2.32	-0.00479
2.33	-0.00646
2.34	-0.00813
2.35	-0.00977
2.36	-0.01094
2.37	-0.01133
2.38	-0.01103
2.39	-0.01042
2.4	-0.00979
2.41	-0.00927
2.42	-0.00883
2.43	-0.00831
2.44	-0.00750
2.45	-0.00639
2.46	-0.00510
2.47	-0.00401
2.48	-0.00417
2.49	-0.00623
2.5	-0.00977
2.51	-0.01396
2.52	-0.01814
2.53	-0.02156
2.54	-0.02328
2.55	-0.02334
2.56	-0.02245
2.57	-0.02134
2.58	-0.02043
2.59	-0.01947
2.6	-0.01728
2.61	-0.01309
2.62	-0.00724
2.63	-0.00069
2.64	0.00488
2.65	0.00804
2.66	0.00890
2.67	0.00861
2.68	0.00822
2.69	0.00774
2.7	0.00505
2.71	-0.00137
2.72	-0.01097
2.73	-0.02185
2.74	-0.02858
2.75	-0.02469
2.76	-0.01251
2.77	0.00003
2.78	0.00786
2.79	0.01083
2.8	0.01161
2.81	0.01291
2.82	0.01751
2.83	0.02760
2.84	0.04064
2.85	0.04908
2.86	0.04891
2.87	0.04180
2.88	0.03192
2.89	0.02296
2.9	0.01756
2.91	0.01600
2.92	0.01657
2.93	0.01640
2.94	0.01266
2.95	0.00509
2.96	-0.00465
2.97	-0.01474
2.98	-0.02294
2.99	-0.02570
3	-0.02220
3.01	-0.01462
3.02	-0.00645
3.03	-0.00156
3.04	-0.00122
3.05	-0.00395
3.06	-0.00741
3.07	-0.00886
3.08	-0.00675
3.09	-0.00181
3.1	0.00428
3.11	0.00958
3.12	0.01169
3.13	0.00996
3.14	0.00572
3.15	0.00073
3.16	-0.00368
3.17	-0.00607
3.18	-0.00585
3.19	-0.00384
3.2	-0.00122
3.21	0.00124
3.22	0.00335
3.23	0.00533
3.24	0.00734
3.25	0.00893
3.26	0.00932
3.27	0.00845
3.28	0.00680
3.29	0.00495
3.3	0.00323
3.31	0.00181
3.32	0.00214
3.33	0.00644
3.34	0.01486
3.35	0.02573
3.36	0.03718
3.37	0.04818
3.38	0.05764
3.39	0.06053
3.4	0.05331
3.41	0.03806
3.42	0.02130
3.43	0.00926
3.44	0.00320
3.45	0.00068
3.46	-0.00140
3.47	-0.00470
3.48	-0.00922
3.49	-0.01408
3.5	-0.01844
3.51	-0.02097
3.52	-0.02043
3.53	-0.01724
3.54	-0.01277
3.55	-0.00820
3.56	-0.00404
3.57	-0.00020
3.58	0.00363
3.59	0.00764
3.6	0.01121
3.61	0.01173
3.62	0.00764
3.63	-0.00008
3.64	-0.00937
3.65	-0.01834
3.66	-0.02332
3.67	-0.01992
3.68	-0.00833
3.69	0.00784
3.7	0.02481
3.71	0.03955
3.72	0.04728
3.73	0.04610
3.74	0.03859
3.75	0.02881
3.76	0.01922
3.77	0.00991
3.78	0.00008
3.79	-0.01071
3.8	-0.02231
3.81	-0.03379
3.82	-0.04080
3.83	-0.03990
3.84	-0.03219
3.85	-0.02129
3.86	-0.01048
3.87	-0.00329
3.88	-0.00212
3.89	-0.00602
3.9	-0.01222
3.91	-0.01843
3.92	-0.02335
3.93	-0.02301
3.94	-0.01376
3.95	0.00320
3.96	0.02109
3.97	0.03108
3.98	0.03080
3.99	0.02388
4	0.01535
4.01	0.00829
4.02	0.00301
4.03	-0.00235
4.04	-0.00966
4.05	-0.01918
4.06	-0.02975
4.07	-0.03739
4.08	-0.03725
4.09	-0.02912
4.1	-0.01636
4.11	-0.00309
4.12	0.00565
4.13	0.00720
4.14	0.00324
4.15	-0.00280
4.16	-0.00838
4.17	-0.01277
4.18	-0.01618
4.19	-0.01643
4.2	-0.01136
4.21	-0.00167
4.22	0.01040
4.23	0.02273
4.24	0.03484
4.25	0.04801
4.26	0.06315
4.27	0.07999
4.28	0.09564
4.29	0.10125
4.3	0.09185
4.31	0.07071
4.32	0.04470
4.33	0.01919
4.34	-0.00361
4.35	-0.01968
4.36	-0.02458
4.37	-0.01945
4.38	-0.00955
4.39	-0.00060
4.4	0.00499
4.41	0.00805
4.42	0.01052
4.43	0.01377
4.44	0.01795
4.45	0.02255
4.46	0.02700
4.47	0.02988
4.48	0.02866
4.49	0.02291
4.5	0.01433
4.51	0.00500
4.52	-0.00358
4.53	-0.00888
4.54	-0.00930
4.55	-0.00586
4.56	-0.00106
4.57	0.00104
4.58	-0.00215
4.59	-0.00973
4.6	-0.01910
4.61	-0.02628
4.62	-0.02701
4.63	-0.02109
4.64	-0.01142
4.65	-0.00113
4.66	0.00788
4.67	0.01480
4.68	0.01996
4.69	0.02440
4.7	0.02889
4.71	0.03321
4.72	0.03511
4.73	0.03318
4.74	0.02811
4.75	0.02237
4.76	0.01964
4.77	0.02151
4.78	0.02673
4.79	0.03251
4.8	0.03396
4.81	0.02840
4.82	0.01731
4.83	0.00404
4.84	-0.00886
4.85	-0.01893
4.86	-0.02129
4.87	-0.01425
4.88	-0.00072
4.89	0.01360
4.9	0.02186
4.91	0.02193
4.92	0.01659
4.93	0.00982
4.94	0.00415
4.95	-0.00007
4.96	-0.00291
4.97	-0.00204
4.98	0.00414
4.99	0.01440
5	0.02483
5.01	0.03191
5.02	0.03520
5.03	0.03640
5.04	0.03740
5.05	0.03916
5.06	0.04162
5.07	0.04422
5.08	0.04519
5.09	0.04073
5.1	0.02974
5.11	0.01431
5.12	-0.00220
5.13	-0.01367
5.14	-0.01471
5.15	-0.00605
5.16	0.00759
5.17	0.02169
5.18	0.03349
5.19	0.04092
5.2	0.04405
5.21	0.04475
5.22	0.04498
5.23	0.04564
5.24	0.04604
5.25	0.04516
5.26	0.04286
5.27	0.03971
5.28	0.03640
5.29	0.03334
5.3	0.03052
5.31	0.02690
5.32	0.01269
5.33	-0.01221
5.34	-0.03600
5.35	-0.05061
5.36	-0.05407
5.37	-0.04958
5.38	-0.04230
5.39	-0.03604
5.4	-0.03278
5.41	-0.03243
5.42	-0.03348
5.43	-0.03452
5.44	-0.03497
5.45	-0.03479
5.46	-0.03323
5.47	-0.02963
5.48	-0.02441
5.49	-0.01841
5.5	-0.01247
5.51	-0.00798
5.52	-0.00598
5.53	-0.00611
5.54	-0.00709
5.55	-0.00703
5.56	-0.00486
5.57	-0.00101
5.58	0.00351
5.59	0.00787
5.6	0.01182
5.61	0.01552
5.62	0.01869
5.63	0.01991
5.64	0.01864
5.65	0.01555
5.66	0.01177
5.67	0.00829
5.68	0.00675
5.69	0.00821
5.7	0.01206
5.71	0.01692
5.72	0.02171
5.73	0.02605
5.74	0.03013
5.75	0.03424
5.76	0.03853
5.77	0.04299
5.78	0.04750
5.79	0.05197
5.8	0.05631
5.81	0.05972
5.82	0.06064
5.83	0.05883
5.84	0.05532
5.85	0.05045
5.86	0.04134
5.87	0.02595
5.88	0.00788
5.89	-0.00441
5.9	-0.00729
5.91	-0.00311
5.92	0.00341
5.93	0.00840
5.94	0.01051
5.95	0.01079
5.96	0.01085
5.97	0.01162
5.98	0.01313
5.99	0.01488
6	0.01617
6.01	0.01585
6.02	0.01342
6.03	0.00966
6.04	0.00707
6.05	0.00790
6.06	0.01202
6.07	0.01751
6.08	0.02169
6.09	0.02336
6.1	0.02306
6.11	0.02213
6.12	0.02153
6.13	0.02147
6.14	0.02168
6.15	0.02182
6.16	0.02129
6.17	0.01607
6.18	0.00293
6.19	-0.01432
6.2	-0.02730
6.21	-0.03210
6.22	-0.03056
6.23	-0.02687
6.24	-0.02494
6.25	-0.02643
6.26	-0.03047
6.27	-0.03522
6.28	-0.03939
6.29	-0.04271
6.3	-0.04393
6.31	-0.04045
6.32	-0.03198
6.33	-0.02042
6.34	-0.00800
6.35	0.00369
6.36	0.01319
6.37	0.01998
6.38	0.02493
6.39	0.02927
6.4	0.03367
6.41	0.03616
6.42	0.03338
6.43	0.02485
6.44	0.01281
6.45	0.00055
6.46	-0.00836
6.47	-0.01275
6.48	-0.01415
6.49	-0.01473
6.5	-0.01590
6.51	-0.01785
6.52	-0.02009
6.53	-0.02214
6.54	-0.02320
6.55	-0.02168
6.56	-0.01721
6.57	-0.01081
6.58	-0.00381
6.59	0.00277
6.6	0.00704
6.61	0.00754
6.62	0.00483
6.63	0.00059
6.64	-0.00373
6.65	-0.00753
6.66	-0.01096
6.67	-0.01373
6.68	-0.01401
6.69	-0.01085
6.7	-0.00506
6.71	0.00185
6.72	0.00864
6.73	0.01497
6.74	0.02099
6.75	0.02648
6.76	0.02939
6.77	0.02837
6.78	0.02422
6.79	0.01865
6.8	0.01312
6.81	0.00815
6.82	0.00355
6.83	-0.00089
6.84	-0.00395
6.85	-0.00440
6.86	-0.00248
6.87	0.00067
6.88	0.00397
6.89	0.00691
6.9	0.00954
6.91	0.01210
6.92	0.01390
6.93	0.01286
6.94	0.00838
6.95	0.00151
6.96	-0.01100
6.97	-0.03176
6.98	-0.05098
6.99	-0.06134
7	-0.06286
7.01	-0.05990
7.02	-0.05683
7.03	-0.05563
7.04	-0.05596
7.05	-0.05658
7.06	-0.05656
7.07	-0.05577
7.08	-0.05464
7.09	-0.05360
7.1	-0.05286
7.11	-0.05171
7.12	-0.04843
7.13	-0.04231
7.14	-0.03416
7.15	-0.02529
7.16	-0.01664
7.17	-0.00843
7.18	-0.00044
7.19	0.00742
7.2	0.01293
7.21	0.01325
7.22	0.00837
7.23	0.00052
7.24	-0.00790
7.25	-0.01566
7.26	-0.02259
7.27	-0.02696
7.28	-0.02505
7.29	-0.01631
7.3	-0.00336
7.31	0.00940
7.32	0.01812
7.33	0.02237
7.34	0.02418
7.35	0.02578
7.36	0.02824
7.37	0.03148
7.38	0.03490
7.39	0.03797
7.4	0.04027
7.41	0.04150
7.42	0.04195
7.43	0.04208
7.44	0.04225
7.45	0.04254
7.46	0.04292
7.47	0.04279
7.48	0.03613
7.49	0.01573
7.5	-0.01801
7.51	-0.05515
7.52	-0.07867
7.53	-0.08166
7.54	-0.06974
7.55	-0.05309
7.56	-0.03986
7.57	-0.03252
7.58	-0.02881
7.59	-0.02538
7.6	-0.02001
7.61	-0.01162
7.62	-0.00074
7.63	0.01118
7.64	0.02299
7.65	0.03395
7.66	0.04040
7.67	0.03884
7.68	0.03007
7.69	0.01764
7.7	0.00480
7.71	-0.00698
7.72	-0.01784
7.73	-0.02858
7.74	-0.03961
7.75	-0.04928
7.76	-0.05522
7.77	-0.05722
7.78	-0.05689
7.79	-0.05604
7.8	-0.05570
7.81	-0.05594
7.82	-0.05638
7.83	-0.05664
7.84	-0.05661
7.85	-0.05603
7.86	-0.05380
7.87	-0.04942
7.88	-0.04348
7.89	-0.03692
7.9	-0.03044
7.91	-0.02426
7.92	-0.01823
7.93	-0.01202
7.94	-0.00547
7.95	0.00137
7.96	0.00833
7.97	0.01525
7.98	0.02119
7.99	0.02371
8	0.02199
8.01	0.01734
8.02	0.01171
8.03	0.00642
8.04	0.00245
8.05	0.00071
8.06	0.00100
8.07	0.00225
8.08	0.00275
8.09	0.00136
8.1	-0.00165
8.11	-0.00534
8.12	-0.00820
8.13	-0.00824
8.14	-0.00517
8.15	-0.00023
8.16	0.00511
8.17	0.00905
8.18	0.00910
8.19	0.00505
8.2	-0.00147
8.21	-0.00799
8.22	-0.01198
8.23	-0.01288
8.24	-0.01184
8.25	-0.01128
8.26	-0.01407
8.27	-0.02087
8.28	-0.03045
8.29	-0.04110
8.3	-0.05164
8.31	-0.06170
8.32	-0.06899
8.33	-0.06796
8.34	-0.05729
8.35	-0.04073
8.36	-0.02367
8.37	-0.00913
8.38	0.00294
8.39	0.01373
8.4	0.02118
8.41	0.02285
8.42	0.01927
8.43	0.01288
8.44	0.00603
8.45	-0.00012
8.46	-0.00562
8.47	-0.01094
8.48	-0.01613
8.49	-0.02055
8.5	-0.02389
8.51	-0.02642
8.52	-0.02862
8.53	-0.03084
8.54	-0.03323
8.55	-0.03572
8.56	-0.03821
8.57	-0.04062
8.58	-0.04298
8.59	-0.04533
8.6	-0.04786
8.61	-0.05221
8.62	-0.05971
8.63	-0.06992
8.64	-0.08105
8.65	-0.08770
8.66	-0.08529
8.67	-0.07459
8.68	-0.05972
8.69	-0.04425
8.7	-0.02914
8.71	-0.01397
8.72	0.00186
8.73	0.01726
8.74	0.02706
8.75	0.02800
8.76	0.02176
8.77	0.01238
8.78	0.00313
8.79	-0.00422
8.8	-0.00716
8.81	-0.00447
8.82	0.00229
8.83	0.01062
8.84	0.01877
8.85	0.02583
8.86	0.02991
8.87	0.02993
8.88	0.02683
8.89	0.02244
8.9	0.01810
8.91	0.01427
8.92	0.01076
8.93	0.00718
8.94	0.00338
8.95	-0.00064
8.96	-0.00469
8.97	-0.00839
8.98	-0.01076
8.99	-0.01143
9	-0.01087
9.01	-0.00986
9.02	-0.00896
9.03	-0.00832
9.04	-0.00780
9.05	-0.00725
9.06	-0.00658
9.07	-0.00582
9.08	-0.00506
9.09	-0.00418
9.1	-0.00161
9.11	0.00427
9.12	0.01318
9.13	0.02368
9.14	0.03414
9.15	0.04130
9.16	0.04262
9.17	0.03887
9.18	0.03270
9.19	0.02619
9.2	0.01810
9.21	0.00635
9.22	-0.00909
9.23	-0.02668
9.24	-0.04472
9.25	-0.06062
9.26	-0.06761
9.27	-0.06220
9.28	-0.04740
9.29	-0.02912
9.3	-0.01395
9.31	-0.00527
9.32	-0.00168
9.33	0.00012
9.34	0.00262
9.35	0.00644
9.36	0.01095
9.37	0.01530
9.38	0.01892
9.39	0.02187
9.4	0.02452
9.41	0.02721
9.42	0.02896
9.43	0.02660
9.44	0.01892
9.45	0.00743
9.46	-0.00573
9.47	-0.01992
9.48	-0.03518
9.49	-0.05140
9.5	-0.06777
9.51	-0.07892
9.52	-0.07953
9.53	-0.07039
9.54	-0.05614
9.55	-0.04127
9.56	-0.02839
9.57	-0.01976
9.58	-0.01607
9.59	-0.01565
9.6	-0.01697
9.61	-0.01986
9.62	-0.02426
9.63	-0.02976
9.64	-0.03533
9.65	-0.03920
9.66	-0.04076
9.67	-0.04065
9.68	-0.03999
9.69	-0.04028
9.7	-0.04477
9.71	-0.05499
9.72	-0.06952
9.73	-0.08570
9.74	-0.10162
9.75	-0.11670
9.76	-0.12956
9.77	-0.13597
9.78	-0.13452
9.79	-0.12764
9.8	-0.11885
9.81	-0.11055
9.82	-0.10332
9.83	-0.09662
9.84	-0.08958
9.85	-0.08168
9.86	-0.07301
9.87	-0.06406
9.88	-0.05519
9.89	-0.04475
9.9	-0.02833
9.91	-0.00593
9.92	0.01695
9.93	0.03593
9.94	0.05048
9.95	0.06214
9.96	0.07030
9.97	0.07403
9.98	0.07417
9.99	0.07249
10	0.07049
10.01	0.06888
10.02	0.06790
10.03	0.06819
10.04	0.06998
10.05	0.07278
10.06	0.07598
10.07	0.07913
10.08	0.08201
10.09	0.08208
10.1	0.07460
10.11	0.05886
10.12	0.03799
10.13	0.01804
10.14	0.00668
10.15	0.00552
10.16	0.01073
10.17	0.01737
10.18	0.02261
10.19	0.02563
10.2	0.02460
10.21	0.01845
10.22	0.00851
10.23	-0.00307
10.24	-0.01438
10.25	-0.02123
10.26	-0.01834
10.27	-0.00578
10.28	0.01226
10.29	0.03060
10.3	0.04258
10.31	0.04504
10.32	0.04043
10.33	0.03326
10.34	0.02714
10.35	0.02441
10.36	0.02516
10.37	0.02779
10.38	0.03062
10.39	0.03276
10.4	0.03232
10.41	0.02599
10.42	0.01351
10.43	-0.00270
10.44	-0.01868
10.45	-0.02811
10.46	-0.02806
10.47	-0.02102
10.48	-0.01139
10.49	-0.00244
10.5	0.00397
10.51	0.00745
10.52	0.00904
10.53	0.01012
10.54	0.01155
10.55	0.01450
10.56	0.02064
10.57	0.03002
10.58	0.04115
10.59	0.05230
10.6	0.06263
10.61	0.07223
10.62	0.08061
10.63	0.08474
10.64	0.08318
10.65	0.07731
10.66	0.06980
10.67	0.06336
10.68	0.05945
10.69	0.05764
10.7	0.05658
10.71	0.05528
10.72	0.05345
10.73	0.05131
10.74	0.04923
10.75	0.04717
10.76	0.04314
10.77	0.03539
10.78	0.02440
10.79	0.01323
10.8	0.00545
10.81	0.00189
10.82	0.00095
10.83	0.00055
10.84	-0.00050
10.85	-0.00233
10.86	-0.00559
10.87	-0.01295
10.88	-0.02537
10.89	-0.04095
10.9	-0.05226
10.91	-0.05153
10.92	-0.03862
10.93	-0.01893
10.94	0.00177
10.95	0.02009
10.96	0.03081
10.97	0.03006
10.98	0.01988
10.99	0.00532
11	-0.00941
11.01	-0.02269
11.02	-0.03492
11.03	-0.04502
11.04	-0.04776
11.05	-0.04106
11.06	-0.02752
11.07	-0.01148
11.08	0.00212
11.09	0.00883
11.1	0.00867
11.11	0.00494
11.12	0.00125
11.13	-0.00067
11.14	-0.00112
11.15	-0.00122
11.16	-0.00130
11.17	0.00067
11.18	0.00618
11.19	0.01481
11.2	0.02495
11.21	0.03359
11.22	0.03638
11.23	0.03251
11.24	0.02451
11.25	0.01548
11.26	0.00815
11.27	0.00626
11.28	0.01119
11.29	0.02088
11.3	0.03223
11.31	0.04311
11.32	0.05307
11.33	0.06224
11.34	0.06753
11.35	0.06542
11.36	0.05645
11.37	0.04376
11.38	0.03050
11.39	0.01820
11.4	0.00859
11.41	0.00577
11.42	0.01084
11.43	0.02123
11.44	0.03333
11.45	0.04386
11.46	0.05082
11.47	0.05475
11.48	0.05736
11.49	0.06013
11.5	0.06358
11.51	0.06743
11.52	0.07115
11.53	0.07342
11.54	0.07339
11.55	0.07152
11.56	0.06888
11.57	0.06631
11.58	0.06413
11.59	0.06218
11.6	0.06024
11.61	0.05838
11.62	0.05881
11.63	0.06341
11.64	0.07173
11.65	0.08176
11.66	0.09022
11.67	0.09446
11.68	0.09472
11.69	0.09298
11.7	0.09114
11.71	0.09006
11.72	0.08959
11.73	0.08899
11.74	0.08579
11.75	0.07784
11.76	0.06710
11.77	0.05964
11.78	0.05874
11.79	0.06324
11.8	0.06993
11.81	0.07619
11.82	0.08105
11.83	0.08343
11.84	0.08258
11.85	0.07924
11.86	0.07434
11.87	0.06225
11.88	0.03530
11.89	-0.00088
11.9	-0.03632
11.91	-0.06593
11.92	-0.09054
11.93	-0.11373
11.94	-0.13830
11.95	-0.16491
11.96	-0.19166
11.97	-0.20804
11.98	-0.20398
11.99	-0.18121
12	-0.14882
12.01	-0.11550
12.02	-0.08619
12.03	-0.06377
12.04	-0.04753
12.05	-0.03439
12.06	-0.02156
12.07	-0.00783
12.08	0.00671
12.09	0.02299
12.1	0.04217
12.11	0.06403
12.12	0.08735
12.13	0.10878
12.14	0.12263
12.15	0.12759
12.16	0.12687
12.17	0.12460
12.18	0.12330
12.19	0.12335
12.2	0.12361
12.21	0.11851
12.22	0.10193
12.23	0.07748
12.24	0.05242
12.25	0.03092
12.26	0.01279
12.27	-0.00756
12.28	-0.03631
12.29	-0.07399
12.3	-0.11578
12.31	-0.14717
12.32	-0.15554
12.33	-0.14264
12.34	-0.11903
12.35	-0.09453
12.36	-0.07321
12.37	-0.05431
12.38	-0.03643
12.39	-0.02376
12.4	-0.02035
12.41	-0.02523
12.42	-0.03445
12.43	-0.04427
12.44	-0.05292
12.45	-0.06041
12.46	-0.06653
12.47	-0.07084
12.48	-0.07363
12.49	-0.07561
12.5	-0.07741
12.51	-0.07933
12.52	-0.08140
12.53	-0.08350
12.54	-0.08557
12.55	-0.08758
12.56	-0.08957
12.57	-0.09161
12.58	-0.09371
12.59	-0.09584
12.6	-0.09801
12.61	-0.10021
12.62	-0.10241
12.63	-0.10463
12.64	-0.10736
12.65	-0.11180
12.66	-0.11840
12.67	-0.12650
12.68	-0.13514
12.69	-0.14344
12.7	-0.14580
12.71	-0.13232
12.72	-0.10163
12.73	-0.06026
12.74	-0.01578
12.75	0.02951
12.76	0.07662
12.77	0.12635
12.78	0.17837
12.79	0.23050
12.8	0.26933
12.81	0.27934
12.82	0.26126
12.83	0.22763
12.84	0.19135
12.85	0.15891
12.86	0.12948
12.87	0.09929
12.88	0.06601
12.89	0.02994
12.9	-0.00708
12.91	-0.04352
12.92	-0.07888
12.93	-0.11360
12.94	-0.14800
12.95	-0.17803
12.96	-0.19704
12.97	-0.20444
12.98	-0.20479
12.99	-0.20346
13	-0.20349
13.01	-0.20520
13.02	-0.20750
13.03	-0.20892
13.04	-0.20335
13.05	-0.18247
13.06	-0.14621
13.07	-0.10110
13.08	-0.05419
13.09	-0.00953
13.1	0.02610
13.11	0.04195
13.12	0.03741
13.13	0.02071
13.14	0.00108
13.15	-0.01636
13.16	-0.03112
13.17	-0.04508
13.18	-0.05980
13.19	-0.07199
13.2	-0.07425
13.21	-0.06466
13.22	-0.04721
13.23	-0.02735
13.24	-0.00748
13.25	0.01375
13.26	0.03764
13.27	0.06207
13.28	0.07940
13.29	0.08540
13.3	0.08246
13.31	0.07583
13.32	0.06962
13.33	0.06551
13.34	0.06316
13.35	0.06139
13.36	0.05925
13.37	0.05655
13.38	0.05247
13.39	0.04384
13.4	0.02920
13.41	0.01062
13.42	-0.00447
13.43	-0.01013
13.44	-0.00698
13.45	0.00032
13.46	0.00663
13.47	0.00950
13.48	0.00959
13.49	0.00888
13.5	0.00885
13.51	0.01061
13.52	0.01568
13.53	0.02392
13.54	0.03397
13.55	0.04406
13.56	0.04898
13.57	0.04200
13.58	0.02302
13.59	-0.00364
13.6	-0.03461
13.61	-0.06742
13.62	-0.09534
13.63	-0.10755
13.64	-0.10238
13.65	-0.08638
13.66	-0.06764
13.67	-0.05085
13.68	-0.03656
13.69	-0.02314
13.7	-0.00901
13.71	0.00571
13.72	0.01702
13.73	0.02176
13.74	0.02066
13.75	0.01671
13.76	0.01270
13.77	0.01036
13.78	0.01018
13.79	0.01139
13.8	0.01291
13.81	0.01410
13.82	0.01474
13.83	0.01229
13.84	0.00294
13.85	-0.01227
13.86	-0.02846
13.87	-0.04226
13.88	-0.05324
13.89	-0.06239
13.9	-0.06521
13.91	-0.05343
13.92	-0.02649
13.93	0.00794
13.94	0.04117
13.95	0.06945
13.96	0.09113
13.97	0.10010
13.98	0.09428
13.99	0.07817
14	0.05821
14.01	0.04012
14.02	0.02933
14.03	0.02690
14.04	0.02970
14.05	0.03377
14.06	0.03686
14.07	0.03875
14.08	0.04028
14.09	0.04224
14.1	0.04483
14.11	0.04776
14.12	0.05110
14.13	0.05877
14.14	0.07495
14.15	0.09907
14.16	0.12542
14.17	0.14397
14.18	0.15002
14.19	0.14661
14.2	0.13977
14.21	0.13396
14.22	0.13039
14.23	0.12819
14.24	0.12757
14.25	0.12987
14.26	0.13516
14.27	0.14239
14.28	0.15029
14.29	0.15729
14.3	0.15635
14.31	0.14185
14.32	0.11583
14.33	0.08406
14.34	0.04738
14.35	0.00328
14.36	-0.03992
14.37	-0.06890
14.38	-0.08045
14.39	-0.08076
14.4	-0.07810
14.41	-0.07751
14.42	-0.07963
14.43	-0.08192
14.44	-0.08188
14.45	-0.07914
14.46	-0.07486
14.47	-0.07048
14.48	-0.06674
14.49	-0.06461
14.5	-0.06783
14.51	-0.07848
14.52	-0.09481
14.53	-0.11347
14.54	-0.13190
14.55	-0.14443
14.56	-0.14006
14.57	-0.11672
14.58	-0.08121
14.59	-0.04043
14.6	0.00300
14.61	0.04845
14.62	0.09475
14.63	0.13204
14.64	0.15016
14.65	0.15018
14.66	0.14050
14.67	0.12947
14.68	0.12109
14.69	0.11379
14.7	0.10174
14.71	0.08206
14.72	0.05648
14.73	0.02872
14.74	0.00154
14.75	-0.02421
14.76	-0.04659
14.77	-0.05802
14.78	-0.05503
14.79	-0.04136
14.8	-0.02372
14.81	-0.00966
14.82	-0.00482
14.83	-0.00858
14.84	-0.01657
14.85	-0.02468
14.86	-0.03117
14.87	-0.03647
14.88	-0.04170
14.89	-0.04772
14.9	-0.05565
14.91	-0.06597
14.92	-0.07795
14.93	-0.08710
14.94	-0.08462
14.95	-0.06836
14.96	-0.04309
14.97	-0.01526
14.98	0.01240
14.99	0.04261
15	0.07779
15.01	0.11753
15.02	0.15664
15.03	0.18331
15.04	0.19205
15.05	0.18741
15.06	0.17772
15.07	0.16915
15.08	0.16346
15.09	0.15790
15.1	0.14447
15.11	0.11873
15.12	0.08387
15.13	0.05114
15.14	0.03055
15.15	0.02261
15.16	0.02147
15.17	0.02011
15.18	0.01098
15.19	-0.00878
15.2	-0.03593
15.21	-0.06491
15.22	-0.09180
15.23	-0.11596
15.24	-0.13780
15.25	-0.14993
15.26	-0.14549
15.27	-0.12658
15.28	-0.10040
15.29	-0.07350
15.3	-0.04891
15.31	-0.02777
15.32	-0.00976
15.33	0.00662
15.34	0.02282
15.35	0.03942
15.36	0.05574
15.37	0.06578
15.38	0.06461
15.39	0.05373
15.4	0.03825
15.41	0.02257
15.42	0.00845
15.43	-0.00444
15.44	-0.01491
15.45	-0.01945
15.46	-0.01733
15.47	-0.01088
15.48	-0.00305
15.49	0.00429
15.5	0.01074
15.51	0.01681
15.52	0.02308
15.53	0.03008
15.54	0.04115
15.55	0.05952
15.56	0.08444
15.57	0.11185
15.58	0.13119
15.59	0.13472
15.6	0.12459
15.61	0.10813
15.62	0.09167
15.63	0.07769
15.64	0.06585
15.65	0.05666
15.66	0.05064
15.67	0.04706
15.68	0.04462
15.69	0.04231
15.7	0.03968
15.71	0.03482
15.72	0.02263
15.73	0.00137
15.74	-0.02622
15.75	-0.05579
15.76	-0.08056
15.77	-0.09383
15.78	-0.09587
15.79	-0.09191
15.8	-0.08722
15.81	-0.08438
15.82	-0.08324
15.83	-0.08251
15.84	-0.08121
15.85	-0.07917
15.86	-0.07687
15.87	-0.07478
15.88	-0.07282
15.89	-0.06975
15.9	-0.06468
15.91	-0.05796
15.92	-0.05094
15.93	-0.04944
15.94	-0.05983
15.95	-0.08133
15.96	-0.10789
15.97	-0.13408
15.98	-0.15779
15.99	-0.17606
16	-0.18067
16.01	-0.16924
16.02	-0.14689
16.03	-0.12085
16.04	-0.09674
16.05	-0.07795
16.06	-0.06414
16.07	-0.05269
16.08	-0.04120
16.09	-0.02875
16.1	-0.01562
16.11	-0.00252
16.12	0.00997
16.13	0.01988
16.14	0.02504
16.15	0.02579
16.16	0.02412
16.17	0.02045
16.18	0.01344
16.19	0.00286
16.2	-0.01006
16.21	-0.02373
16.22	-0.03591
16.23	-0.04295
16.24	-0.04386
16.25	-0.04071
16.26	-0.03632
16.27	-0.03246
16.28	-0.02955
16.29	-0.02796
16.3	-0.02789
16.31	-0.02890
16.32	-0.03032
16.33	-0.03171
16.34	-0.03075
16.35	-0.02243
16.36	-0.00559
16.37	0.01668
16.38	0.03762
16.39	0.04953
16.4	0.05115
16.41	0.04660
16.42	0.04088
16.43	0.03708
16.44	0.03842
16.45	0.04629
16.46	0.05882
16.47	0.07308
16.48	0.08705
16.49	0.10093
16.5	0.11681
16.51	0.13570
16.52	0.15690
16.53	0.17866
16.54	0.19508
16.55	0.19862
16.56	0.18906
16.57	0.17123
16.58	0.14918
16.59	0.12238
16.6	0.08948
16.61	0.06286
16.62	0.05080
16.63	0.05161
16.64	0.05812
16.65	0.06101
16.66	0.05384
16.67	0.03747
16.68	0.01645
16.69	-0.00655
16.7	-0.03059
16.71	-0.05300
16.72	-0.07098
16.73	-0.08464
16.74	-0.09571
16.75	-0.10413
16.76	-0.10837
16.77	-0.10848
16.78	-0.10602
16.79	-0.10274
16.8	-0.09967
16.81	-0.09734
16.82	-0.09666
16.83	-0.09785
16.84	-0.10026
16.85	-0.10301
16.86	-0.10434
16.87	-0.10032
16.88	-0.08932
16.89	-0.07325
16.9	-0.05529
16.91	-0.03766
16.92	-0.02282
16.93	-0.01526
16.94	-0.01611
16.95	-0.02246
16.96	-0.03048
16.97	-0.03780
16.98	-0.04386
16.99	-0.04645
17	-0.04110
17.01	-0.02727
17.02	-0.00813
17.03	0.01266
17.04	0.03404
17.05	0.05649
17.06	0.07934
17.07	0.09301
17.08	0.08913
17.09	0.06957
17.1	0.04025
17.11	0.00681
17.12	-0.02015
17.13	-0.03595
17.14	-0.04352
17.15	-0.04848
17.16	-0.05481
17.17	-0.06344
17.18	-0.07328
17.19	-0.08299
17.2	-0.09198
17.21	-0.10049
17.22	-0.10910
17.23	-0.11819
17.24	-0.12781
17.25	-0.13729
17.26	-0.14047
17.27	-0.12997
17.28	-0.10617
17.29	-0.07508
17.3	-0.04289
17.31	-0.01276
17.32	0.01500
17.33	0.04088
17.34	0.06562
17.35	0.08988
17.36	0.11399
17.37	0.13782
17.38	0.15888
17.39	0.17361
17.4	0.18185
17.41	0.18627
17.42	0.18984
17.43	0.19380
17.44	0.19455
17.45	0.18772
17.46	0.17337
17.47	0.15077
17.48	0.11388
17.49	0.06586
17.5	0.02416
17.51	0.00074
17.52	-0.00589
17.53	-0.00460
17.54	-0.00350
17.55	-0.00586
17.56	-0.01070
17.57	-0.01564
17.58	-0.01907
17.59	-0.02095
17.6	-0.02212
17.61	-0.02337
17.62	-0.02587
17.63	-0.03669
17.64	-0.05675
17.65	-0.07842
17.66	-0.09580
17.67	-0.10785
17.68	-0.11691
17.69	-0.12572
17.7	-0.13482
17.71	-0.14067
17.72	-0.14044
17.73	-0.13484
17.74	-0.12657
17.75	-0.11808
17.76	-0.11047
17.77	-0.10355
17.78	-0.09643
17.79	-0.08712
17.8	-0.07455
17.81	-0.05945
17.82	-0.04347
17.83	-0.02951
17.84	-0.02043
17.85	-0.01621
17.86	-0.01469
17.87	-0.01365
17.88	-0.01202
17.89	-0.00912
17.9	-0.00312
17.91	0.00664
17.92	0.01897
17.93	0.03214
17.94	0.04451
17.95	0.05193
17.96	0.05145
17.97	0.04440
17.98	0.03425
17.99	0.02389
18	0.01626
18.01	0.01550
18.02	0.02187
18.03	0.03231
18.04	0.04247
18.05	0.04933
18.06	0.05280
18.07	0.05461
18.08	0.05639
18.09	0.05883
18.1	0.06172
18.11	0.06457
18.12	0.06704
18.13	0.06915
18.14	0.06968
18.15	0.06547
18.16	0.05580
18.17	0.04260
18.18	0.02840
18.19	0.01482
18.2	0.00390
18.21	-0.00023
18.22	0.00355
18.23	0.01271
18.24	0.02381
18.25	0.03462
18.26	0.04475
18.27	0.05478
18.28	0.06544
18.29	0.07592
18.3	0.08158
18.31	0.07959
18.32	0.07118
18.33	0.05650
18.34	0.03501
18.35	0.01053
18.36	-0.00814
18.37	-0.01665
18.38	-0.01706
18.39	-0.01410
18.4	-0.01138
18.41	-0.00998
18.42	-0.00890
18.43	-0.00563
18.44	0.00140
18.45	0.01157
18.46	0.02232
18.47	0.02732
18.48	0.02262
18.49	0.01004
18.5	-0.00549
18.51	-0.01724
18.52	-0.02084
18.53	-0.01743
18.54	-0.01097
18.55	-0.00483
18.56	-0.00046
18.57	-0.00042
18.58	-0.00833
18.59	-0.02389
18.6	-0.04393
18.61	-0.06500
18.62	-0.08140
18.63	-0.08564
18.64	-0.07731
18.65	-0.06181
18.66	-0.04519
18.67	-0.03064
18.68	-0.01747
18.69	-0.00351
18.7	0.01223
18.71	0.02913
18.72	0.04602
18.73	0.06217
18.74	0.07752
18.75	0.09222
18.76	0.10568
18.77	0.11034
18.78	0.09847
18.79	0.07127
18.8	0.03576
18.81	0.00075
18.82	-0.02381
18.83	-0.03497
18.84	-0.03744
18.85	-0.03788
18.86	-0.04042
18.87	-0.04562
18.88	-0.05208
18.89	-0.05921
18.9	-0.06895
18.91	-0.08249
18.92	-0.09916
18.93	-0.11713
18.94	-0.13074
18.95	-0.13139
18.96	-0.11787
18.97	-0.09562
18.98	-0.07229
18.99	-0.05462
19	-0.04406
19.01	-0.03757
19.02	-0.03136
19.03	-0.02336
19.04	-0.01353
19.05	-0.00281
19.06	0.00797
19.07	0.01866
19.08	0.02939
19.09	0.03849
19.1	0.04407
19.11	0.04649
19.12	0.04751
19.13	0.04892
19.14	0.05158
19.15	0.05544
19.16	0.05972
19.17	0.06079
19.18	0.05578
19.19	0.04567
19.2	0.03396
19.21	0.02561
19.22	0.02331
19.23	0.02598
19.24	0.03085
19.25	0.03577
19.26	0.04007
19.27	0.04414
19.28	0.04858
19.29	0.05198
19.3	0.05106
19.31	0.04498
19.32	0.03543
19.33	0.02209
19.34	0.00139
19.35	-0.02721
19.36	-0.06094
19.37	-0.09560
19.38	-0.11988
19.39	-0.12228
19.4	-0.10391
19.41	-0.07457
19.42	-0.04397
19.43	-0.01697
19.44	0.00527
19.45	0.02388
19.46	0.04095
19.47	0.05797
19.48	0.07520
19.49	0.09221
19.5	0.10849
19.51	0.12391
19.52	0.13860
19.53	0.15276
19.54	0.16650
19.55	0.17990
19.56	0.19259
19.57	0.19736
19.58	0.18166
19.59	0.15035
19.6	0.11786
19.61	0.09296
19.62	0.07460
19.63	0.04521
19.64	0.00208
19.65	-0.03858
19.66	-0.06624
19.67	-0.08118
19.68	-0.08995
19.69	-0.09892
19.7	-0.11001
19.71	-0.11440
19.72	-0.10327
19.73	-0.07765
19.74	-0.04571
19.75	-0.01509
19.76	0.01144
19.77	0.03515
19.78	0.05861
19.79	0.08347
19.8	0.10638
19.81	0.11534
19.82	0.10445
19.83	0.07854
19.84	0.04471
19.85	0.00397
19.86	-0.04334
19.87	-0.08985
19.88	-0.12274
19.89	-0.13834
19.9	-0.14225
19.91	-0.14258
19.92	-0.14449
19.93	-0.14791
19.94	-0.14795
19.95	-0.14135
19.96	-0.12898
19.97	-0.11399
19.98	-0.09913
19.99	-0.08546
20	-0.07267
20.01	-0.06102
20.02	-0.05288
20.03	-0.04924
20.04	-0.04896
20.05	-0.05006
20.06	-0.05109
20.07	-0.05167
20.08	-0.05205
20.09	-0.05265
20.1	-0.05368
20.11	-0.05394
20.12	-0.05114
20.13	-0.04486
20.14	-0.03643
20.15	-0.02760
20.16	-0.01971
20.17	-0.01429
20.18	-0.01203
20.19	-0.01210
20.2	-0.01316
20.21	-0.01433
20.22	-0.01535
20.23	-0.01645
20.24	-0.01787
20.25	-0.01973
20.26	-0.02194
20.27	-0.02438
20.28	-0.02696
20.29	-0.02966
20.3	-0.03247
20.31	-0.03544
20.32	-0.03856
20.33	-0.04226
20.34	-0.04840
20.35	-0.05804
20.36	-0.07042
20.37	-0.08393
20.38	-0.09736
20.39	-0.11025
20.4	-0.12299
20.41	-0.13630
20.42	-0.15036
20.43	-0.16492
20.44	-0.17951
20.45	-0.19384
20.46	-0.20748
20.47	-0.21471
20.48	-0.20707
20.49	-0.18406
20.5	-0.15186
20.51	-0.11742
20.52	-0.08461
20.53	-0.05296
20.54	-0.01660
20.55	0.02885
20.56	0.08160
20.57	0.12933
20.58	0.15833
20.59	0.16755
20.6	0.16485
20.61	0.15752
20.62	0.14959
20.63	0.14208
20.64	0.13246
20.65	0.10982
20.66	0.07456
20.67	0.03793
20.68	0.00771
20.69	-0.01513
20.7	-0.03089
20.71	-0.03747
20.72	-0.03573
20.73	-0.02912
20.74	-0.02116
20.75	-0.01378
20.76	-0.00863
20.77	-0.00774
20.78	-0.01105
20.79	-0.01679
20.8	-0.02372
20.81	-0.03337
20.82	-0.04712
20.83	-0.06440
20.84	-0.08346
20.85	-0.10248
20.86	-0.11580
20.87	-0.11613
20.88	-0.10339
20.89	-0.08322
20.9	-0.06166
20.91	-0.04163
20.92	-0.02242
20.93	-0.00239
20.94	0.01769
20.95	0.03262
20.96	0.03933
20.97	0.03936
20.98	0.03642
20.99	0.03355
21	0.03186
21.01	0.03096
21.02	0.03074
21.03	0.03311
21.04	0.03924
21.05	0.04833
21.06	0.05863
21.07	0.06746
21.08	0.07266
21.09	0.07448
21.1	0.07466
21.11	0.07479
21.12	0.07558
21.13	0.07694
21.14	0.07844
21.15	0.07867
21.16	0.07471
21.17	0.06568
21.18	0.05328
21.19	0.03990
21.2	0.02711
21.21	0.01521
21.22	0.00383
21.23	-0.00755
21.24	-0.01911
21.25	-0.03072
21.26	-0.04190
21.27	-0.04825
21.28	-0.04339
21.29	-0.02703
21.3	-0.00379
21.31	0.02108
21.32	0.04402
21.33	0.06089
21.34	0.07001
21.35	0.07372
21.36	0.07562
21.37	0.07814
21.38	0.08186
21.39	0.08624
21.4	0.09051
21.41	0.09440
21.42	0.09806
21.43	0.10178
21.44	0.10576
21.45	0.11072
21.46	0.12040
21.47	0.13734
21.48	0.15783
21.49	0.17430
21.5	0.18334
21.51	0.18670
21.52	0.18811
21.53	0.19032
21.54	0.19400
21.55	0.19567
21.56	0.18669
21.57	0.16394
21.58	0.13158
21.59	0.09860
21.6	0.07420
21.61	0.06016
21.62	0.05230
21.63	0.04535
21.64	0.03645
21.65	0.02552
21.66	0.01388
21.67	0.00270
21.68	-0.00769
21.69	-0.01760
21.7	-0.02748
21.71	-0.03759
21.72	-0.04683
21.73	-0.05366
21.74	-0.05801
21.75	-0.06101
21.76	-0.06386
21.77	-0.06724
21.78	-0.07145
21.79	-0.07723
21.8	-0.08491
21.81	-0.09402
21.82	-0.10382
21.83	-0.11378
21.84	-0.12371
21.85	-0.13350
21.86	-0.14093
21.87	-0.14316
21.88	-0.14034
21.89	-0.13469
21.9	-0.12867
21.91	-0.12350
21.92	-0.11918
21.93	-0.11507
21.94	-0.11057
21.95	-0.10554
21.96	-0.10027
21.97	-0.09507
21.98	-0.08909
21.99	-0.07891
22	-0.06285
22.01	-0.04237
22.02	-0.01984
22.03	0.00319
22.04	0.02610
22.05	0.04895
22.06	0.07195
22.07	0.09456
22.08	0.11318
22.09	0.12516
22.1	0.13160
22.11	0.13546
22.12	0.13932
22.13	0.14418
22.14	0.14900
22.15	0.14985
22.16	0.14442
22.17	0.13404
22.18	0.12162
22.19	0.10950
22.2	0.09852
22.21	0.08829
22.22	0.07813
22.23	0.06764
22.24	0.05689
22.25	0.04593
22.26	0.03243
22.27	0.01331
22.28	-0.01133
22.29	-0.03867
22.3	-0.06232
22.31	-0.07705
22.32	-0.08349
22.33	-0.08509
22.34	-0.08368
22.35	-0.08002
22.36	-0.07471
22.37	-0.06835
22.38	-0.06129
22.39	-0.05277
22.4	-0.04199
22.41	-0.02950
22.42	-0.01917
22.43	-0.01628
22.44	-0.02142
22.45	-0.03131
22.46	-0.04213
22.47	-0.05129
22.48	-0.05639
22.49	-0.05665
22.5	-0.05364
22.51	-0.04954
22.52	-0.04649
22.53	-0.04589
22.54	-0.04746
22.55	-0.04995
22.56	-0.05229
22.57	-0.05407
22.58	-0.05546
22.59	-0.05675
22.6	-0.05817
22.61	-0.05974
22.62	-0.06222
22.63	-0.06676
22.64	-0.07343
22.65	-0.08135
22.66	-0.08953
22.67	-0.09744
22.68	-0.10505
22.69	-0.11254
22.7	-0.12014
22.71	-0.12773
22.72	-0.13267
22.73	-0.13107
22.74	-0.12263
22.75	-0.11016
22.76	-0.09683
22.77	-0.08440
22.78	-0.07310
22.79	-0.06229
22.8	-0.05132
22.81	-0.03980
22.82	-0.02458
22.83	-0.00102
22.84	0.02922
22.85	0.05540
22.86	0.06942
22.87	0.07199
22.88	0.06892
22.89	0.06569
22.9	0.06466
22.91	0.06529
22.92	0.06597
22.93	0.06566
22.94	0.06426
22.95	0.06231
22.96	0.06035
22.97	0.05901
22.98	0.05912
22.99	0.06068
23	0.06300
23.01	0.06537
23.02	0.06738
23.03	0.06903
23.04	0.07050
23.05	0.07191
23.06	0.07331
23.07	0.07464
23.08	0.07583
23.09	0.07688
23.1	0.07735
23.11	0.07584
23.12	0.07178
23.13	0.06580
23.14	0.05903
23.15	0.05232
23.16	0.04591
23.17	0.03966
23.18	0.03352
23.19	0.02789
23.2	0.02299
23.21	0.01866
23.22	0.01457
23.23	0.01049
23.24	0.00635
23.25	0.00213
23.26	-0.00195
23.27	-0.00494
23.28	-0.00589
23.29	-0.00499
23.3	-0.00309
23.31	-0.00105
23.32	0.00067
23.33	0.00073
23.34	-0.00232
23.35	-0.00825
23.36	-0.01569
23.37	-0.02305
23.38	-0.02732
23.39	-0.02607
23.4	-0.02008
23.41	-0.01175
23.42	-0.00325
23.43	0.00454
23.44	0.01180
23.45	0.01912
23.46	0.02684
23.47	0.03496
23.48	0.04313
23.49	0.04931
23.5	0.05130
23.51	0.04921
23.52	0.04491
23.53	0.04027
23.54	0.03623
23.55	0.03277
23.56	0.02943
23.57	0.02583
23.58	0.02177
23.59	0.01579
23.6	0.00648
23.61	-0.00582
23.62	-0.01969
23.63	-0.03382
23.64	-0.04758
23.65	-0.05962
23.66	-0.06557
23.67	-0.06355
23.68	-0.05570
23.69	-0.04570
23.7	-0.03562
23.71	-0.02522
23.72	-0.01385
23.73	-0.00141
23.74	0.01170
23.75	0.02489
23.76	0.03643
23.77	0.04091
23.78	0.03531
23.79	0.02194
23.8	0.00531
23.81	-0.01113
23.82	-0.02623
23.83	-0.04019
23.84	-0.05010
23.85	-0.05164
23.86	-0.04495
23.87	-0.03352
23.88	-0.02110
23.89	-0.00967
23.9	0.00067
23.91	0.01067
23.92	0.02032
23.93	0.02768
23.94	0.03177
23.95	0.03338
23.96	0.03402
23.97	0.03487
23.98	0.03632
23.99	0.03825
24	0.04033
24.01	0.04239
24.02	0.04451
24.03	0.04688
24.04	0.04967
24.05	0.05287
24.06	0.05630
24.07	0.05909
24.08	0.06036
24.09	0.06026
24.1	0.05962
24.11	0.05923
24.12	0.05997
24.13	0.06275
24.14	0.06755
24.15	0.07358
24.16	0.08012
24.17	0.08649
24.18	0.08953
24.19	0.08555
24.2	0.07488
24.21	0.06065
24.22	0.04675
24.23	0.03691
24.24	0.03211
24.25	0.03059
24.26	0.03002
24.27	0.02897
24.28	0.02732
24.29	0.02476
24.3	0.01932
24.31	0.00995
24.32	-0.00237
24.33	-0.01591
24.34	-0.02933
24.35	-0.04222
24.36	-0.05384
24.37	-0.06202
24.38	-0.06606
24.39	-0.06729
24.4	-0.06766
24.41	-0.06866
24.42	-0.07177
24.43	-0.07754
24.44	-0.08524
24.45	-0.09375
24.46	-0.10238
24.47	-0.11068
24.48	-0.11580
24.49	-0.11488
24.5	-0.10853
24.51	-0.09958
24.52	-0.09068
24.53	-0.08306
24.54	-0.07663
24.55	-0.07075
24.56	-0.06507
24.57	-0.06072
24.58	-0.05936
24.59	-0.06115
24.6	-0.06501
24.61	-0.06969
24.62	-0.07408
24.63	-0.07445
24.64	-0.06736
24.65	-0.05365
24.66	-0.03681
24.67	-0.02000
24.68	-0.00458
24.69	0.00966
24.7	0.02354
24.71	0.03907
24.72	0.05981
24.73	0.08587
24.74	0.10965
24.75	0.12194
24.76	0.12147
24.77	0.11337
24.78	0.10376
24.79	0.09616
24.8	0.09115
24.81	0.08762
24.82	0.08411
24.83	0.07999
24.84	0.07544
24.85	0.07025
24.86	0.06353
24.87	0.05513
24.88	0.04573
24.89	0.03621
24.9	0.02714
24.91	0.01864
24.92	0.01060
24.93	0.00288
24.94	-0.00457
24.95	-0.01148
24.96	-0.01659
24.97	-0.01898
24.98	-0.01909
24.99	-0.01808
25	-0.01929
25.01	-0.02670
25.02	-0.04046
25.03	-0.05766
25.04	-0.07520
25.05	-0.08991
25.06	-0.09564
25.07	-0.08960
25.08	-0.07484
25.09	-0.05658
25.1	-0.03856
25.11	-0.02187
25.12	-0.00579
25.13	0.01075
25.14	0.02821
25.15	0.04640
25.16	0.06197
25.17	0.06675
25.18	0.05795
25.19	0.03974
25.2	0.01850
25.21	-0.00142
25.22	-0.01905
25.23	-0.03558
25.24	-0.05192
25.25	-0.06278
25.26	-0.06191
25.27	-0.04976
25.28	-0.03149
25.29	-0.01235
25.3	0.00499
25.31	0.02048
25.32	0.03536
25.33	0.05057
25.34	0.06592
25.35	0.07692
25.36	0.07902
25.37	0.07265
25.38	0.06166
25.39	0.04982
25.4	0.03894
25.41	0.02892
25.42	0.01919
25.43	0.01052
25.44	0.00366
25.45	-0.00167
25.46	-0.00632
25.47	-0.01108
25.48	-0.01634
25.49	-0.02205
25.5	-0.02804
25.51	-0.03392
25.52	-0.03722
25.53	-0.03554
25.54	-0.02934
25.55	-0.02087
25.56	-0.01229
25.57	-0.00453
25.58	0.00268
25.59	0.01141
25.6	0.02332
25.61	0.03806
25.62	0.05416
25.63	0.07011
25.64	0.08088
25.65	0.07838
25.66	0.06172
25.67	0.03647
25.68	0.00920
25.69	-0.01634
25.7	-0.03746
25.71	-0.05014
25.72	-0.05432
25.73	-0.05345
25.74	-0.05123
25.75	-0.04965
25.76	-0.04894
25.77	-0.04937
25.78	-0.05184
25.79	-0.05626
25.8	-0.06183
25.81	-0.06760
25.82	-0.07292
25.83	-0.07519
25.84	-0.06990
25.85	-0.05648
25.86	-0.03830
25.87	-0.02075
25.88	-0.00718
25.89	0.00272
25.9	0.01117
25.91	0.01975
25.92	0.02484
25.93	0.02084
25.94	0.00734
25.95	-0.01106
25.96	-0.02696
25.97	-0.03611
25.98	-0.03951
25.99	-0.04056
26	-0.04210
26.01	-0.04507
26.02	-0.04856
26.03	-0.05050
26.04	-0.04989
26.05	-0.04730
26.06	-0.04400
26.07	-0.04095
26.08	-0.03875
26.09	-0.04009
26.1	-0.04702
26.11	-0.05866
26.12	-0.07237
26.13	-0.08513
26.14	-0.09550
26.15	-0.10398
26.16	-0.11187
26.17	-0.12019
26.18	-0.12828
26.19	-0.13295
26.2	-0.13251
26.21	-0.12812
26.22	-0.12221
26.23	-0.11659
26.24	-0.11190
26.25	-0.10695
26.26	-0.09775
26.27	-0.08197
26.28	-0.06106
26.29	-0.03806
26.3	-0.01542
26.31	0.00394
26.32	0.01459
26.33	0.01522
26.34	0.00924
26.35	0.00172
26.36	0.00034
26.37	0.00974
26.38	0.02817
26.39	0.05411
26.4	0.08705
26.41	0.12183
26.42	0.14718
26.43	0.15811
26.44	0.15833
26.45	0.15467
26.46	0.15149
26.47	0.14759
26.48	0.14037
26.49	0.12926
26.5	0.11561
26.51	0.10136
26.52	0.08929
26.53	0.08254
26.54	0.08123
26.55	0.08298
26.56	0.08533
26.57	0.08694
26.58	0.08514
26.59	0.06994
26.6	0.03929
26.61	0.00221
26.62	-0.03269
26.63	-0.05707
26.64	-0.06007
26.65	-0.04169
26.66	-0.01096
26.67	0.02257
26.68	0.05396
26.69	0.08294
26.7	0.11104
26.71	0.13380
26.72	0.14248
26.73	0.13579
26.74	0.11948
26.75	0.09992
26.76	0.07573
26.77	0.04458
26.78	0.01643
26.79	0.00164
26.8	0.00082
26.81	0.00784
26.82	0.01599
26.83	0.02160
26.84	0.02197
26.85	0.01645
26.86	0.00715
26.87	-0.00332
26.88	-0.01336
26.89	-0.02273
26.9	-0.03192
26.91	-0.04142
26.92	-0.05124
26.93	-0.05837
26.94	-0.05740
26.95	-0.04736
26.96	-0.03164
26.97	-0.01444
26.98	0.00164
26.99	0.01618
27	0.03002
27.01	0.04411
27.02	0.05879
27.03	0.07384
27.04	0.08843
27.05	0.09769
27.06	0.09698
27.07	0.08719
27.08	0.07310
27.09	0.06068
27.1	0.05310
27.11	0.04957
27.12	0.04749
27.13	0.04481
27.14	0.04095
27.15	0.03644
27.16	0.03200
27.17	0.02799
27.18	0.02435
27.19	0.02080
27.2	0.01712
27.21	0.01324
27.22	0.00802
27.23	-0.00135
27.24	-0.01551
27.25	-0.03217
27.26	-0.04739
27.27	-0.05920
27.28	-0.06820
27.29	-0.07621
27.3	-0.08459
27.31	-0.09373
27.32	-0.10310
27.33	-0.10935
27.34	-0.10794
27.35	-0.09867
27.36	-0.08480
27.37	-0.07001
27.38	-0.05623
27.39	-0.04379
27.4	-0.03482
27.41	-0.03307
27.42	-0.03864
27.43	-0.04855
27.44	-0.05953
27.45	-0.06973
27.46	-0.07717
27.47	-0.07660
27.48	-0.06595
27.49	-0.04806
27.5	-0.02748
27.51	-0.00808
27.52	0.00524
27.53	0.01033
27.54	0.00944
27.55	0.00638
27.56	0.00383
27.57	0.00247
27.58	0.00170
27.59	0.00072
27.6	-0.00081
27.61	-0.00275
27.62	-0.00544
27.63	-0.01017
27.64	-0.01731
27.65	-0.02607
27.66	-0.03508
27.67	-0.04124
27.68	-0.04231
27.69	-0.03911
27.7	-0.03400
27.71	-0.02895
27.72	-0.02537
27.73	-0.02459
27.74	-0.02644
27.75	-0.02968
27.76	-0.03314
27.77	-0.03602
27.78	-0.03623
27.79	-0.03189
27.8	-0.02356
27.81	-0.01335
27.82	-0.00434
27.83	0.00071
27.84	0.00178
27.85	0.00076
27.86	0.00030
27.87	0.00381
27.88	0.01235
27.89	0.02399
27.9	0.03212
27.91	0.02893
27.92	0.01378
27.93	-0.00833
27.94	-0.03081
27.95	-0.04689
27.96	-0.05435
27.97	-0.05600
27.98	-0.05603
27.99	-0.05713
28	-0.05970
28.01	-0.06285
28.02	-0.06558
28.03	-0.06539
28.04	-0.05718
28.05	-0.04015
28.06	-0.01794
28.07	0.00479
28.08	0.02559
28.09	0.04454
28.1	0.06277
28.11	0.07907
28.12	0.09037
28.13	0.09613
28.14	0.09855
28.15	0.10275
28.16	0.11349
28.17	0.13090
28.18	0.14981
28.19	0.15849
28.2	0.15042
28.21	0.12839
28.22	0.09837
28.23	0.06836
28.24	0.04820
28.25	0.04071
28.26	0.04147
28.27	0.04440
28.28	0.04574
28.29	0.04499
28.3	0.04350
28.31	0.04259
28.32	0.04270
28.33	0.04350
28.34	0.04453
28.35	0.04549
28.36	0.04633
28.37	0.04712
28.38	0.04784
28.39	0.04652
28.4	0.04076
28.41	0.03062
28.42	0.01758
28.43	0.00208
28.44	-0.01582
28.45	-0.03527
28.46	-0.05174
28.47	-0.05786
28.48	-0.05228
28.49	-0.03930
28.5	-0.02404
28.51	-0.00927
28.52	0.00452
28.53	0.01703
28.54	0.02614
28.55	0.03097
28.56	0.03274
28.57	0.03331
28.58	0.03377
28.59	0.03099
28.6	0.01922
28.61	-0.00484
28.62	-0.04146
28.63	-0.08100
28.64	-0.10504
28.65	-0.10693
28.66	-0.09297
28.67	-0.07054
28.68	-0.04256
28.69	-0.01714
28.7	-0.00164
28.71	0.00411
28.72	0.00489
28.73	0.00533
28.74	0.00752
28.75	0.01113
28.76	0.01490
28.77	0.01796
28.78	0.02025
28.79	0.02219
28.8	0.02174
28.81	0.01230
28.82	-0.00824
28.83	-0.03196
28.84	-0.04673
28.85	-0.04850
28.86	-0.04134
28.87	-0.03173
28.88	-0.02385
28.89	-0.01849
28.9	-0.01501
28.91	-0.01364
28.92	-0.01419
28.93	-0.01598
28.94	-0.01827
28.95	-0.02066
28.96	-0.02299
28.97	-0.02533
28.98	-0.02722
28.99	-0.02701
29	-0.02392
29.01	-0.01868
29.02	-0.01259
29.03	-0.00667
29.04	-0.00122
29.05	0.00397
29.06	0.01004
29.07	0.01958
29.08	0.03342
29.09	0.05017
29.1	0.06690
29.11	0.07367
29.12	0.06296
29.13	0.03786
29.14	0.01073
29.15	-0.00791
29.16	-0.01652
29.17	-0.01967
29.18	-0.02274
29.19	-0.02917
29.2	-0.03921
29.21	-0.05105
29.22	-0.06199
29.23	-0.06448
29.24	-0.05303
29.25	-0.03010
29.26	-0.00203
29.27	0.02524
29.28	0.04859
29.29	0.06852
29.3	0.08720
29.31	0.10642
29.32	0.12650
29.33	0.14255
29.34	0.14568
29.35	0.13430
29.36	0.11372
29.37	0.08716
29.38	0.05120
29.39	0.01364
29.4	-0.01276
29.41	-0.02457
29.42	-0.02677
29.43	-0.02640
29.44	-0.02789
29.45	-0.03190
29.46	-0.03691
29.47	-0.04072
29.48	-0.03666
29.49	-0.01894
29.5	0.01071
29.51	0.04564
29.52	0.07394
29.53	0.08534
29.54	0.08068
29.55	0.06782
29.56	0.05435
29.57	0.04407
29.58	0.03823
29.59	0.03605
29.6	0.03549
29.61	0.03294
29.62	0.01677
29.63	-0.01978
29.64	-0.06395
29.65	-0.09746
29.66	-0.11400
29.67	-0.11871
29.68	-0.12028
29.69	-0.12443
29.7	-0.13209
29.71	-0.14130
29.72	-0.14966
29.73	-0.15347
29.74	-0.14891
29.75	-0.13667
29.76	-0.12039
29.77	-0.10368
29.78	-0.08835
29.79	-0.07425
29.8	-0.06077
29.81	-0.05080
29.82	-0.04868
29.83	-0.05452
29.84	-0.06501
29.85	-0.07601
29.86	-0.08439
29.87	-0.08971
29.88	-0.09340
29.89	-0.09706
29.9	-0.10142
29.91	-0.10607
29.92	-0.10771
29.93	-0.10313
29.94	-0.09278
29.95	-0.07943
29.96	-0.06571
29.97	-0.05270
29.98	-0.04026
29.99	-0.02790
30	-0.01638
30.01	-0.00707
30.02	-0.00016
30.03	0.00526
30.04	0.01025
30.05	0.01547
30.06	0.02102
30.07	0.02666
30.08	0.03219
30.09	0.03755
30.1	0.04277
30.11	0.04763
30.12	0.04820
30.13	0.03968
30.14	0.02222
30.15	-0.00026
30.16	-0.02366
30.17	-0.04590
30.18	-0.06421
30.19	-0.07308
30.2	-0.07174
30.21	-0.06401
30.22	-0.05454
30.23	-0.04624
30.24	-0.03965
30.25	-0.03386
30.26	-0.02771
30.27	-0.01906
30.28	-0.00597
30.29	0.01092
30.3	0.02615
30.31	0.03156
30.32	0.02538
30.33	0.01179
30.34	-0.00333
30.35	-0.01525
30.36	-0.02271
30.37	-0.02746
30.38	-0.03186
30.39	-0.03738
30.4	-0.04555
30.41	-0.05762
30.42	-0.07110
30.43	-0.07841
30.44	-0.07542
30.45	-0.06429
30.46	-0.04991
30.47	-0.03607
30.48	-0.02477
30.49	-0.01705
30.5	-0.01217
30.51	-0.00851
30.52	-0.00480
30.53	-0.00049
30.54	0.00579
30.55	0.01503
30.56	0.02668
30.57	0.03939
30.58	0.05213
30.59	0.06448
30.6	0.07655
30.61	0.08690
30.62	0.09015
30.63	0.08375
30.64	0.07012
30.65	0.05365
30.66	0.03708
30.67	0.01671
30.68	-0.01200
30.69	-0.04872
30.7	-0.08349
30.71	-0.09765
30.72	-0.08571
30.73	-0.05675
30.74	-0.02477
30.75	0.00175
30.76	0.02210
30.77	0.03997
30.78	0.05891
30.79	0.08017
30.8	0.10094
30.81	0.11254
30.82	0.10792
30.83	0.08875
30.84	0.06375
30.85	0.04354
30.86	0.03446
30.87	0.03656
30.88	0.04487
30.89	0.05392
30.9	0.06062
30.91	0.06474
30.92	0.06667
30.93	0.06692
30.94	0.06623
30.95	0.06521
30.96	0.06418
30.97	0.06368
30.98	0.06427
30.99	0.06591
31	0.06812
31.01	0.07048
31.02	0.07272
31.03	0.07484
31.04	0.07697
31.05	0.07916
31.06	0.08142
31.07	0.08375
31.08	0.08581
31.09	0.08523
31.1	0.08003
31.11	0.07083
31.12	0.05972
31.13	0.04867
31.14	0.03975
31.15	0.03391
31.16	0.03029
31.17	0.02744
31.18	0.02438
31.19	0.02084
31.2	0.01747
31.21	0.01625
31.22	0.01828
31.23	0.02281
31.24	0.02837
31.25	0.03377
31.26	0.03839
31.27	0.03971
31.28	0.03536
31.29	0.02598
31.3	0.01405
31.31	0.00184
31.32	-0.01023
31.33	-0.02390
31.34	-0.04025
31.35	-0.05884
31.36	-0.07847
31.37	-0.09803
31.38	-0.11711
31.39	-0.13210
31.4	-0.13449
31.41	-0.12235
31.42	-0.10071
31.43	-0.07626
31.44	-0.05315
31.45	-0.03216
31.46	-0.01212
31.47	0.00619
31.48	0.01931
31.49	0.02627
31.5	0.02903
31.51	0.03038
31.52	0.03212
31.53	0.03546
31.54	0.04237
31.55	0.05338
31.56	0.06713
31.57	0.08134
31.58	0.09008
31.59	0.08825
31.6	0.07696
31.61	0.06098
31.62	0.04342
31.63	0.02310
31.64	-0.00095
31.65	-0.02471
31.66	-0.03833
31.67	-0.03847
31.68	-0.02908
31.69	-0.01656
31.7	-0.00529
31.71	0.00203
31.72	0.00404
31.73	0.00201
31.74	-0.00168
31.75	-0.00523
31.76	-0.00809
31.77	-0.01058
31.78	-0.01319
31.79	-0.01611
31.8	-0.01928
31.81	-0.02223
31.82	-0.02129
31.83	-0.01116
31.84	0.00841
31.85	0.03353
31.86	0.05937
31.87	0.08195
31.88	0.10032
31.89	0.11620
31.9	0.13109
31.91	0.13966
31.92	0.13534
31.93	0.11866
31.94	0.09517
31.95	0.07054
31.96	0.04967
31.97	0.03730
31.98	0.03326
31.99	0.03382
32	0.03508
32.01	0.03519
32.02	0.03421
32.03	0.03308
32.04	0.03247
32.05	0.03247
32.06	0.03276
32.07	0.03299
32.08	0.03298
32.09	0.03162
32.1	0.02520
32.11	0.01208
32.12	-0.00599
32.13	-0.02596
32.14	-0.04361
32.15	-0.05292
32.16	-0.05245
32.17	-0.04565
32.18	-0.03674
32.19	-0.02775
32.2	-0.01897
32.21	-0.00991
32.22	-0.00024
32.23	0.01006
32.24	0.02088
32.25	0.03200
32.26	0.04232
32.27	0.04881
32.28	0.05016
32.29	0.04771
32.3	0.04385
32.31	0.04023
32.32	0.03737
32.33	0.03489
32.34	0.03232
32.35	0.02938
32.36	0.02609
32.37	0.02118
32.38	0.01203
32.39	-0.00176
32.4	-0.01847
32.41	-0.03445
32.42	-0.04488
32.43	-0.04869
32.44	-0.04835
32.45	-0.04703
32.46	-0.04661
32.47	-0.04757
32.48	-0.05036
32.49	-0.05495
32.5	-0.06068
32.51	-0.06681
32.52	-0.07261
32.53	-0.07502
32.54	-0.07109
32.55	-0.06147
32.56	-0.04894
32.57	-0.03612
32.58	-0.02421
32.59	-0.01307
32.6	-0.00322
32.61	0.00310
32.62	0.00524
32.63	0.00455
32.64	0.00287
32.65	0.00147
32.66	0.00058
32.67	0.00000
32.68	0.00014
32.69	0.00180
32.7	0.00500
32.71	0.00914
32.72	0.01349
32.73	0.01766
32.74	0.01924
32.75	0.01283
32.76	-0.00302
32.77	-0.02555
32.78	-0.05067
32.79	-0.07546
32.8	-0.09673
32.81	-0.10871
32.82	-0.11002
32.83	-0.10428
32.84	-0.09689
32.85	-0.09246
32.86	-0.09234
32.87	-0.09493
32.88	-0.09798
32.89	-0.10021
32.9	-0.10157
32.91	-0.10249
32.92	-0.10130
32.93	-0.09545
32.94	-0.08490
32.95	-0.07157
32.96	-0.05763
32.97	-0.04423
32.98	-0.03148
32.99	-0.01895
33	-0.00637
33.01	0.00475
33.02	0.01266
33.03	0.01744
33.04	0.02050
33.05	0.02332
33.06	0.02804
33.07	0.03732
33.08	0.05123
33.09	0.06782
33.1	0.08492
33.11	0.10108
33.12	0.11315
33.13	0.11899
33.14	0.11982
33.15	0.11845
33.16	0.11712
33.17	0.11540
33.18	0.10796
33.19	0.09124
33.2	0.06727
33.21	0.04418
33.22	0.03032
33.23	0.02678
33.24	0.02918
33.25	0.03249
33.26	0.03403
33.27	0.03379
33.28	0.03297
33.29	0.03105
33.3	0.02589
33.31	0.01697
33.32	0.00550
33.33	-0.00684
33.34	-0.01890
33.35	-0.03042
33.36	-0.04164
33.37	-0.05122
33.38	-0.05469
33.39	-0.05037
33.4	-0.04051
33.41	-0.02869
33.42	-0.01778
33.43	-0.00877
33.44	-0.00101
33.45	0.00662
33.46	0.01472
33.47	0.02336
33.48	0.03131
33.49	0.03356
33.5	0.02671
33.51	0.01241
33.52	-0.00519
33.53	-0.02269
33.54	-0.03858
33.55	-0.05072
33.56	-0.05684
33.57	-0.05770
33.58	-0.05581
33.59	-0.05353
33.6	-0.05190
33.61	-0.05121
33.62	-0.05237
33.63	-0.05586
33.64	-0.06107
33.65	-0.06702
33.66	-0.07297
33.67	-0.07860
33.68	-0.08257
33.69	-0.08240
33.7	-0.07781
33.71	-0.07043
33.72	-0.06232
33.73	-0.05468
33.74	-0.04766
33.75	-0.04086
33.76	-0.03473
33.77	-0.03375
33.78	-0.04130
33.79	-0.05603
33.8	-0.07424
33.81	-0.09314
33.82	-0.11163
33.83	-0.12980
33.84	-0.14617
33.85	-0.15296
33.86	-0.14542
33.87	-0.12651
33.88	-0.10267
33.89	-0.07905
33.9	-0.05764
33.91	-0.03887
33.92	-0.02254
33.93	-0.00761
33.94	0.00695
33.95	0.02159
33.96	0.03635
33.97	0.05088
33.98	0.06180
33.99	0.06440
34	0.05846
34.01	0.04753
34.02	0.03551
34.03	0.02455
34.04	0.01480
34.05	0.00621
34.06	0.00066
34.07	-0.00082
34.08	0.00082
34.09	0.00382
34.1	0.00680
34.11	0.00929
34.12	0.00967
34.13	0.00347
34.14	-0.01078
34.15	-0.03060
34.16	-0.05234
34.17	-0.07352
34.18	-0.09259
34.19	-0.10115
34.2	-0.09242
34.21	-0.06908
34.22	-0.03880
34.23	-0.00802
34.24	0.02114
34.25	0.04948
34.26	0.07839
34.27	0.10631
34.28	0.12761
34.29	0.14032
34.3	0.14674
34.31	0.14846
34.32	0.14587
34.33	0.14009
34.34	0.13264
34.35	0.12478
34.36	0.11706
34.37	0.10957
34.38	0.10209
34.39	0.09410
34.4	0.08482
34.41	0.07418
34.42	0.06274
34.43	0.05118
34.44	0.03983
34.45	0.02870
34.46	0.01766
34.47	0.00658
34.48	-0.00455
34.49	-0.01571
34.5	-0.02640
34.51	-0.03628
34.52	-0.04560
34.53	-0.05481
34.54	-0.06416
34.55	-0.07366
34.56	-0.08295
34.57	-0.08927
34.58	-0.08985
34.59	-0.08516
34.6	-0.07777
34.61	-0.07005
34.62	-0.06313
34.63	-0.05691
34.64	-0.05193
34.65	-0.05081
34.66	-0.05457
34.67	-0.06183
34.68	-0.07040
34.69	-0.07874
34.7	-0.08641
34.71	-0.09364
34.72	-0.09890
34.73	-0.09882
34.74	-0.09271
34.75	-0.08276
34.76	-0.07170
34.77	-0.06121
34.78	-0.05159
34.79	-0.04233
34.8	-0.03285
34.81	-0.02190
34.82	-0.00654
34.83	0.01399
34.84	0.03767
34.85	0.05800
34.86	0.06849
34.87	0.06905
34.88	0.06413
34.89	0.05845
34.9	0.05460
34.91	0.05476
34.92	0.05963
34.93	0.06775
34.94	0.07691
34.95	0.08577
34.96	0.09403
34.97	0.10203
34.98	0.10993
34.99	0.11423
35	0.10940
35.01	0.09491
35.02	0.07456
35.03	0.05296
35.04	0.03492
35.05	0.02420
35.06	0.02007
35.07	0.01915
35.08	0.01834
35.09	0.01636
35.1	0.01338
35.11	0.00909
35.12	0.00265
35.13	-0.00588
35.14	-0.01566
35.15	-0.02373
35.16	-0.02273
35.17	-0.00946
35.18	0.01281
35.19	0.03839
35.2	0.06324
35.21	0.08619
35.22	0.10625
35.23	0.11967
35.24	0.12531
35.25	0.12555
35.26	0.12383
35.27	0.12245
35.28	0.12198
35.29	0.12195
35.3	0.12136
35.31	0.11803
35.32	0.11076
35.33	0.10047
35.34	0.08895
35.35	0.07757
35.36	0.06694
35.37	0.05878
35.38	0.05432
35.39	0.05280
35.4	0.05262
35.41	0.05244
35.42	0.05174
35.43	0.05065
35.44	0.04881
35.45	0.04541
35.46	0.04037
35.47	0.03432
35.48	0.02795
35.49	0.02170
35.5	0.01565
35.51	0.00968
35.52	0.00364
35.53	-0.00249
35.54	-0.00869
35.55	-0.01489
35.56	-0.02093
35.57	-0.02557
35.58	-0.02726
35.59	-0.02607
35.6	-0.02330
35.61	-0.02023
35.62	-0.01753
35.63	-0.01520
35.64	-0.01292
35.65	-0.01047
35.66	-0.00779
35.67	-0.00527
35.68	-0.00468
35.69	-0.00722
35.7	-0.01234
35.71	-0.01859
35.72	-0.02477
35.73	-0.03042
35.74	-0.03569
35.75	-0.04081
35.76	-0.04440
35.77	-0.04415
35.78	-0.03976
35.79	-0.03283
35.8	-0.02522
35.81	-0.01801
35.82	-0.01132
35.83	-0.00520
35.84	-0.00149
35.85	-0.00167
35.86	-0.00511
35.87	-0.01007
35.88	-0.01505
35.89	-0.01944
35.9	-0.02333
35.91	-0.02710
35.92	-0.03101
35.93	-0.03510
35.94	-0.03924
35.95	-0.04334
35.96	-0.04817
35.97	-0.05490
35.98	-0.06370
35.99	-0.07374
36	-0.08403
36.01	-0.09408
36.02	-0.10378
36.03	-0.11336
36.04	-0.12300
36.05	-0.13095
36.06	-0.13231
36.07	-0.12530
36.08	-0.11237
36.09	-0.09738
36.1	-0.08296
36.11	-0.06979
36.12	-0.05723
36.13	-0.04449
36.14	-0.03119
36.15	-0.01748
36.16	-0.00454
36.17	0.00482
36.18	0.00931
36.19	0.01025
36.2	0.00988
36.21	0.00979
36.22	0.01043
36.23	0.01145
36.24	0.01234
36.25	0.01289
36.26	0.01317
36.27	0.01337
36.28	0.01363
36.29	0.01385
36.3	0.01229
36.31	0.00690
36.32	-0.00229
36.33	-0.01355
36.34	-0.02408
36.35	-0.03098
36.36	-0.03389
36.37	-0.03452
36.38	-0.03480
36.39	-0.03577
36.4	-0.03737
36.41	-0.03919
36.42	-0.04077
36.43	-0.04208
36.44	-0.04249
36.45	-0.04043
36.46	-0.03558
36.47	-0.02892
36.48	-0.02173
36.49	-0.01480
36.5	-0.00827
36.51	-0.00194
36.52	0.00448
36.53	0.01105
36.54	0.01775
36.55	0.02444
36.56	0.03104
36.57	0.03719
36.58	0.04075
36.59	0.04022
36.6	0.03636
36.61	0.03097
36.62	0.02561
36.63	0.02080
36.64	0.01643
36.65	0.01188
36.66	0.00508
36.67	-0.00622
36.68	-0.02175
36.69	-0.03955
36.7	-0.05763
36.71	-0.07161
36.72	-0.07338
36.73	-0.06143
36.74	-0.04079
36.75	-0.01778
36.76	0.00383
36.77	0.02347
36.78	0.04123
36.79	0.05377
36.8	0.05880
36.81	0.05782
36.82	0.05409
36.83	0.05026
36.84	0.04738
36.85	0.04551
36.86	0.04495
36.87	0.04577
36.88	0.04750
36.89	0.04962
36.9	0.05143
36.91	0.05226
36.92	0.05208
36.93	0.05135
36.94	0.05053
36.95	0.04948
36.96	0.04456
36.97	0.03261
36.98	0.01447
36.99	-0.00666
37	-0.02793
37.01	-0.04507
37.02	-0.05114
37.03	-0.04514
37.04	-0.03166
37.05	-0.01625
37.06	-0.00211
37.07	0.01032
37.08	0.02078
37.09	0.02782
37.1	0.03136
37.11	0.03268
37.12	0.03329
37.13	0.03359
37.14	0.03224
37.15	0.02854
37.16	0.02298
37.17	0.01666
37.18	0.01044
37.19	0.00463
37.2	-0.00092
37.21	-0.00639
37.22	-0.01112
37.23	-0.01358
37.24	-0.01346
37.25	-0.01163
37.26	-0.00976
37.27	-0.01047
37.28	-0.01497
37.29	-0.02232
37.3	-0.03084
37.31	-0.03946
37.32	-0.04784
37.33	-0.05605
37.34	-0.06273
37.35	-0.06566
37.36	-0.06463
37.37	-0.06117
37.38	-0.05711
37.39	-0.05349
37.4	-0.05039
37.41	-0.04748
37.42	-0.04444
37.43	-0.04115
37.44	-0.03774
37.45	-0.03436
37.46	-0.03110
37.47	-0.02797
37.48	-0.02515
37.49	-0.02357
37.5	-0.02378
37.51	-0.02542
37.52	-0.02769
37.53	-0.02939
37.54	-0.02696
37.55	-0.01813
37.56	-0.00419
37.57	0.01192
37.58	0.02784
37.59	0.04275
37.6	0.05695
37.61	0.07111
37.62	0.08560
37.63	0.10021
37.64	0.11305
37.65	0.12260
37.66	0.12918
37.67	0.13429
37.68	0.13926
37.69	0.14468
37.7	0.15033
37.71	0.15421
37.72	0.15291
37.73	0.14593
37.74	0.13542
37.75	0.12399
37.76	0.11318
37.77	0.10314
37.78	0.09334
37.79	0.08327
37.8	0.07276
37.81	0.06202
37.82	0.05234
37.83	0.04540
37.84	0.04126
37.85	0.03874
37.86	0.03655
37.87	0.03398
37.88	0.03097
37.89	0.02715
37.9	0.02157
37.91	0.01411
37.92	0.00545
37.93	-0.00353
37.94	-0.01230
37.95	-0.02022
37.96	-0.02589
37.97	-0.02894
37.98	-0.03019
37.99	-0.03080
38	-0.03153
38.01	-0.03252
38.02	-0.03358
38.03	-0.03446
38.04	-0.03509
38.05	-0.03550
38.06	-0.03578
38.07	-0.03601
38.08	-0.03620
38.09	-0.03629
38.1	-0.03626
38.11	-0.03610
38.12	-0.03579
38.13	-0.03538
38.14	-0.03487
38.15	-0.03425
38.16	-0.03351
38.17	-0.03265
38.18	-0.03170
38.19	-0.03064
38.2	-0.02947
38.21	-0.02821
38.22	-0.02707
38.23	-0.02795
38.24	-0.03245
38.25	-0.04010
38.26	-0.04923
38.27	-0.05836
38.28	-0.06690
38.29	-0.07498
38.3	-0.08298
38.31	-0.09077
38.32	-0.09482
38.33	-0.09197
38.34	-0.08307
38.35	-0.07118
38.36	-0.05908
38.37	-0.04802
38.38	-0.03819
38.39	-0.03009
38.4	-0.02379
38.41	-0.01871
38.42	-0.01412
38.43	-0.00958
38.44	-0.00496
38.45	-0.00037
38.46	0.00408
38.47	0.00834
38.48	0.01245
38.49	0.01644
38.5	0.02035
38.51	0.02406
38.52	0.02609
38.53	0.02469
38.54	0.01994
38.55	0.01325
38.56	0.00612
38.57	-0.00071
38.58	-0.00723
38.59	-0.01375
38.6	-0.02058
38.61	-0.02714
38.62	-0.03074
38.63	-0.02976
38.64	-0.02518
38.65	-0.01911
38.66	-0.01324
38.67	-0.00817
38.68	-0.00367
38.69	0.00076
38.7	0.00540
38.71	0.01025
38.72	0.01512
38.73	0.01986
38.74	0.02446
38.75	0.02894
38.76	0.03330
38.77	0.03640
38.78	0.03678
38.79	0.03451
38.8	0.03074
38.81	0.02671
38.82	0.02309
38.83	0.01989
38.84	0.01683
38.85	0.01371
38.86	0.01047
38.87	0.00721
38.88	0.00407
38.89	0.00108
38.9	-0.00174
38.91	-0.00444
38.92	-0.00702
38.93	-0.00951
38.94	-0.01189
38.95	-0.01413
38.96	-0.01622
38.97	-0.01818
38.98	-0.01998
38.99	-0.02161
39	-0.02282
39.01	-0.02343
39.02	-0.02353
39.03	-0.02332
39.04	-0.02320
39.05	-0.02519
39.06	-0.03094
39.07	-0.03987
39.08	-0.04993
39.09	-0.05789
39.1	-0.06185
39.11	-0.06259
39.12	-0.06197
39.13	-0.06154
39.14	-0.06178
39.15	-0.06240
39.16	-0.06295
39.17	-0.06317
39.18	-0.06314
39.19	-0.06304
39.2	-0.06303
39.21	-0.06316
39.22	-0.06341
39.23	-0.06368
39.24	-0.06400
39.25	-0.06436
39.26	-0.06479
39.27	-0.06535
39.28	-0.06593
39.29	-0.06467
39.3	-0.05797
39.31	-0.04531
39.32	-0.02894
39.33	-0.01175
39.34	0.00453
39.35	0.01790
39.36	0.02633
39.37	0.03026
39.38	0.03169
39.39	0.03259
39.4	0.03387
39.41	0.03547
39.42	0.03695
39.43	0.03800
39.44	0.03848
39.45	0.03762
39.46	0.03461
39.47	0.02969
39.48	0.02374
39.49	0.01754
39.5	0.01149
39.51	0.00653
39.52	0.00383
39.53	0.00336
39.54	0.00412
39.55	0.00508
39.56	0.00569
39.57	0.00594
39.58	0.00661
39.59	0.00995
39.6	0.01721
39.61	0.02754
39.62	0.03913
39.63	0.05051
39.64	0.06036
39.65	0.06808
39.66	0.07425
39.67	0.07988
39.68	0.08573
39.69	0.09202
39.7	0.09859
39.71	0.10523
39.72	0.11188
39.73	0.11858
39.74	0.12518
39.75	0.12932
39.76	0.12852
39.77	0.12318
39.78	0.11558
39.79	0.10786
39.8	0.10105
39.81	0.09511
39.82	0.08948
39.83	0.08339
39.84	0.07513
39.85	0.06395
39.86	0.05067
39.87	0.03672
39.88	0.01967
39.89	-0.00197
39.9	-0.01958
39.91	-0.02743
39.92	-0.02661
39.93	-0.02172
39.94	-0.01680
39.95	-0.01352
39.96	-0.01140
39.97	-0.00927
39.98	-0.00706
39.99	-0.00693
40	-0.01031
40.01	-0.01661
40.02	-0.02429
40.03	-0.03308
40.04	-0.04446
40.05	-0.05894
40.06	-0.07559
40.07	-0.09307
40.08	-0.11006
40.09	-0.12225
40.1	-0.12482
40.11	-0.11833
40.12	-0.10697
40.13	-0.09495
40.14	-0.08431
40.15	-0.07538
40.16	-0.06872
40.17	-0.06444
40.18	-0.06183
40.19	-0.05999
40.2	-0.05825
40.21	-0.05581
40.22	-0.05178
40.23	-0.04623
40.24	-0.03994
40.25	-0.03366
40.26	-0.02777
40.27	-0.02227
40.28	-0.01699
40.29	-0.01180
40.3	-0.00659
40.31	-0.00040
40.32	0.00792
40.33	0.01829
40.34	0.02972
40.35	0.04068
40.36	0.04774
40.37	0.04883
40.38	0.04515
40.39	0.03941
40.4	0.03371
40.41	0.02880
40.42	0.02435
40.43	0.01976
40.44	0.01472
40.45	0.00968
40.46	0.00609
40.47	0.00478
40.48	0.00522
40.49	0.00634
40.5	0.00733
40.51	0.00794
40.52	0.00833
40.53	0.00878
40.54	0.00902
40.55	0.00812
40.56	0.00581
40.57	0.00252
40.58	-0.00106
40.59	-0.00446
40.6	-0.00749
40.61	-0.00923
40.62	-0.00828
40.63	-0.00464
40.64	0.00065
40.65	0.00639
40.66	0.01195
40.67	0.01727
40.68	0.02263
40.69	0.02822
40.7	0.03411
40.71	0.04023
40.72	0.04647
40.73	0.05182
40.74	0.05326
40.75	0.04944
40.76	0.04178
40.77	0.03272
40.78	0.02406
40.79	0.01630
40.8	0.00910
40.81	0.00190
40.82	-0.00554
40.83	-0.01316
40.84	-0.02075
40.85	-0.02815
40.86	-0.03535
40.87	-0.04243
40.88	-0.04945
40.89	-0.05646
40.9	-0.06345
40.91	-0.07042
40.92	-0.07624
40.93	-0.07795
40.94	-0.07453
40.95	-0.06755
40.96	-0.05935
40.97	-0.05153
40.98	-0.04440
40.99	-0.03664
41	-0.02683
41.01	-0.01492
41.02	-0.00189
41.03	0.01036
41.04	0.01779
41.05	0.01837
41.06	0.01378
41.07	0.00709
41.08	0.00066
41.09	-0.00487
41.1	-0.00992
41.11	-0.01520
41.12	-0.02104
41.13	-0.02740
41.14	-0.03395
41.15	-0.04053
41.16	-0.04694
41.17	-0.05196
41.18	-0.05400
41.19	-0.05322
41.2	-0.05093
41.21	-0.04847
41.22	-0.04658
41.23	-0.04517
41.24	-0.04401
41.25	-0.04326
41.26	-0.04361
41.27	-0.04527
41.28	-0.04789
41.29	-0.05090
41.3	-0.05393
41.31	-0.05686
41.32	-0.05971
41.33	-0.06121
41.34	-0.05942
41.35	-0.05419
41.36	-0.04691
41.37	-0.03917
41.38	-0.03186
41.39	-0.02504
41.4	-0.01839
41.41	-0.01151
41.42	-0.00378
41.43	0.00529
41.44	0.01547
41.45	0.02617
41.46	0.03646
41.47	0.04360
41.48	0.04585
41.49	0.04419
41.5	0.04092
41.51	0.03785
41.52	0.03561
41.53	0.03398
41.54	0.03246
41.55	0.03076
41.56	0.02893
41.57	0.02714
41.58	0.02559
41.59	0.02431
41.6	0.02327
41.61	0.02237
41.62	0.02159
41.63	0.02094
41.64	0.02044
41.65	0.02012
41.66	0.02032
41.67	0.02176
41.68	0.02449
41.69	0.02807
41.7	0.03199
41.71	0.03587
41.72	0.03933
41.73	0.04187
41.74	0.04356
41.75	0.04485
41.76	0.04614
41.77	0.04762
41.78	0.04930
41.79	0.05105
41.8	0.05279
41.81	0.05450
41.82	0.05565
41.83	0.05300
41.84	0.04441
41.85	0.03262
41.86	0.02349
41.87	0.01980
41.88	0.02037
41.89	0.02239
41.9	0.02380
41.91	0.02395
41.92	0.02339
41.93	0.02283
41.94	0.02263
41.95	0.02270
41.96	0.02275
41.97	0.02255
41.98	0.02207
41.99	0.02136
42	0.02052
42.01	0.01960
42.02	0.01861
42.03	0.01748
42.04	0.01617
42.05	0.01472
42.06	0.01310
42.07	0.01134
42.08	0.00945
42.09	0.00743
42.1	0.00556
42.11	0.00536
42.12	0.00789
42.13	0.01269
42.14	0.01842
42.15	0.02407
42.16	0.02911
42.17	0.03275
42.18	0.03415
42.19	0.03355
42.2	0.03189
42.21	0.03003
42.22	0.02837
42.23	0.02689
42.24	0.02543
42.25	0.02384
42.26	0.02200
42.27	0.01688
42.28	0.00536
42.29	-0.00756
42.3	-0.01674
42.31	-0.02105
42.32	-0.02232
42.33	-0.02305
42.34	-0.02462
42.35	-0.02649
42.36	-0.02618
42.37	-0.02248
42.38	-0.01614
42.39	-0.00869
42.4	-0.00135
42.41	0.00551
42.42	0.01211
42.43	0.01886
42.44	0.02481
42.45	0.02634
42.46	0.02162
42.47	0.01220
42.48	0.00098
42.49	-0.00967
42.5	-0.01880
42.51	-0.02679
42.52	-0.03447
42.53	-0.04239
42.54	-0.05061
42.55	-0.05887
42.56	-0.06678
42.57	-0.07240
42.58	-0.07393
42.59	-0.07178
42.6	-0.06776
42.61	-0.06351
42.62	-0.05977
42.63	-0.05645
42.64	-0.05315
42.65	-0.04955
42.66	-0.04556
42.67	-0.04130
42.68	-0.03697
42.69	-0.03271
42.7	-0.02852
42.71	-0.02435
42.72	-0.02019
42.73	-0.01601
42.74	-0.01183
42.75	-0.00768
42.76	-0.00370
42.77	-0.00030
42.78	0.00235
42.79	0.00444
42.8	0.00628
42.81	0.00810
42.82	0.00995
42.83	0.01180
42.84	0.01357
42.85	0.01523
42.86	0.01661
42.87	0.01611
42.88	0.01209
42.89	0.00483
42.9	-0.00415
42.91	-0.01339
42.92	-0.02218
42.93	-0.02954
42.94	-0.03472
42.95	-0.03800
42.96	-0.04031
42.97	-0.04137
42.98	-0.03936
42.99	-0.03389
43	-0.02615
43.01	-0.01772
43.02	-0.00963
43.03	-0.00207
43.04	0.00521
43.05	0.01256
43.06	0.02007
43.07	0.02758
43.08	0.03414
43.09	0.03912
43.1	0.04279
43.11	0.04585
43.12	0.04890
43.13	0.05217
43.14	0.05563
43.15	0.05907
43.16	0.06241
43.17	0.06564
43.18	0.06884
43.19	0.07208
43.2	0.07535
43.21	0.07820
43.22	0.07918
43.23	0.07760
43.24	0.07412
43.25	0.06993
43.26	0.06587
43.27	0.06221
43.28	0.05879
43.29	0.05534
43.3	0.05175
43.31	0.04803
43.32	0.04445
43.33	0.04243
43.34	0.04334
43.35	0.04697
43.36	0.05198
43.37	0.05714
43.38	0.06191
43.39	0.06634
43.4	0.07069
43.41	0.07395
43.42	0.07401
43.43	0.07037
43.44	0.06435
43.45	0.05762
43.46	0.05080
43.47	0.04327
43.48	0.03461
43.49	0.02498
43.5	0.01511
43.51	0.00791
43.52	0.00607
43.53	0.00910
43.54	0.01463
43.55	0.02039
43.56	0.02537
43.57	0.02942
43.58	0.03092
43.59	0.02841
43.6	0.02252
43.61	0.01497
43.62	0.00735
43.63	0.00101
43.64	-0.00357
43.65	-0.00694
43.66	-0.00995
43.67	-0.01303
43.68	-0.01517
43.69	-0.01526
43.7	-0.01338
43.71	-0.01047
43.72	-0.00742
43.73	-0.00469
43.74	-0.00226
43.75	0.00010
43.76	0.00257
43.77	0.00518
43.78	0.00791
43.79	0.01072
43.8	0.01356
43.81	0.01639
43.82	0.01922
43.83	0.02204
43.84	0.02489
43.85	0.02772
43.86	0.03058
43.87	0.03343
43.88	0.03586
43.89	0.03687
43.9	0.03624
43.91	0.03453
43.92	0.03250
43.93	0.03064
43.94	0.02903
43.95	0.02752
43.96	0.02597
43.97	0.02432
43.98	0.02259
43.99	0.02088
44	0.01921
44.01	0.01759
44.02	0.01598
44.03	0.01437
44.04	0.01256
44.05	0.01031
44.06	0.00768
44.07	0.00481
44.08	0.00193
44.09	-0.00089
44.1	-0.00364
44.11	-0.00582
44.12	-0.00626
44.13	-0.00467
44.14	-0.00173
44.15	0.00163
44.16	0.00483
44.17	0.00769
44.18	0.00984
44.19	0.01098
44.2	0.01138
44.21	0.01142
44.22	0.01147
44.23	0.01165
44.24	0.01191
44.25	0.01217
44.26	0.01239
44.27	0.01258
44.28	0.01276
44.29	0.01297
44.3	0.01310
44.31	0.01181
44.32	0.00745
44.33	0.00012
44.34	-0.00890
44.35	-0.01820
44.36	-0.02706
44.37	-0.03540
44.38	-0.04187
44.39	-0.04482
44.4	-0.04440
44.41	-0.04208
44.42	-0.03938
44.43	-0.03707
44.44	-0.03521
44.45	-0.03344
44.46	-0.03149
44.47	-0.02931
44.48	-0.02703
44.49	-0.02475
44.5	-0.02255
44.51	-0.02041
44.52	-0.01830
44.53	-0.01616
44.54	-0.01397
44.55	-0.01177
44.56	-0.00958
44.57	-0.00739
44.58	-0.00521
44.59	-0.00305
44.6	-0.00087
44.61	0.00132
44.62	0.00350
44.63	0.00567
44.64	0.00786
44.65	0.01004
44.66	0.01220
44.67	0.01429
44.68	0.01565
44.69	0.01571
44.7	0.01463
44.71	0.01300
44.72	0.01135
44.73	0.00988
44.74	0.00856
44.75	0.00723
44.76	0.00582
44.77	0.00434
44.78	0.00281
44.79	0.00130
44.8	-0.00021
44.81	-0.00169
44.82	-0.00319
44.83	-0.00465
44.84	-0.00570
44.85	-0.00593
44.86	-0.00541
44.87	-0.00450
44.88	-0.00356
44.89	-0.00335
44.9	-0.00492
44.91	-0.00836
44.92	-0.01289
44.93	-0.01770
44.94	-0.02228
44.95	-0.02646
44.96	-0.02965
44.97	-0.03162
44.98	-0.03270
44.99	-0.03342
45	-0.03419
45.01	-0.03512
45.02	-0.03615
45.03	-0.03716
45.04	-0.03813
45.05	-0.03905
45.06	-0.04001
45.07	-0.04110
45.08	-0.04230
45.09	-0.04355
45.1	-0.04483
45.11	-0.04611
45.12	-0.04737
45.13	-0.04865
45.14	-0.04976
45.15	-0.05027
45.16	-0.05004
45.17	-0.04935
45.18	-0.04854
45.19	-0.04786
45.2	-0.04807
45.21	-0.04980
45.22	-0.05286
45.23	-0.05657
45.24	-0.06035
45.25	-0.06395
45.26	-0.06738
45.27	-0.07084
45.28	-0.07438
45.29	-0.07803
45.3	-0.08165
45.31	-0.08393
45.32	-0.08299
45.33	-0.07871
45.34	-0.07248
45.35	-0.06584
45.36	-0.05961
45.37	-0.05388
45.38	-0.04830
45.39	-0.04258
45.4	-0.03664
45.41	-0.03058
45.42	-0.02454
45.43	-0.01859
45.44	-0.01279
45.45	-0.00787
45.46	-0.00500
45.47	-0.00426
45.48	-0.00477
45.49	-0.00558
45.5	-0.00615
45.51	-0.00643
45.52	-0.00662
45.53	-0.00692
45.54	-0.00738
45.55	-0.00793
45.56	-0.00847
45.57	-0.00896
45.58	-0.00942
45.59	-0.00988
45.6	-0.01035
45.61	-0.01085
45.62	-0.01136
45.63	-0.01186
45.64	-0.01238
45.65	-0.01288
45.66	-0.01338
45.67	-0.01389
45.68	-0.01440
45.69	-0.01492
45.7	-0.01542
45.71	-0.01543
45.72	-0.01413
45.73	-0.01138
45.74	-0.00770
45.75	-0.00378
45.76	-0.00003
45.77	0.00329
45.78	0.00495
45.79	0.00419
45.8	0.00148
45.81	-0.00211
45.82	-0.00568
45.83	-0.00892
45.84	-0.01191
45.85	-0.01491
45.86	-0.01754
45.87	-0.01841
45.88	-0.01694
45.89	-0.01377
45.9	-0.00996
45.91	-0.00629
45.92	-0.00296
45.93	0.00020
45.94	0.00340
45.95	0.00676
45.96	0.01025
45.97	0.01377
45.98	0.01727
45.99	0.02069
46	0.02354
46.01	0.02483
46.02	0.02442
46.03	0.02294
46.04	0.02120
46.05	0.01965
46.06	0.01835
46.07	0.01715
46.08	0.01591
46.09	0.01456
46.1	0.01315
46.11	0.01175
46.12	0.01048
46.13	0.00951
46.14	0.00896
46.15	0.00868
46.16	0.00850
46.17	0.00830
46.18	0.00808
46.19	0.00784
46.2	0.00761
46.21	0.00743
46.22	0.00729
46.23	0.00716
46.24	0.00704
46.25	0.00691
46.26	0.00681
46.27	0.00671
46.28	0.00664
46.29	0.00657
46.3	0.00653
46.31	0.00650
46.32	0.00648
46.33	0.00630
46.34	0.00541
46.35	0.00357
46.36	0.00101
46.37	-0.00180
46.38	-0.00456
46.39	-0.00716
46.4	-0.00967
46.41	-0.01219
46.42	-0.01473
46.43	-0.01733
46.44	-0.01994
46.45	-0.02246
46.46	-0.02437
46.47	-0.02519
46.48	-0.02500
46.49	-0.02428
46.5	-0.02351
46.51	-0.02288
46.52	-0.02260
46.53	-0.02353
46.54	-0.02613
46.55	-0.03002
46.56	-0.03444
46.57	-0.03883
46.58	-0.04297
46.59	-0.04696
46.6	-0.05097
46.61	-0.05506
46.62	-0.05912
46.63	-0.06196
46.64	-0.06237
46.65	-0.06056
46.66	-0.05756
46.67	-0.05445
46.68	-0.05166
46.69	-0.04918
46.7	-0.04674
46.71	-0.04417
46.72	-0.04143
46.73	-0.03860
46.74	-0.03579
46.75	-0.03306
46.76	-0.03036
46.77	-0.02765
46.78	-0.02499
46.79	-0.02305
46.8	-0.02236
46.81	-0.02274
46.82	-0.02368
46.83	-0.02464
46.84	-0.02543
46.85	-0.02605
46.86	-0.02667
46.87	-0.02735
46.88	-0.02812
46.89	-0.02891
46.9	-0.02968
46.91	-0.03044
46.92	-0.03117
46.93	-0.03139
46.94	-0.03002
46.95	-0.02675
46.96	-0.02222
46.97	-0.01733
46.98	-0.01261
46.99	-0.00817
47	-0.00384
47.01	0.00053
47.02	0.00504
47.03	0.00960
47.04	0.01392
47.05	0.01763
47.06	0.02076
47.07	0.02356
47.08	0.02632
47.09	0.02915
47.1	0.03209
47.11	0.03502
47.12	0.03793
47.13	0.04079
47.14	0.04361
47.15	0.04647
47.16	0.04930
47.17	0.05216
47.18	0.05503
47.19	0.05787
47.2	0.06064
47.21	0.06260
47.22	0.06301
47.23	0.06200
47.24	0.06026
47.25	0.05841
47.26	0.05679
47.27	0.05535
47.28	0.05398
47.29	0.05297
47.3	0.05276
47.31	0.05331
47.32	0.05428
47.33	0.05534
47.34	0.05630
47.35	0.05716
47.36	0.05799
47.37	0.05882
47.38	0.05947
47.39	0.05967
47.4	0.05937
47.41	0.05878
47.42	0.05813
47.43	0.05754
47.44	0.05700
47.45	0.05649
47.46	0.05596
47.47	0.05540
47.48	0.05488
47.49	0.05463
47.5	0.05474
47.51	0.05513
47.52	0.05563
47.53	0.05610
47.54	0.05651
47.55	0.05690
47.56	0.05726
47.57	0.05738
47.58	0.05684
47.59	0.05564
47.6	0.05401
47.61	0.05228
47.62	0.05062
47.63	0.04907
47.64	0.04755
47.65	0.04599
47.66	0.04439
47.67	0.04277
47.68	0.04114
47.69	0.03954
47.7	0.03777
47.71	0.03520
47.72	0.03141
47.73	0.02669
47.74	0.02155
47.75	0.01645
47.76	0.01153
47.77	0.00671
47.78	0.00190
47.79	-0.00298
47.8	-0.00794
47.81	-0.01291
47.82	-0.01783
47.83	-0.02212
47.84	-0.02503
47.85	-0.02647
47.86	-0.02707
47.87	-0.02750
47.88	-0.02808
47.89	-0.02887
47.9	-0.02973
47.91	-0.03051
47.92	-0.03119
47.93	-0.03182
47.94	-0.03244
47.95	-0.03309
47.96	-0.03378
47.97	-0.03448
47.98	-0.03516
47.99	-0.03578
48	-0.03566
48.01	-0.03405
48.02	-0.03095
48.03	-0.02705
48.04	-0.02298
48.05	-0.01913
48.06	-0.01545
48.07	-0.01184
48.08	-0.00815
48.09	-0.00435
48.1	-0.00050
48.11	0.00335
48.12	0.00687
48.13	0.00914
48.14	0.00978
48.15	0.00923
48.16	0.00824
48.17	0.00731
48.18	0.00663
48.19	0.00609
48.2	0.00551
48.21	0.00483
48.22	0.00407
48.23	0.00329
48.24	0.00256
48.25	0.00209
48.26	0.00211
48.27	0.00257
48.28	0.00328
48.29	0.00401
48.3	0.00469
48.31	0.00531
48.32	0.00592
48.33	0.00655
48.34	0.00722
48.35	0.00790
48.36	0.00858
48.37	0.00923
48.38	0.00990
48.39	0.01055
48.4	0.01120
48.41	0.01184
48.42	0.01251
48.43	0.01317
48.44	0.01382
48.45	0.01440
48.46	0.01423
48.47	0.01274
48.48	0.01012
48.49	0.00694
48.5	0.00373
48.51	0.00071
48.52	-0.00216
48.53	-0.00502
48.54	-0.00796
48.55	-0.01098
48.56	-0.01403
48.57	-0.01708
48.58	-0.02009
48.59	-0.02309
48.6	-0.02609
48.61	-0.02910
48.62	-0.03213
48.63	-0.03516
48.64	-0.03819
48.65	-0.04123
48.66	-0.04415
48.67	-0.04600
48.68	-0.04595
48.69	-0.04424
48.7	-0.04174
48.71	-0.03921
48.72	-0.03696
48.73	-0.03495
48.74	-0.03294
48.75	-0.03083
48.76	-0.02860
48.77	-0.02634
48.78	-0.02411
48.79	-0.02192
48.8	-0.01978
48.81	-0.01764
48.82	-0.01550
48.83	-0.01334
48.84	-0.01118
48.85	-0.00906
48.86	-0.00742
48.87	-0.00673
48.88	-0.00698
48.89	-0.00777
48.9	-0.00864
48.91	-0.00940
48.92	-0.01004
48.93	-0.01063
48.94	-0.01130
48.95	-0.01203
48.96	-0.01281
48.97	-0.01359
48.98	-0.01435
48.99	-0.01507
49	-0.01559
49.01	-0.01550
49.02	-0.01474
49.03	-0.01358
49.04	-0.01230
49.05	-0.01111
49.06	-0.01002
49.07	-0.00896
49.08	-0.00790
49.09	-0.00696
49.1	-0.00636
49.11	-0.00617
49.12	-0.00623
49.13	-0.00635
49.14	-0.00644
49.15	-0.00649
49.16	-0.00651
49.17	-0.00653
49.18	-0.00610
49.19	-0.00456
49.2	-0.00187
49.21	0.00153
49.22	0.00508
49.23	0.00849
49.24	0.01172
49.25	0.01490
49.26	0.01813
49.27	0.02141
49.28	0.02474
49.29	0.02807
49.3	0.03136
49.31	0.03462
49.32	0.03786
49.33	0.04095
49.34	0.04301
49.35	0.04340
49.36	0.04242
49.37	0.04081
49.38	0.03919
49.39	0.03781
49.4	0.03659
49.41	0.03538
49.42	0.03406
49.43	0.03264
49.44	0.03117
49.45	0.02974
49.46	0.02841
49.47	0.02727
49.48	0.02629
49.49	0.02538
49.5	0.02447
49.51	0.02353
49.52	0.02256
49.53	0.02158
49.54	0.02063
49.55	0.01967
49.56	0.01872
49.57	0.01775
49.58	0.01679
49.59	0.01580
49.6	0.01481
49.61	0.01383
49.62	0.01283
49.63	0.01185
49.64	0.01085
49.65	0.00966
49.66	0.00776
49.67	0.00497
49.68	0.00156
49.69	-0.00208
49.7	-0.00565
49.71	-0.00909
49.72	-0.01247
49.73	-0.01587
49.74	-0.01925
49.75	-0.02163
49.76	-0.02201
49.77	-0.02055
49.78	-0.01811
49.79	-0.01553
49.8	-0.01327
49.81	-0.01124
49.82	-0.00927
49.83	-0.00718
49.84	-0.00498
49.85	-0.00271
49.86	-0.00045
49.87	0.00175
49.88	0.00392
49.89	0.00606
49.9	0.00823
49.91	0.01041
49.92	0.01260
49.93	0.01479
49.94	0.01697
49.95	0.01915
49.96	0.02132
49.97	0.02344
49.98	0.02505
49.99	0.02561
50	0.02524
50.01	0.02438
50.02	0.02346
50.03	0.02269
50.04	0.02211
50.05	0.02194
50.06	0.02228
50.07	0.02298
50.08	0.02383
50.09	0.02468
50.1	0.02548
50.11	0.02624
50.12	0.02703
50.13	0.02782
50.14	0.02865
50.15	0.02948
50.16	0.03030
50.17	0.03111
50.18	0.03192
50.19	0.03274
50.2	0.03337
50.21	0.03309
50.22	0.03146
50.23	0.02877
50.24	0.02563
50.25	0.02254
50.26	0.01964
50.27	0.01686
50.28	0.01408
50.29	0.01122
50.3	0.00828
50.31	0.00533
50.32	0.00240
50.33	-0.00049
50.34	-0.00337
50.35	-0.00624
50.36	-0.00912
50.37	-0.01200
50.38	-0.01489
50.39	-0.01778
50.4	-0.02064
50.41	-0.02351
50.42	-0.02638
50.43	-0.02924
50.44	-0.03210
50.45	-0.03441
50.46	-0.03490
50.47	-0.03326
50.48	-0.03022
50.49	-0.02676
50.5	-0.02349
50.51	-0.02053
50.52	-0.01770
50.53	-0.01481
50.54	-0.01175
50.55	-0.00860
50.56	-0.00544
50.57	-0.00232
50.58	0.00076
50.59	0.00383
50.6	0.00669
50.61	0.00860
50.62	0.00908
50.63	0.00842
50.64	0.00727
50.65	0.00618
50.66	0.00529
50.67	0.00454
50.68	0.00380
50.69	0.00295
50.7	0.00204
50.71	0.00111
50.72	0.00021
50.73	-0.00066
50.74	-0.00149
50.75	-0.00219
50.76	-0.00216
50.77	-0.00109
50.78	0.00080
50.79	0.00306
50.8	0.00529
50.81	0.00739
50.82	0.00939
50.83	0.01139
50.84	0.01330
50.85	0.01448
50.86	0.01450
50.87	0.01358
50.88	0.01226
50.89	0.01095
50.9	0.00983
50.91	0.00882
50.92	0.00783
50.93	0.00677
50.94	0.00564
50.95	0.00449
50.96	0.00338
50.97	0.00229
50.98	0.00121
50.99	0.00015
51	-0.00092
51.01	-0.00199
51.02	-0.00305
51.03	-0.00411
51.04	-0.00518
51.05	-0.00623
51.06	-0.00726
51.07	-0.00831
51.08	-0.00933
51.09	-0.01037
51.1	-0.01139
51.11	-0.01242
51.12	-0.01343
51.13	-0.01444
51.14	-0.01544
51.15	-0.01644
51.16	-0.01744
51.17	-0.01844
51.18	-0.01943
51.19	-0.02040
51.2	-0.02139
51.21	-0.02237
51.22	-0.02333
51.23	-0.02430
51.24	-0.02526
51.25	-0.02623
51.26	-0.02708
51.27	-0.02696
51.28	-0.02490
51.29	-0.02111
51.3	-0.01639
51.31	-0.01156
51.32	-0.00699
51.33	-0.00266
51.34	0.00164
51.35	0.00604
51.36	0.00995
51.37	0.01228
51.38	0.01276
51.39	0.01207
51.4	0.01104
51.41	0.01021
51.42	0.00965
51.43	0.00923
51.44	0.00872
51.45	0.00810
51.46	0.00741
51.47	0.00671
51.48	0.00606
51.49	0.00545
51.5	0.00485
51.51	0.00425
51.52	0.00364
51.53	0.00303
51.54	0.00240
51.55	0.00181
51.56	0.00121
51.57	0.00061
51.58	0.00002
51.59	-0.00058
51.6	-0.00117
51.61	-0.00176
51.62	-0.00234
51.63	-0.00293
51.64	-0.00350
51.65	-0.00408
51.66	-0.00465
51.67	-0.00523
51.68	-0.00580
51.69	-0.00636
51.7	-0.00693
51.71	-0.00750
51.72	-0.00806
51.73	-0.00861
51.74	-0.00918
51.75	-0.00974
51.76	-0.01029
51.77	-0.01086
51.78	-0.01173
51.79	-0.01321
51.8	-0.01532
51.81	-0.01774
51.82	-0.02022
51.83	-0.02263
51.84	-0.02495
51.85	-0.02724
51.86	-0.02957
51.87	-0.03193
51.88	-0.03433
51.89	-0.03671
51.9	-0.03909
51.91	-0.04143
51.92	-0.04379
51.93	-0.04613
51.94	-0.04849
51.95	-0.05085
51.96	-0.05313
51.97	-0.05457
51.98	-0.05452
51.99	-0.05322
52	-0.05130
52.01	-0.04935
52.02	-0.04761
52.03	-0.04604
52.04	-0.04449
52.05	-0.04284
52.06	-0.04111
52.07	-0.03934
52.08	-0.03758
52.09	-0.03591
52.1	-0.03472
52.11	-0.03436
52.12	-0.03469
52.13	-0.03533
52.14	-0.03600
52.15	-0.03655
52.16	-0.03701
52.17	-0.03746
52.18	-0.03794
52.19	-0.03821
52.2	-0.03797
52.21	-0.03725
52.22	-0.03627
52.23	-0.03524
52.24	-0.03428
52.25	-0.03340
52.26	-0.03253
52.27	-0.03164
52.28	-0.03072
52.29	-0.02977
52.3	-0.02883
52.31	-0.02789
52.32	-0.02698
52.33	-0.02606
52.34	-0.02515
52.35	-0.02422
52.36	-0.02330
52.37	-0.02237
52.38	-0.02146
52.39	-0.02054
52.4	-0.01962
52.41	-0.01870
52.42	-0.01778
52.43	-0.01687
52.44	-0.01596
52.45	-0.01503
52.46	-0.01411
52.47	-0.01320
52.48	-0.01229
52.49	-0.01129
52.5	-0.00986
52.51	-0.00779
52.52	-0.00524
52.53	-0.00247
52.54	0.00028
52.55	0.00293
52.56	0.00554
52.57	0.00813
52.58	0.01077
52.59	0.01344
52.6	0.01612
52.61	0.01879
52.62	0.02145
52.63	0.02409
52.64	0.02674
52.65	0.02939
52.66	0.03205
52.67	0.03470
52.68	0.03713
52.69	0.03810
52.7	0.03675
52.71	0.03348
52.72	0.02935
52.73	0.02523
52.74	0.02143
52.75	0.01788
52.76	0.01435
52.77	0.01085
52.78	0.00801
52.79	0.00619
52.8	0.00520
52.81	0.00457
52.82	0.00394
52.83	0.00314
52.84	0.00223
52.85	0.00133
52.86	0.00048
52.87	-0.00030
52.88	-0.00107
52.89	-0.00185
52.9	-0.00266
52.91	-0.00348
52.92	-0.00431
52.93	-0.00513
52.94	-0.00595
52.95	-0.00676
52.96	-0.00758
52.97	-0.00813
52.98	-0.00755
52.99	-0.00545
53	-0.00224
53.01	0.00140
53.02	0.00498
53.03	0.00833
53.04	0.01155
53.05	0.01480
53.06	0.01814
53.07	0.02156
53.08	0.02434
53.09	0.02492
53.1	0.02293
53.11	0.01925
53.12	0.01508
53.13	0.01115
53.14	0.00761
53.15	0.00422
53.16	0.00075
53.17	-0.00290
53.18	-0.00667
53.19	-0.01045
53.2	-0.01417
53.21	-0.01753
53.22	-0.01932
53.23	-0.01889
53.24	-0.01671
53.25	-0.01382
53.26	-0.01094
53.27	-0.00815
53.28	-0.00522
53.29	-0.00203
53.3	0.00142
53.31	0.00498
53.32	0.00852
53.33	0.01199
53.34	0.01542
53.35	0.01883
53.36	0.02226
53.37	0.02571
53.38	0.02917
53.39	0.03262
53.4	0.03606
53.41	0.03944
53.42	0.04211
53.43	0.04344
53.44	0.04355
53.45	0.04300
53.46	0.04239
53.47	0.04195
53.48	0.04169
53.49	0.04144
53.5	0.04112
53.51	0.04072
53.52	0.04037
53.53	0.04046
53.54	0.04109
53.55	0.04211
53.56	0.04325
53.57	0.04434
53.58	0.04534
53.59	0.04630
53.6	0.04721
53.61	0.04748
53.62	0.04659
53.63	0.04469
53.64	0.04231
53.65	0.03987
53.66	0.03758
53.67	0.03544
53.68	0.03331
53.69	0.03115
53.7	0.02929
53.71	0.02820
53.72	0.02790
53.73	0.02806
53.74	0.02832
53.75	0.02849
53.76	0.02851
53.77	0.02850
53.78	0.02854
53.79	0.02862
53.8	0.02874
53.81	0.02885
53.82	0.02893
53.83	0.02900
53.84	0.02904
53.85	0.02911
53.86	0.02914
53.87	0.02888
53.88	0.02804
53.89	0.02667
53.9	0.02500
53.91	0.02331
53.92	0.02169
53.93	0.02013
53.94	0.01859
53.95	0.01702
53.96	0.01540
53.97	0.01377
53.98	0.01229
53.99	0.01135
54	0.01111
54.01	0.01135
54.02	0.01174
54.03	0.01207
54.04	0.01229
54.05	0.01247
54.06	0.01265
54.07	0.01289
54.08	0.01316
54.09	0.01342
54.1	0.01365
54.11	0.01389
54.12	0.01409
54.13	0.01431
54.14	0.01453
54.15	0.01474
54.16	0.01496
54.17	0.01517
54.18	0.01536
54.19	0.01548
54.2	0.01537
54.21	0.01500
54.22	0.01448
54.23	0.01392
54.24	0.01338
54.25	0.01287
54.26	0.01237
54.27	0.01185
54.28	0.01132
54.29	0.01077
54.3	0.01022
54.31	0.00967
54.32	0.00912
54.33	0.00857
54.34	0.00801
54.35	0.00744
54.36	0.00688
54.37	0.00632
54.38	0.00573
54.39	0.00523
54.4	0.00491
54.41	0.00477
54.42	0.00473
54.43	0.00474
54.44	0.00473
54.45	0.00470
54.46	0.00464
54.47	0.00458
54.48	0.00453
54.49	0.00450
54.5	0.00446
54.51	0.00440
54.52	0.00435
54.53	0.00428
54.54	0.00422
54.55	0.00415
54.56	0.00409
54.57	0.00402
54.58	0.00394
54.59	0.00386
54.6	0.00379
54.61	0.00370
54.62	0.00362
54.63	0.00343
54.64	0.00296
54.65	0.00215
54.66	0.00111
54.67	-0.00001
54.68	-0.00111
54.69	-0.00213
54.7	-0.00316
54.71	-0.00418
54.72	-0.00496
54.73	-0.00500
54.74	-0.00419
54.75	-0.00287
54.76	-0.00140
54.77	-0.00003
54.78	0.00123
54.79	0.00243
54.8	0.00367
54.81	0.00495
54.82	0.00628
54.83	0.00761
54.84	0.00871
54.85	0.00914
54.86	0.00880
54.87	0.00797
54.88	0.00698
54.89	0.00608
54.9	0.00528
54.91	0.00452
54.92	0.00342
54.93	0.00163
54.94	-0.00083
54.95	-0.00363
54.96	-0.00649
54.97	-0.00923
54.98	-0.01188
54.99	-0.01453
55	-0.01717
55.01	-0.01934
55.02	-0.02024
55.03	-0.01985
55.04	-0.01863
55.05	-0.01724
55.06	-0.01600
55.07	-0.01496
55.08	-0.01397
55.09	-0.01293
55.1	-0.01180
55.11	-0.01062
55.12	-0.00943
55.13	-0.00828
55.14	-0.00716
55.15	-0.00604
55.16	-0.00491
55.17	-0.00377
55.18	-0.00272
55.19	-0.00205
55.2	-0.00190
55.21	-0.00214
55.22	-0.00252
55.23	-0.00288
55.24	-0.00316
55.25	-0.00339
55.26	-0.00363
55.27	-0.00373
55.28	-0.00323
55.29	-0.00205
55.3	-0.00038
55.31	0.00143
55.32	0.00320
55.33	0.00485
55.34	0.00646
55.35	0.00810
55.36	0.00976
55.37	0.01115
55.38	0.01193
55.39	0.01206
55.4	0.01185
55.41	0.01157
55.42	0.01139
55.43	0.01129
55.44	0.01121
55.45	0.01112
55.46	0.01098
55.47	0.01080
55.48	0.01040
55.49	0.00943
55.5	0.00791
55.51	0.00604
55.52	0.00410
55.53	0.00221
55.54	0.00041
55.55	-0.00136
55.56	-0.00315
55.57	-0.00498
55.58	-0.00681
55.59	-0.00860
55.6	-0.00981
55.61	-0.00993
55.62	-0.00904
55.63	-0.00763
55.64	-0.00616
55.65	-0.00484
55.66	-0.00365
55.67	-0.00248
55.68	-0.00124
55.69	0.00006
55.7	0.00141
55.71	0.00275
55.72	0.00406
55.73	0.00534
55.74	0.00649
55.75	0.00727
55.76	0.00771
55.77	0.00795
55.78	0.00813
55.79	0.00835
55.8	0.00862
55.81	0.00898
55.82	0.00993
55.83	0.01200
55.84	0.01511
55.85	0.01868
55.86	0.02117
55.87	0.02148
55.88	0.01991
55.89	0.01746
55.9	0.01504
55.91	0.01300
55.92	0.01121
55.93	0.00945
55.94	0.00754
55.95	0.00550
55.96	0.00340
55.97	0.00133
55.98	-0.00067
55.99	-0.00263
56	-0.00457
56.01	-0.00654
56.02	-0.00850
56.03	-0.01001
56.04	-0.01064
56.05	-0.01036
56.06	-0.00959
56.07	-0.00898
56.08	-0.00917
56.09	-0.01022
56.1	-0.01176
56.11	-0.01339
56.12	-0.01486
56.13	-0.01619
56.14	-0.01748
56.15	-0.01882
56.16	-0.02022
56.17	-0.02166
56.18	-0.02309
56.19	-0.02448
56.2	-0.02585
56.21	-0.02722
56.22	-0.02858
56.23	-0.02995
56.24	-0.03133
56.25	-0.03262
56.26	-0.03332
56.27	-0.03311
56.28	-0.03216
56.29	-0.03087
56.3	-0.02957
56.31	-0.02840
56.32	-0.02732
56.33	-0.02624
56.34	-0.02511
56.35	-0.02392
56.36	-0.02271
56.37	-0.02150
56.38	-0.02031
56.39	-0.01913
56.4	-0.01796
56.41	-0.01685
56.42	-0.01607
56.43	-0.01572
56.44	-0.01572
56.45	-0.01586
56.46	-0.01596
56.47	-0.01599
56.48	-0.01600
56.49	-0.01600
56.5	-0.01603
56.51	-0.01607
56.52	-0.01613
56.53	-0.01616
56.54	-0.01619
56.55	-0.01622
56.56	-0.01624
56.57	-0.01625
56.58	-0.01627
56.59	-0.01630
56.6	-0.01632
56.61	-0.01633
56.62	-0.01634
56.63	-0.01635
56.64	-0.01637
56.65	-0.01637
56.66	-0.01638
56.67	-0.01638
56.68	-0.01639
56.69	-0.01639
56.7	-0.01639
56.71	-0.01639
56.72	-0.01639
56.73	-0.01638
56.74	-0.01642
56.75	-0.01684
56.76	-0.01792
56.77	-0.01958
56.78	-0.02150
56.79	-0.02345
56.8	-0.02530
56.81	-0.02707
56.82	-0.02885
56.83	-0.03057
56.84	-0.03184
56.85	-0.03232
56.86	-0.03213
56.87	-0.03163
56.88	-0.03110
56.89	-0.03072
56.9	-0.03040
56.91	-0.03010
56.92	-0.02974
56.93	-0.02934
56.94	-0.02893
56.95	-0.02850
56.96	-0.02813
56.97	-0.02774
56.98	-0.02737
56.99	-0.02699
57	-0.02660
57.01	-0.02622
57.02	-0.02582
57.03	-0.02544
57.04	-0.02506
57.05	-0.02468
57.06	-0.02429
57.07	-0.02390
57.08	-0.02353
57.09	-0.02314
57.1	-0.02276
57.11	-0.02238
57.12	-0.02200
57.13	-0.02163
57.14	-0.02126
57.15	-0.02094
57.16	-0.02071
57.17	-0.02054
57.18	-0.02039
57.19	-0.02024
57.2	-0.02008
57.21	-0.01992
57.22	-0.01964
57.23	-0.01898
57.24	-0.01784
57.25	-0.01636
57.26	-0.01478
57.27	-0.01321
57.28	-0.01174
57.29	-0.01029
57.3	-0.00883
57.31	-0.00743
57.32	-0.00631
57.33	-0.00551
57.34	-0.00490
57.35	-0.00436
57.36	-0.00379
57.37	-0.00317
57.38	-0.00254
57.39	-0.00190
57.4	-0.00111
57.41	0.00019
57.42	0.00205
57.43	0.00428
57.44	0.00661
57.45	0.00887
57.46	0.01105
57.47	0.01319
57.48	0.01536
57.49	0.01757
57.5	0.01978
57.51	0.02200
57.52	0.02422
57.53	0.02630
57.54	0.02780
57.55	0.02849
57.56	0.02854
57.57	0.02832
57.58	0.02811
57.59	0.02802
57.6	0.02801
57.61	0.02799
57.62	0.02791
57.63	0.02779
57.64	0.02765
57.65	0.02752
57.66	0.02741
57.67	0.02732
57.68	0.02722
57.69	0.02710
57.7	0.02698
57.71	0.02687
57.72	0.02674
57.73	0.02662
57.74	0.02647
57.75	0.02610
57.76	0.02540
57.77	0.02441
57.78	0.02329
57.79	0.02219
57.8	0.02111
57.81	0.02007
57.82	0.01904
57.83	0.01798
57.84	0.01691
57.85	0.01582
57.86	0.01472
57.87	0.01364
57.88	0.01257
57.89	0.01150
57.9	0.01041
57.91	0.00934
57.92	0.00825
57.93	0.00716
57.94	0.00607
57.95	0.00499
57.96	0.00389
57.97	0.00279
57.98	0.00170
57.99	0.00059
58	-0.00050
58.01	-0.00160
58.02	-0.00271
58.03	-0.00382
58.04	-0.00491
58.05	-0.00602
58.06	-0.00714
58.07	-0.00825
58.08	-0.00935
58.09	-0.01048
58.1	-0.01159
58.11	-0.01271
58.12	-0.01383
58.13	-0.01496
58.14	-0.01607
58.15	-0.01719
58.16	-0.01832
58.17	-0.01944
58.18	-0.02057
58.19	-0.02170
58.2	-0.02282
58.21	-0.02396
58.22	-0.02499
58.23	-0.02537
58.24	-0.02469
58.25	-0.02315
58.26	-0.02123
58.27	-0.01931
58.28	-0.01753
58.29	-0.01587
58.3	-0.01421
58.31	-0.01249
58.32	-0.01071
58.33	-0.00891
58.34	-0.00713
58.35	-0.00537
58.36	-0.00380
58.37	-0.00262
58.38	-0.00181
58.39	-0.00123
58.4	-0.00070
58.41	-0.00003
58.42	0.00089
58.43	0.00202
58.44	0.00320
58.45	0.00438
58.46	0.00551
58.47	0.00662
58.48	0.00774
58.49	0.00887
58.5	0.01002
58.51	0.01117
58.52	0.01230
58.53	0.01344
58.54	0.01458
58.55	0.01570
58.56	0.01684
58.57	0.01797
58.58	0.01911
58.59	0.02023
58.6	0.02126
58.61	0.02154
58.62	0.02064
58.63	0.01877
58.64	0.01647
58.65	0.01418
58.66	0.01204
58.67	0.01003
58.68	0.00803
58.69	0.00593
58.7	0.00379
58.71	0.00161
58.72	-0.00055
58.73	-0.00267
58.74	-0.00479
58.75	-0.00689
58.76	-0.00902
58.77	-0.01115
58.78	-0.01328
58.79	-0.01542
58.8	-0.01753
58.81	-0.01967
58.82	-0.02179
58.83	-0.02391
58.84	-0.02605
58.85	-0.02818
58.86	-0.03030
58.87	-0.03244
58.88	-0.03455
58.89	-0.03650
58.9	-0.03755
58.91	-0.03726
58.92	-0.03595
58.93	-0.03418
58.94	-0.03245
58.95	-0.03093
58.96	-0.02953
58.97	-0.02812
58.98	-0.02661
58.99	-0.02505
59	-0.02345
59.01	-0.02187
59.02	-0.02033
59.03	-0.01881
59.04	-0.01729
59.05	-0.01575
59.06	-0.01420
59.07	-0.01283
59.08	-0.01192
59.09	-0.01154
59.1	-0.01148
59.11	-0.01151
59.12	-0.01148
59.13	-0.01139
59.14	-0.01125
59.15	-0.01114
59.16	-0.01106
59.17	-0.01101
59.18	-0.01095
59.19	-0.01087
59.2	-0.01079
59.21	-0.01071
59.22	-0.01058
59.23	-0.01023
59.24	-0.00958
59.25	-0.00866
59.26	-0.00763
59.27	-0.00661
59.28	-0.00563
59.29	-0.00467
59.3	-0.00373
59.31	-0.00275
59.32	-0.00176
59.33	-0.00076
59.34	0.00023
59.35	0.00122
59.36	0.00221
59.37	0.00319
59.38	0.00418
59.39	0.00518
59.4	0.00605
59.41	0.00662
59.42	0.00689
59.43	0.00692
59.44	0.00691
59.45	0.00695
59.46	0.00702
59.47	0.00712
59.48	0.00720
59.49	0.00725
59.5	0.00730
59.51	0.00735
59.52	0.00742
59.53	0.00748
59.54	0.00754
59.55	0.00762
59.56	0.00772
59.57	0.00797
59.58	0.00839
59.59	0.00891
59.6	0.00947
59.61	0.01001
59.62	0.01053
59.63	0.01104
59.64	0.01156
59.65	0.01208
59.66	0.01262
59.67	0.01317
59.68	0.01370
59.69	0.01423
59.7	0.01477
59.71	0.01531
59.72	0.01584
59.73	0.01639
59.74	0.01693
59.75	0.01748
59.76	0.01801
59.77	0.01856
59.78	0.01911
59.79	0.01965
59.8	0.02021
59.81	0.02076
59.82	0.02132
59.83	0.02186
59.84	0.02232
59.85	0.02228
59.86	0.02147
59.87	0.02011
59.88	0.01849
59.89	0.01688
59.9	0.01540
59.91	0.01398
59.92	0.01256
59.93	0.01110
59.94	0.00968
59.95	0.00860
59.96	0.00793
59.97	0.00752
59.98	0.00721
59.99	0.00686
60	0.00644
60.01	0.00600
60.02	0.00558
60.03	0.00518
60.04	0.00479
60.05	0.00442
60.06	0.00405
60.07	0.00369
60.08	0.00345
60.09	0.00338
60.1	0.00341
60.11	0.00352
60.12	0.00362
60.13	0.00369
60.14	0.00374
60.15	0.00372
60.16	0.00329
60.17	0.00229
60.18	0.00079
60.19	-0.00090
60.2	-0.00257
60.21	-0.00417
60.22	-0.00564
60.23	-0.00687
60.24	-0.00770
60.25	-0.00821
60.26	-0.00857
60.27	-0.00890
60.28	-0.00930
60.29	-0.00973
60.3	-0.01015
60.31	-0.01056
60.32	-0.01094
60.33	-0.01130
60.34	-0.01168
60.35	-0.01207
60.36	-0.01245
60.37	-0.01283
60.38	-0.01322
60.39	-0.01360
60.4	-0.01398
60.41	-0.01435
60.42	-0.01472
60.43	-0.01509
60.44	-0.01547
60.45	-0.01585
60.46	-0.01622
60.47	-0.01658
60.48	-0.01695
60.49	-0.01719
60.5	-0.01685
60.51	-0.01575
60.52	-0.01408
60.53	-0.01218
60.54	-0.01033
60.55	-0.00860
60.56	-0.00691
60.57	-0.00521
60.58	-0.00347
60.59	-0.00168
60.6	0.00009
60.61	0.00158
60.62	0.00258
60.63	0.00317
60.64	0.00356
60.65	0.00395
60.66	0.00442
60.67	0.00494
60.68	0.00546
60.69	0.00596
60.7	0.00643
60.71	0.00689
60.72	0.00734
60.73	0.00781
60.74	0.00830
60.75	0.00878
60.76	0.00927
60.77	0.00974
60.78	0.01013
60.79	0.01013
60.8	0.00950
60.81	0.00840
60.82	0.00710
60.83	0.00581
60.84	0.00461
60.85	0.00344
60.86	0.00223
60.87	0.00099
60.88	-0.00030
60.89	-0.00158
60.9	-0.00285
60.91	-0.00411
60.92	-0.00537
60.93	-0.00662
60.94	-0.00788
60.95	-0.00914
60.96	-0.01041
60.97	-0.01172
60.98	-0.01335
60.99	-0.01559
61	-0.01834
61.01	-0.02137
61.02	-0.02439
61.03	-0.02709
61.04	-0.02850
61.05	-0.02813
61.06	-0.02640
61.07	-0.02412
61.08	-0.02191
61.09	-0.01995
61.1	-0.01814
61.11	-0.01630
61.12	-0.01436
61.13	-0.01231
61.14	-0.01026
61.15	-0.00823
61.16	-0.00624
61.17	-0.00428
61.18	-0.00231
61.19	-0.00032
61.2	0.00167
61.21	0.00366
61.22	0.00564
61.23	0.00764
61.24	0.00962
61.25	0.01160
61.26	0.01358
61.27	0.01556
61.28	0.01755
61.29	0.01953
61.3	0.02152
61.31	0.02346
61.32	0.02491
61.33	0.02535
61.34	0.02480
61.35	0.02370
61.36	0.02247
61.37	0.02140
61.38	0.02046
61.39	0.01954
61.4	0.01858
61.41	0.01777
61.42	0.01764
61.43	0.01837
61.44	0.01967
61.45	0.02117
61.46	0.02259
61.47	0.02387
61.48	0.02509
61.49	0.02633
61.5	0.02763
61.51	0.02897
61.52	0.03012
61.53	0.03077
61.54	0.03084
61.55	0.03057
61.56	0.03021
61.57	0.02993
61.58	0.02971
61.59	0.02951
61.6	0.02930
61.61	0.02904
61.62	0.02876
61.63	0.02849
61.64	0.02822
61.65	0.02798
61.66	0.02806
61.67	0.02864
61.68	0.02966
61.69	0.03091
61.7	0.03215
61.71	0.03332
61.72	0.03443
61.73	0.03554
61.74	0.03667
61.75	0.03783
61.76	0.03900
61.77	0.04017
61.78	0.04131
61.79	0.04245
61.8	0.04359
61.81	0.04464
61.82	0.04519
61.83	0.04494
61.84	0.04402
61.85	0.04279
61.86	0.04156
61.87	0.04045
61.88	0.03941
61.89	0.03839
61.9	0.03730
61.91	0.03616
61.92	0.03501
61.93	0.03387
61.94	0.03274
61.95	0.03162
61.96	0.03051
61.97	0.02939
61.98	0.02824
61.99	0.02711
62	0.02597
62.01	0.02481
62.02	0.02367
62.03	0.02252
62.04	0.02139
62.05	0.02039
62.06	0.01967
62.07	0.01927
62.08	0.01900
62.09	0.01877
62.1	0.01850
62.11	0.01810
62.12	0.01733
62.13	0.01606
62.14	0.01445
62.15	0.01271
62.16	0.01099
62.17	0.00933
62.18	0.00770
62.19	0.00607
62.2	0.00439
62.21	0.00295
62.22	0.00231
62.23	0.00266
62.24	0.00365
62.25	0.00482
62.26	0.00590
62.27	0.00684
62.28	0.00771
62.29	0.00861
62.3	0.00957
62.31	0.01058
62.32	0.01158
62.33	0.01257
62.34	0.01353
62.35	0.01447
62.36	0.01542
62.37	0.01637
62.38	0.01733
62.39	0.01816
62.4	0.01832
62.41	0.01751
62.42	0.01595
62.43	0.01406
62.44	0.01220
62.45	0.01049
62.46	0.00885
62.47	0.00721
62.48	0.00551
62.49	0.00374
62.5	0.00196
62.51	0.00026
62.52	-0.00104
62.53	-0.00171
62.54	-0.00186
62.55	-0.00180
62.56	-0.00176
62.57	-0.00181
62.58	-0.00193
62.59	-0.00203
62.6	-0.00211
62.61	-0.00214
62.62	-0.00219
62.63	-0.00224
62.64	-0.00229
62.65	-0.00245
62.66	-0.00285
62.67	-0.00355
62.68	-0.00445
62.69	-0.00541
62.7	-0.00634
62.71	-0.00722
62.72	-0.00809
62.73	-0.00898
62.74	-0.00989
62.75	-0.01082
62.76	-0.01174
62.77	-0.01266
62.78	-0.01357
62.79	-0.01450
62.8	-0.01542
62.81	-0.01634
62.82	-0.01727
62.83	-0.01820
62.84	-0.01913
62.85	-0.02007
62.86	-0.02099
62.87	-0.02175
62.88	-0.02219
62.89	-0.02230
62.9	-0.02225
62.91	-0.02215
62.92	-0.02210
62.93	-0.02210
62.94	-0.02210
62.95	-0.02210
62.96	-0.02207
62.97	-0.02204
62.98	-0.02201
62.99	-0.02198
63	-0.02197
63.01	-0.02269
63.02	-0.02264
63.03	-0.02260
63.04	-0.02256
63.05	-0.02251
63.06	-0.02246
63.07	-0.02230
63.08	-0.02172
63.09	-0.02064
63.1	-0.01923
63.11	-0.01774
63.12	-0.01629
63.13	-0.01492
63.14	-0.01358
63.15	-0.01221
63.16	-0.01083
63.17	-0.00941
63.18	-0.00799
63.19	-0.00661
63.2	-0.00521
63.21	-0.00383
63.22	-0.00244
63.23	-0.00105
63.24	0.00034
63.25	0.00172
63.26	0.00311
63.27	0.00439
63.28	0.00531
63.29	0.00572
63.3	0.00574
63.31	0.00563
63.32	0.00554
63.33	0.00553
63.34	0.00554
63.35	0.00555
63.36	0.00554
63.37	0.00549
63.38	0.00544
63.39	0.00539
63.4	0.00536
63.41	0.00533
63.42	0.00530
63.43	0.00526
63.44	0.00522
63.45	0.00518
63.46	0.00516
63.47	0.00511
63.48	0.00508
63.49	0.00504
63.5	0.00500
63.51	0.00495
63.52	0.00491
63.53	0.00477
63.54	0.00419
63.55	0.00304
63.56	0.00146
63.57	-0.00029
63.58	-0.00199
63.59	-0.00361
63.6	-0.00518
63.61	-0.00674
63.62	-0.00835
63.63	-0.00998
63.64	-0.01161
63.65	-0.01323
63.66	-0.01482
63.67	-0.01625
63.68	-0.01694
63.69	-0.01666
63.7	-0.01569
63.71	-0.01443
63.72	-0.01322
63.73	-0.01216
63.74	-0.01118
63.75	-0.01018
63.76	-0.00913
63.77	-0.00802
63.78	-0.00691
63.79	-0.00582
63.8	-0.00476
63.81	-0.00370
63.82	-0.00266
63.83	-0.00159
63.84	-0.00055
63.85	0.00051
63.86	0.00157
63.87	0.00260
63.88	0.00352
63.89	0.00416
63.9	0.00451
63.91	0.00469
63.92	0.00483
63.93	0.00502
63.94	0.00525
63.95	0.00572
63.96	0.00662
63.97	0.00797
63.98	0.00953
63.99	0.01113
64	0.01269
64.01	0.01417
64.02	0.01541
64.03	0.01583
64.04	0.01525
64.05	0.01394
64.06	0.01239
64.07	0.01092
64.08	0.00959
64.09	0.00833
64.1	0.00706
64.11	0.00573
64.12	0.00437
64.13	0.00299
64.14	0.00165
64.15	0.00033
64.16	-0.00096
64.17	-0.00226
64.18	-0.00356
64.19	-0.00485
64.2	-0.00614
64.21	-0.00742
64.22	-0.00869
64.23	-0.00995
64.24	-0.01121
64.25	-0.01245
64.26	-0.01369
64.27	-0.01493
64.28	-0.01615
64.29	-0.01736
64.3	-0.01834
64.31	-0.01872
64.32	-0.01847
64.33	-0.01780
64.34	-0.01703
64.35	-0.01633
64.36	-0.01572
64.37	-0.01516
64.38	-0.01455
64.39	-0.01392
64.4	-0.01326
64.41	-0.01261
64.42	-0.01195
64.43	-0.01134
64.44	-0.01072
64.45	-0.01010
64.46	-0.00948
64.47	-0.00884
64.48	-0.00822
64.49	-0.00761
64.5	-0.00699
64.51	-0.00638
64.52	-0.00577
64.53	-0.00516
64.54	-0.00455
64.55	-0.00396
64.56	-0.00349
64.57	-0.00356
64.58	-0.00429
64.59	-0.00548
64.6	-0.00681
64.61	-0.00808
64.62	-0.00925
64.63	-0.01036
64.64	-0.01148
64.65	-0.01263
64.66	-0.01381
64.67	-0.01497
64.68	-0.01611
64.69	-0.01723
64.7	-0.01832
64.71	-0.01942
64.72	-0.02050
64.73	-0.02158
64.74	-0.02266
64.75	-0.02372
64.76	-0.02478
64.77	-0.02581
64.78	-0.02681
64.79	-0.02755
64.8	-0.02762
64.81	-0.02704
64.82	-0.02606
64.83	-0.02500
64.84	-0.02404
64.85	-0.02316
64.86	-0.02232
64.87	-0.02145
64.88	-0.02053
64.89	-0.01959
64.9	-0.01867
64.91	-0.01777
64.92	-0.01688
64.93	-0.01601
64.94	-0.01514
64.95	-0.01426
64.96	-0.01338
64.97	-0.01251
64.98	-0.01164
64.99	-0.01078
65	-0.00995
65.01	-0.00941
65.02	-0.00941
65.03	-0.00989
65.04	-0.01063
65.05	-0.01139
65.06	-0.01205
65.07	-0.01266
65.08	-0.01324
65.09	-0.01385
65.1	-0.01447
65.11	-0.01511
65.12	-0.01573
65.13	-0.01633
65.14	-0.01691
65.15	-0.01750
65.16	-0.01806
65.17	-0.01856
65.18	-0.01873
65.19	-0.01841
65.2	-0.01771
65.21	-0.01688
65.22	-0.01605
65.23	-0.01529
65.24	-0.01461
65.25	-0.01390
65.26	-0.01318
65.27	-0.01243
65.28	-0.01167
65.29	-0.01094
65.3	-0.01034
65.31	-0.01021
65.32	-0.01058
65.33	-0.01128
65.34	-0.01207
65.35	-0.01280
65.36	-0.01343
65.37	-0.01404
65.38	-0.01464
65.39	-0.01528
65.4	-0.01595
65.41	-0.01658
65.42	-0.01721
65.43	-0.01779
65.44	-0.01838
65.45	-0.01895
65.46	-0.01953
65.47	-0.02009
65.48	-0.02064
65.49	-0.02119
65.5	-0.02171
65.51	-0.02223
65.52	-0.02273
65.53	-0.02323
65.54	-0.02373
65.55	-0.02421
65.56	-0.02468
65.57	-0.02515
65.58	-0.02560
65.59	-0.02603
65.6	-0.02646
65.61	-0.02688
65.62	-0.02729
65.63	-0.02768
65.64	-0.02781
65.65	-0.02725
65.66	-0.02595
65.67	-0.02420
65.68	-0.02233
65.69	-0.02057
65.7	-0.01893
65.71	-0.01734
65.72	-0.01575
65.73	-0.01412
65.74	-0.01247
65.75	-0.01085
65.76	-0.00924
65.77	-0.00768
65.78	-0.00614
65.79	-0.00462
65.8	-0.00310
65.81	-0.00158
65.82	-0.00009
65.83	0.00137
65.84	0.00282
65.85	0.00425
65.86	0.00564
65.87	0.00705
65.88	0.00843
65.89	0.00978
65.9	0.01112
65.91	0.01223
65.92	0.01284
65.93	0.01295
65.94	0.01277
65.95	0.01252
65.96	0.01233
65.97	0.01221
65.98	0.01212
65.99	0.01202
66	0.01187
66.01	0.01169
66.02	0.01153
66.03	0.01139
66.04	0.01126
66.05	0.01113
66.06	0.01100
66.07	0.01087
66.08	0.01073
66.09	0.01060
66.1	0.01048
66.11	0.01035
66.12	0.01022
66.13	0.01011
66.14	0.00998
66.15	0.00987
66.16	0.00975
66.17	0.00962
66.18	0.00951
66.19	0.00941
66.2	0.00929
66.21	0.00918
66.22	0.00907
66.23	0.00897
66.24	0.00887
66.25	0.00877
66.26	0.00866
66.27	0.00856
66.28	0.00847
66.29	0.00837
66.3	0.00827
66.31	0.00813
66.32	0.00784
66.33	0.00736
66.34	0.00675
66.35	0.00610
66.36	0.00548
66.37	0.00491
66.38	0.00435
66.39	0.00380
66.4	0.00325
66.41	0.00272
66.42	0.00232
66.43	0.00214
66.44	0.00214
66.45	0.00221
66.46	0.00229
66.47	0.00232
66.48	0.00235
66.49	0.00238
66.5	0.00241
66.51	0.00247
66.52	0.00252
66.53	0.00257
66.54	0.00261
66.55	0.00266
66.56	0.00271
66.57	0.00275
66.58	0.00280
66.59	0.00284
66.6	0.00288
66.61	0.00293
66.62	0.00298
66.63	0.00302
66.64	0.00308
66.65	0.00313
66.66	0.00318
66.67	0.00324
66.68	0.00328
66.69	0.00329
66.7	0.00315
66.71	0.00278
66.72	0.00222
66.73	0.00161
66.74	0.00102
66.75	0.00048
66.76	-0.00003
66.77	-0.00050
66.78	-0.00078
66.79	-0.00070
66.8	-0.00029
66.81	0.00031
66.82	0.00090
66.83	0.00144
66.84	0.00192
66.85	0.00226
66.86	0.00234
66.87	0.00214
66.88	0.00180
66.89	0.00143
66.9	0.00111
66.91	0.00082
66.92	0.00056
66.93	0.00031
66.94	0.00005
66.95	-0.00021
66.96	-0.00046
66.97	-0.00069
66.98	-0.00090
66.99	-0.00111
67	-0.00129
67.01	-0.00147
67.02	-0.00164
67.03	-0.00180
67.04	-0.00194
67.05	-0.00209
67.06	-0.00221
67.07	-0.00228
67.08	-0.00215
67.09	-0.00174
67.1	-0.00112
67.11	-0.00041
67.12	0.00028
67.13	0.00089
67.14	0.00148
67.15	0.00204
67.16	0.00262
67.17	0.00320
67.18	0.00376
67.19	0.00429
67.2	0.00482
67.21	0.00534
67.22	0.00582
67.23	0.00631
67.24	0.00678
67.25	0.00724
67.26	0.00767
67.27	0.00810
67.28	0.00851
67.29	0.00891
67.3	0.00930
67.31	0.00967
67.32	0.01002
67.33	0.01037
67.34	0.01071
67.35	0.01103
67.36	0.01133
67.37	0.01162
67.38	0.01191
67.39	0.01218
67.4	0.01243
67.41	0.01268
67.42	0.01292
67.43	0.01313
67.44	0.01333
67.45	0.01353
67.46	0.01372
67.47	0.01389
67.48	0.01403
67.49	0.01412
67.5	0.01415
67.51	0.01410
67.52	0.01406
67.53	0.01401
67.54	0.01397
67.55	0.01392
67.56	0.01388
67.57	0.01382
67.58	0.01376
67.59	0.01372
67.6	0.01364
67.61	0.01358
67.62	0.01352
67.63	0.01346
67.64	0.01339
67.65	0.01332
67.66	0.01325
67.67	0.01317
67.68	0.01309
67.69	0.01301
67.7	0.01293
67.71	0.01284
67.72	0.01276
67.73	0.01266
67.74	0.01256
67.75	0.01247
67.76	0.01236
67.77	0.01225
67.78	0.01214
67.79	0.01203
67.8	0.01192
67.81	0.01182
67.82	0.01170
67.83	0.01158
67.84	0.01146
67.85	0.01135
67.86	0.01123
67.87	0.01112
67.88	0.01101
67.89	0.01088
67.9	0.01075
67.91	0.01059
67.92	0.01044
67.93	0.01029
67.94	0.01013
67.95	0.01000
67.96	0.00985
67.97	0.00969
67.98	0.00955
67.99	0.00941
68	0.00928
68.01	0.00914
68.02	0.00900
68.03	0.00887
68.04	0.00873
68.05	0.00860
68.06	0.00847
68.07	0.00834
68.08	0.00821
68.09	0.00808
68.1	0.00796
68.11	0.00783
68.12	0.00770
68.13	0.00758
68.14	0.00746
68.15	0.00734
68.16	0.00723
68.17	0.00710
68.18	0.00698
68.19	0.00686
68.2	0.00675
68.21	0.00664
68.22	0.00652
68.23	0.00640
68.24	0.00630
68.25	0.00620
68.26	0.00612
68.27	0.00604
68.28	0.00598
68.29	0.00590
68.3	0.00581
68.31	0.00573
68.32	0.00564
68.33	0.00556
68.34	0.00547
68.35	0.00538
68.36	0.00527
68.37	0.00518
68.38	0.00509
68.39	0.00499
68.4	0.00490
68.41	0.00479
68.42	0.00469
68.43	0.00459
68.44	0.00449
68.45	0.00438
68.46	0.00428
68.47	0.00417
68.48	0.00406
68.49	0.00393
68.5	0.00383
68.51	0.00372
68.52	0.00360
68.53	0.00349
68.54	0.00338
68.55	0.00327
68.56	0.00316
68.57	0.00304
68.58	0.00293
68.59	0.00280
68.6	0.00267
68.61	0.00256
68.62	0.00244
68.63	0.00231
68.64	0.00221
68.65	0.00209
68.66	0.00198
68.67	0.00186
68.68	0.00176
68.69	0.00164
68.7	0.00153
68.71	0.00142
68.72	0.00131
68.73	0.00120
68.74	0.00108
68.75	0.00098
68.76	0.00087
68.77	0.00077
68.78	0.00067
68.79	0.00056
68.8	0.00045
68.81	0.00034
68.82	0.00025
68.83	0.00014
68.84	0.00005
68.85	-0.00005
68.86	-0.00015
68.87	-0.00026
68.88	-0.00035
68.89	-0.00044
68.9	-0.00053
68.91	-0.00062
68.92	-0.00072
68.93	-0.00080
68.94	-0.00089
68.95	-0.00098
68.96	-0.00106
68.97	-0.00113
68.98	-0.00123
68.99	-0.00131
69	-0.00140
69.01	-0.00147
69.02	-0.00155
69.03	-0.00163
69.04	-0.00171
69.05	-0.00179
69.06	-0.00186
69.07	-0.00194
69.08	-0.00202
69.09	-0.00209
69.1	-0.00217
69.11	-0.00225
69.12	-0.00232
69.13	-0.00239
69.14	-0.00246
69.15	-0.00253
69.16	-0.00260
69.17	-0.00267
69.18	-0.00275
69.19	-0.00281
69.2	-0.00288
69.21	-0.00293
69.22	-0.00300
69.23	-0.00307
69.24	-0.00313
69.25	-0.00320
69.26	-0.00326
69.27	-0.00332
69.28	-0.00338
69.29	-0.00345
69.3	-0.00350
69.31	-0.00356
69.32	-0.00362
69.33	-0.00366
69.34	-0.00372
69.35	-0.00378
69.36	-0.00383
69.37	-0.00389
69.38	-0.00394
69.39	-0.00400
69.4	-0.00404
69.41	-0.00410
69.42	-0.00414
69.43	-0.00419
69.44	-0.00424
69.45	-0.00428
69.46	-0.00433
69.47	-0.00437
69.48	-0.00441
69.49	-0.00446
69.5	-0.00449
69.51	-0.00454
69.52	-0.00457
69.53	-0.00461
69.54	-0.00464
69.55	-0.00469
69.56	-0.00473
69.57	-0.00475
69.58	-0.00479
69.59	-0.00483
69.6	-0.00486
69.61	-0.00490
69.62	-0.00492
69.63	-0.00494
69.64	-0.00497
69.65	-0.00500
69.66	-0.00502
69.67	-0.00505
69.68	-0.00508
69.69	-0.00510
69.7	-0.00513
69.71	-0.00516
69.72	-0.00518
69.73	-0.00520
69.74	-0.00522
69.75	-0.00524
69.76	-0.00526
69.77	-0.00527
69.78	-0.00527
69.79	-0.00529
69.8	-0.00531
69.81	-0.00532
69.82	-0.00535
69.83	-0.00536
69.84	-0.00536
69.85	-0.00537
69.86	-0.00538
69.87	-0.00539
69.88	-0.00540
69.89	-0.00541
69.9	-0.00542
69.91	-0.00543
69.92	-0.00543
69.93	-0.00544
69.94	-0.00544
69.95	-0.00544
69.96	-0.00544
69.97	-0.00544
69.98	-0.00544
69.99	-0.00544