t(s)	a(g)
0	0.00000
0.01	0.00170
0.02	0.00172
0.03	0.00173
0.04	0.00174
0.05	0.00176
0.06	0.00176
0.07	0.00177
0.08	0.00179
0.09	0.00180
0.1	0.00181
0.11	0.00183
0.12	0.00184
0.13	0.00185
0.14	0.00186
0.15	0.00187
0.16	0.00188
0.17	0.00190
0.18	0.00191
0.19	0.00192
0.2	0.00194
0.21	0.00194
0.22	0.00195
0.23	0.00196
0.24	0.00198
0.25	0.00199
0.26	0.00200
0.27	0.00201
0.28	0.00203
0.29	0.00203
0.3	0.00204
0.31	0.00206
0.32	0.00207
0.33	0.00209
0.34	0.00210
0.35	0.00212
0.36	0.00212
0.37	0.00213
0.38	0.00215
0.39	0.00216
0.4	0.00217
0.41	0.00218
0.42	0.00219
0.43	0.00221
0.44	0.00221
0.45	0.00223
0.46	0.00225
0.47	0.00226
0.48	0.00227
0.49	0.00228
0.5	0.00227
0.51	0.00226
0.52	0.00226
0.53	0.00226
0.54	0.00227
0.55	0.00229
0.56	0.00230
0.57	0.00233
0.58	0.00236
0.59	0.00238
0.6	0.00239
0.61	0.00239
0.62	0.00239
0.63	0.00239
0.64	0.00240
0.65	0.00240
0.66	0.00240
0.67	0.00240
0.68	0.00239
0.69	0.00238
0.7	0.00236
0.71	0.00233
0.72	0.00230
0.73	0.00230
0.74	0.00230
0.75	0.00230
0.76	0.00231
0.77	0.00233
0.78	0.00234
0.79	0.00235
0.8	0.00236
0.81	0.00237
0.82	0.00237
0.83	0.00236
0.84	0.00235
0.85	0.00233
0.86	0.00231
0.87	0.00230
0.88	0.00230
0.89	0.00235
0.9	0.00242
0.91	0.00252
0.92	0.00263
0.93	0.00275
0.94	0.00287
0.95	0.00300
0.96	0.00317
0.97	0.00340
0.98	0.00370
0.99	0.00396
1	0.00407
1.01	0.00397
1.02	0.00370
1.03	0.00332
1.04	0.00293
1.05	0.00257
1.06	0.00231
1.07	0.00220
1.08	0.00221
1.09	0.00234
1.1	0.00252
1.11	0.00272
1.12	0.00291
1.13	0.00306
1.14	0.00313
1.15	0.00311
1.16	0.00300
1.17	0.00284
1.18	0.00266
1.19	0.00259
1.2	0.00275
1.21	0.00318
1.22	0.00382
1.23	0.00458
1.24	0.00518
1.25	0.00534
1.26	0.00493
1.27	0.00408
1.28	0.00294
1.29	0.00173
1.3	0.00055
1.31	-0.00033
1.32	-0.00072
1.33	-0.00055
1.34	0.00004
1.35	0.00081
1.36	0.00153
1.37	0.00202
1.38	0.00225
1.39	0.00230
1.4	0.00231
1.41	0.00234
1.42	0.00242
1.43	0.00254
1.44	0.00255
1.45	0.00222
1.46	0.00146
1.47	0.00030
1.48	-0.00111
1.49	-0.00233
1.5	-0.00271
1.51	-0.00189
1.52	-0.00004
1.53	0.00222
1.54	0.00431
1.55	0.00594
1.56	0.00716
1.57	0.00816
1.58	0.00911
1.59	0.00968
1.6	0.00950
1.61	0.00844
1.62	0.00664
1.63	0.00442
1.64	0.00203
1.65	-0.00033
1.66	-0.00264
1.67	-0.00466
1.68	-0.00596
1.69	-0.00627
1.7	-0.00568
1.71	-0.00451
1.72	-0.00310
1.73	-0.00180
1.74	-0.00081
1.75	-0.00014
1.76	0.00033
1.77	0.00076
1.78	0.00121
1.79	0.00157
1.8	0.00170
1.81	0.00158
1.82	0.00130
1.83	0.00122
1.84	0.00159
1.85	0.00252
1.86	0.00374
1.87	0.00472
1.88	0.00500
1.89	0.00447
1.9	0.00336
1.91	0.00215
1.92	0.00189
1.93	0.00338
1.94	0.00671
1.95	0.01106
1.96	0.01452
1.97	0.01546
1.98	0.01348
1.99	0.00944
2	0.00506
2.01	0.00185
2.02	0.00034
2.03	0.00020
2.04	0.00067
2.05	0.00109
2.06	0.00111
2.07	0.00076
2.08	0.00024
2.09	-0.00024
2.1	-0.00058
2.11	-0.00077
2.12	-0.00104
2.13	-0.00185
2.14	-0.00351
2.15	-0.00600
2.16	-0.00892
2.17	-0.01126
2.18	-0.01211
2.19	-0.01126
2.2	-0.00909
2.21	-0.00632
2.22	-0.00357
2.23	-0.00114
2.24	0.00095
2.25	0.00225
2.26	0.00210
2.27	0.00023
2.28	-0.00310
2.29	-0.00728
2.3	-0.01176
2.31	-0.01589
2.32	-0.01850
2.33	-0.01890
2.34	-0.01719
2.35	-0.01408
2.36	-0.01039
2.37	-0.00685
2.38	-0.00410
2.39	-0.00242
2.4	-0.00161
2.41	-0.00114
2.42	0.00005
2.43	0.00283
2.44	0.00734
2.45	0.01268
2.46	0.01707
2.47	0.01929
2.48	0.01922
2.49	0.01751
2.5	0.01503
2.51	0.01245
2.52	0.01009
2.53	0.00793
2.54	0.00581
2.55	0.00357
2.56	0.00116
2.57	-0.00116
2.58	-0.00290
2.59	-0.00374
2.6	-0.00374
2.61	-0.00323
2.62	-0.00253
2.63	-0.00190
2.64	-0.00145
2.65	-0.00147
2.66	-0.00236
2.67	-0.00424
2.68	-0.00692
2.69	-0.01007
2.7	-0.01336
2.71	-0.01659
2.72	-0.01958
2.73	-0.02138
2.74	-0.02101
2.75	-0.01820
2.76	-0.01353
2.77	-0.00788
2.78	-0.00203
2.79	0.00311
2.8	0.00587
2.81	0.00519
2.82	0.00131
2.83	-0.00459
2.84	-0.00987
2.85	-0.01194
2.86	-0.00993
2.87	-0.00464
2.88	0.00235
2.89	0.00956
2.9	0.01612
2.91	0.02067
2.92	0.02147
2.93	0.01796
2.94	0.01097
2.95	0.00202
2.96	-0.00749
2.97	-0.01670
2.98	-0.02471
2.99	-0.02940
3	-0.02934
3.01	-0.02479
3.02	-0.01720
3.03	-0.00834
3.04	0.00048
3.05	0.00870
3.06	0.01643
3.07	0.02291
3.08	0.02482
3.09	0.01960
3.1	0.00727
3.11	-0.00944
3.12	-0.02473
3.13	-0.03351
3.14	-0.03433
3.15	-0.02902
3.16	-0.02082
3.17	-0.01255
3.18	-0.00568
3.19	-0.00132
3.2	-0.00054
3.21	-0.00333
3.22	-0.00876
3.23	-0.01553
3.24	-0.02262
3.25	-0.02944
3.26	-0.03593
3.27	-0.04133
3.28	-0.04284
3.29	-0.03835
3.3	-0.02793
3.31	-0.01338
3.32	0.00293
3.33	0.01922
3.34	0.03391
3.35	0.04485
3.36	0.05107
3.37	0.05326
3.38	0.05306
3.39	0.05214
3.4	0.05151
3.41	0.05110
3.42	0.04982
3.43	0.04676
3.44	0.04185
3.45	0.03562
3.46	0.02885
3.47	0.02216
3.48	0.01578
3.49	0.00924
3.5	0.00154
3.51	-0.00794
3.52	-0.01906
3.53	-0.03121
3.54	-0.04354
3.55	-0.05361
3.56	-0.05854
3.57	-0.05741
3.58	-0.05144
3.59	-0.04291
3.6	-0.03388
3.61	-0.02554
3.62	-0.01810
3.63	-0.01118
3.64	-0.00426
3.65	0.00294
3.66	0.00941
3.67	0.01264
3.68	0.01103
3.69	0.00490
3.7	-0.00401
3.71	-0.01227
3.72	-0.01662
3.73	-0.01604
3.74	-0.01156
3.75	-0.00516
3.76	0.00125
3.77	0.00539
3.78	0.00528
3.79	0.00067
3.8	-0.00697
3.81	-0.01426
3.82	-0.01802
3.83	-0.01717
3.84	-0.01266
3.85	-0.00667
3.86	-0.00188
3.87	0.00006
3.88	-0.00083
3.89	-0.00303
3.9	-0.00454
3.91	-0.00411
3.92	-0.00176
3.93	0.00182
3.94	0.00554
3.95	0.00718
3.96	0.00422
3.97	-0.00395
3.98	-0.01462
3.99	-0.02219
4	-0.02278
4.01	-0.01607
4.02	-0.00443
4.03	0.00833
4.04	0.01885
4.05	0.02582
4.06	0.02988
4.07	0.03257
4.08	0.03532
4.09	0.03883
4.1	0.04302
4.11	0.04657
4.12	0.04751
4.13	0.04496
4.14	0.03944
4.15	0.03219
4.16	0.02454
4.17	0.01728
4.18	0.01060
4.19	0.00430
4.2	-0.00195
4.21	-0.00837
4.22	-0.01459
4.23	-0.01953
4.24	-0.02252
4.25	-0.02364
4.26	-0.02357
4.27	-0.02357
4.28	-0.02537
4.29	-0.02988
4.3	-0.03668
4.31	-0.04335
4.32	-0.04707
4.33	-0.04664
4.34	-0.04269
4.35	-0.03700
4.36	-0.03165
4.37	-0.02792
4.38	-0.02588
4.39	-0.02457
4.4	-0.02275
4.41	-0.01971
4.42	-0.01547
4.43	-0.01051
4.44	-0.00540
4.45	-0.00051
4.46	0.00407
4.47	0.00845
4.48	0.01281
4.49	0.01725
4.5	0.02182
4.51	0.02631
4.52	0.02920
4.53	0.02862
4.54	0.02405
4.55	0.01633
4.56	0.00696
4.57	-0.00235
4.58	-0.00970
4.59	-0.01418
4.6	-0.01607
4.61	-0.01643
4.62	-0.01636
4.63	-0.01658
4.64	-0.01726
4.65	-0.01825
4.66	-0.01929
4.67	-0.02018
4.68	-0.02077
4.69	-0.02007
4.7	-0.01684
4.71	-0.01076
4.72	-0.00246
4.73	0.00660
4.74	0.01357
4.75	0.01614
4.76	0.01394
4.77	0.00831
4.78	0.00122
4.79	-0.00492
4.8	-0.00824
4.81	-0.00833
4.82	-0.00607
4.83	-0.00276
4.84	0.00050
4.85	0.00322
4.86	0.00545
4.87	0.00750
4.88	0.00963
4.89	0.01187
4.9	0.01271
4.91	0.00962
4.92	0.00144
4.93	-0.01085
4.94	-0.02272
4.95	-0.02887
4.96	-0.02718
4.97	-0.01888
4.98	-0.00800
4.99	0.00023
5	0.00277
5.01	-0.00030
5.02	-0.00671
5.03	-0.01324
5.04	-0.01757
5.05	-0.01909
5.06	-0.01860
5.07	-0.01740
5.08	-0.01649
5.09	-0.01626
5.1	-0.01659
5.11	-0.01709
5.12	-0.01745
5.13	-0.01754
5.14	-0.01743
5.15	-0.01725
5.16	-0.01711
5.17	-0.01661
5.18	-0.01472
5.19	-0.01081
5.2	-0.00501
5.21	0.00200
5.22	0.00942
5.23	0.01614
5.24	0.02056
5.25	0.02197
5.26	0.02080
5.27	0.01810
5.28	0.01498
5.29	0.01220
5.3	0.01098
5.31	0.01239
5.32	0.01652
5.33	0.02264
5.34	0.02956
5.35	0.03455
5.36	0.03416
5.37	0.02705
5.38	0.01452
5.39	0.00084
5.4	-0.00905
5.41	-0.01277
5.42	-0.01101
5.43	-0.00615
5.44	-0.00104
5.45	0.00164
5.46	0.00086
5.47	-0.00276
5.48	-0.00785
5.49	-0.01307
5.5	-0.01769
5.51	-0.02102
5.52	-0.02178
5.53	-0.01947
5.54	-0.01454
5.55	-0.00805
5.56	-0.00105
5.57	0.00563
5.58	0.01084
5.59	0.01368
5.6	0.01415
5.61	0.01296
5.62	0.01104
5.63	0.00912
5.64	0.00751
5.65	0.00619
5.66	0.00489
5.67	0.00226
5.68	-0.00321
5.69	-0.01178
5.7	-0.02108
5.71	-0.02720
5.72	-0.02786
5.73	-0.02333
5.74	-0.01553
5.75	-0.00689
5.76	0.00024
5.77	0.00474
5.78	0.00684
5.79	0.00758
5.8	0.00805
5.81	0.00891
5.82	0.01029
5.83	0.01178
5.84	0.01244
5.85	0.01162
5.86	0.00930
5.87	0.00599
5.88	0.00257
5.89	0.00029
5.9	-0.00019
5.91	0.00101
5.92	0.00322
5.93	0.00574
5.94	0.00801
5.95	0.00905
5.96	0.00779
5.97	0.00399
5.98	-0.00178
5.99	-0.00857
6	-0.01543
6.01	-0.02072
6.02	-0.02269
6.03	-0.02088
6.04	-0.01616
6.05	-0.00994
6.06	-0.00347
6.07	0.00256
6.08	0.00784
6.09	0.01164
6.1	0.01331
6.11	0.01291
6.12	0.01103
6.13	0.00848
6.14	0.00584
6.15	0.00348
6.16	0.00163
6.17	0.00040
6.18	-0.00032
6.19	-0.00071
6.2	-0.00120
6.21	-0.00254
6.22	-0.00518
6.23	-0.00903
6.24	-0.01364
6.25	-0.01853
6.26	-0.02324
6.27	-0.02640
6.28	-0.02632
6.29	-0.02251
6.3	-0.01571
6.31	-0.00733
6.32	0.00102
6.33	0.00737
6.34	0.01068
6.35	0.01124
6.36	0.01011
6.37	0.00847
6.38	0.00722
6.39	0.00734
6.4	0.00950
6.41	0.01363
6.42	0.01904
6.43	0.02499
6.44	0.03091
6.45	0.03596
6.46	0.03792
6.47	0.03504
6.48	0.02734
6.49	0.01633
6.5	0.00433
6.51	-0.00630
6.52	-0.01445
6.53	-0.02036
6.54	-0.02503
6.55	-0.02913
6.56	-0.03243
6.57	-0.03469
6.58	-0.03678
6.59	-0.04005
6.6	-0.04515
6.61	-0.05134
6.62	-0.05546
6.63	-0.05472
6.64	-0.04850
6.65	-0.03820
6.66	-0.02640
6.67	-0.01574
6.68	-0.00754
6.69	-0.00163
6.7	0.00301
6.71	0.00734
6.72	0.01080
6.73	0.01198
6.74	0.01020
6.75	0.00582
6.76	-0.00016
6.77	-0.00671
6.78	-0.01310
6.79	-0.01908
6.8	-0.02445
6.81	-0.02831
6.82	-0.02985
6.83	-0.02912
6.84	-0.02674
6.85	-0.02323
6.86	-0.01807
6.87	-0.01074
6.88	-0.00159
6.89	0.00843
6.9	0.01849
6.91	0.02795
6.92	0.03531
6.93	0.03902
6.94	0.03884
6.95	0.03579
6.96	0.03208
6.97	0.02992
6.98	0.03032
6.99	0.03298
7	0.03686
7.01	0.04091
7.02	0.04455
7.03	0.04766
7.04	0.04986
7.05	0.04909
7.06	0.04379
7.07	0.03487
7.08	0.02449
7.09	0.01459
7.1	0.00645
7.11	0.00104
7.12	-0.00164
7.13	-0.00237
7.14	-0.00219
7.15	-0.00192
7.16	-0.00196
7.17	-0.00231
7.18	-0.00276
7.19	-0.00297
7.2	-0.00260
7.21	-0.00159
7.22	-0.00011
7.23	0.00158
7.24	0.00328
7.25	0.00487
7.26	0.00636
7.27	0.00779
7.28	0.00859
7.29	0.00764
7.3	0.00437
7.31	-0.00099
7.32	-0.00761
7.33	-0.01471
7.34	-0.02183
7.35	-0.02889
7.36	-0.03577
7.37	-0.04118
7.38	-0.04367
7.39	-0.04287
7.4	-0.03949
7.41	-0.03479
7.42	-0.02987
7.43	-0.02534
7.44	-0.02129
7.45	-0.01751
7.46	-0.01373
7.47	-0.00977
7.48	-0.00563
7.49	-0.00139
7.5	0.00285
7.51	0.00704
7.52	0.01110
7.53	0.01453
7.54	0.01661
7.55	0.01709
7.56	0.01667
7.57	0.01652
7.58	0.01751
7.59	0.01973
7.6	0.02283
7.61	0.02625
7.62	0.02957
7.63	0.03263
7.64	0.03538
7.65	0.03713
7.66	0.03678
7.67	0.03398
7.68	0.02913
7.69	0.02309
7.7	0.01595
7.71	0.00707
7.72	-0.00247
7.73	-0.00995
7.74	-0.01361
7.75	-0.01338
7.76	-0.01054
7.77	-0.00669
7.78	-0.00302
7.79	-0.00008
7.8	0.00176
7.81	0.00167
7.82	-0.00069
7.83	-0.00498
7.84	-0.01043
7.85	-0.01627
7.86	-0.02169
7.87	-0.02574
7.88	-0.02808
7.89	-0.02897
7.9	-0.02906
7.91	-0.02895
7.92	-0.02901
7.93	-0.02932
7.94	-0.02978
7.95	-0.02997
7.96	-0.02887
7.97	-0.02578
7.98	-0.02077
7.99	-0.01450
8	-0.00772
8.01	-0.00103
8.02	0.00536
8.03	0.01149
8.04	0.01753
8.05	0.02363
8.06	0.02930
8.07	0.03329
8.08	0.03486
8.09	0.03415
8.1	0.03197
8.11	0.02925
8.12	0.02668
8.13	0.02448
8.14	0.02255
8.15	0.01982
8.16	0.01454
8.17	0.00598
8.18	-0.00351
8.19	-0.01000
8.2	-0.01125
8.21	-0.00748
8.22	-0.00055
8.23	0.00737
8.24	0.01395
8.25	0.01640
8.26	0.01347
8.27	0.00600
8.28	-0.00392
8.29	-0.01230
8.3	-0.01458
8.31	-0.00901
8.32	0.00309
8.33	0.01874
8.34	0.03510
8.35	0.04998
8.36	0.05955
8.37	0.06057
8.38	0.05291
8.39	0.03930
8.4	0.02360
8.41	0.00855
8.42	-0.00594
8.43	-0.02143
8.44	-0.03644
8.45	-0.04575
8.46	-0.04582
8.47	-0.03683
8.48	-0.02196
8.49	-0.00593
8.5	0.00761
8.51	0.01748
8.52	0.02448
8.53	0.03030
8.54	0.03584
8.55	0.03956
8.56	0.03956
8.57	0.03524
8.58	0.02750
8.59	0.01795
8.6	0.00808
8.61	-0.00124
8.62	-0.00986
8.63	-0.01741
8.64	-0.02230
8.65	-0.02354
8.66	-0.02137
8.67	-0.01659
8.68	-0.00885
8.69	0.00228
8.7	0.01465
8.71	0.02488
8.72	0.03104
8.73	0.03324
8.74	0.03292
8.75	0.03182
8.76	0.03131
8.77	0.03390
8.78	0.04224
8.79	0.05498
8.8	0.06689
8.81	0.07363
8.82	0.07403
8.83	0.06979
8.84	0.06388
8.85	0.05873
8.86	0.05531
8.87	0.05329
8.88	0.05117
8.89	0.04718
8.9	0.04071
8.91	0.03389
8.92	0.03173
8.93	0.03754
8.94	0.05099
8.95	0.06740
8.96	0.08022
8.97	0.08563
8.98	0.08375
8.99	0.07728
9	0.06951
9.01	0.06247
9.02	0.05656
9.03	0.05119
9.04	0.04618
9.05	0.04197
9.06	0.03888
9.07	0.03695
9.08	0.03585
9.09	0.03516
9.1	0.03452
9.11	0.03373
9.12	0.03142
9.13	0.02327
9.14	0.00696
9.15	-0.01320
9.16	-0.03052
9.17	-0.04092
9.18	-0.04403
9.19	-0.04057
9.2	-0.03152
9.21	-0.01852
9.22	-0.00360
9.23	0.00913
9.24	0.01502
9.25	0.01247
9.26	0.00302
9.27	-0.00998
9.28	-0.02281
9.29	-0.03300
9.3	-0.04015
9.31	-0.04526
9.32	-0.04990
9.33	-0.05716
9.34	-0.06776
9.35	-0.07871
9.36	-0.08703
9.37	-0.09153
9.38	-0.09278
9.39	-0.09235
9.4	-0.09175
9.41	-0.09185
9.42	-0.09275
9.43	-0.09410
9.44	-0.09545
9.45	-0.09556
9.46	-0.09077
9.47	-0.07809
9.48	-0.05808
9.49	-0.03506
9.5	-0.01383
9.51	0.00309
9.52	0.01583
9.53	0.02615
9.54	0.03600
9.55	0.04556
9.56	0.05188
9.57	0.05251
9.58	0.04721
9.59	0.03764
9.6	0.02638
9.61	0.01727
9.62	0.01364
9.63	0.01612
9.64	0.02312
9.65	0.03211
9.66	0.04092
9.67	0.04853
9.68	0.05496
9.69	0.05975
9.7	0.06031
9.71	0.05491
9.72	0.04389
9.73	0.02911
9.74	0.01301
9.75	-0.00190
9.76	-0.01424
9.77	-0.02407
9.78	-0.03236
9.79	-0.04022
9.8	-0.04842
9.81	-0.05617
9.82	-0.06006
9.83	-0.05742
9.84	-0.04819
9.85	-0.03497
9.86	-0.02193
9.87	-0.01198
9.88	-0.00579
9.89	-0.00228
9.9	0.00024
9.91	0.00313
9.92	0.00705
9.93	0.01196
9.94	0.01745
9.95	0.02289
9.96	0.02624
9.97	0.02462
9.98	0.01696
9.99	0.00497
10	-0.00801
10.01	-0.01934
10.02	-0.02809
10.03	-0.03476
10.04	-0.04054
10.05	-0.04538
10.06	-0.04621
10.07	-0.04035
10.08	-0.02776
10.09	-0.01139
10.1	0.00490
10.11	0.01867
10.12	0.02945
10.13	0.03767
10.14	0.04349
10.15	0.04722
10.16	0.04944
10.17	0.05077
10.18	0.05174
10.19	0.05268
10.2	0.05371
10.21	0.05467
10.22	0.05360
10.23	0.04784
10.24	0.03638
10.25	0.02027
10.26	0.00160
10.27	-0.01649
10.28	-0.02835
10.29	-0.02996
10.3	-0.02147
10.31	-0.00612
10.32	0.01184
10.33	0.02519
10.34	0.02314
10.35	0.00267
10.36	-0.02921
10.37	-0.06294
10.38	-0.09191
10.39	-0.11365
10.4	-0.12572
10.41	-0.12665
10.42	-0.11798
10.43	-0.10411
10.44	-0.08998
10.45	-0.07860
10.46	-0.07050
10.47	-0.06457
10.48	-0.05920
10.49	-0.05337
10.5	-0.04721
10.51	-0.04146
10.52	-0.03674
10.53	-0.03312
10.54	-0.03028
10.55	-0.02773
10.56	-0.02509
10.57	-0.02221
10.58	-0.01941
10.59	-0.01745
10.6	-0.01680
10.61	-0.01742
10.62	-0.01885
10.63	-0.02056
10.64	-0.02219
10.65	-0.02359
10.66	-0.02482
10.67	-0.02599
10.68	-0.02732
10.69	-0.03010
10.7	-0.03637
10.71	-0.04700
10.72	-0.06130
10.73	-0.07743
10.74	-0.09064
10.75	-0.09544
10.76	-0.08990
10.77	-0.07552
10.78	-0.05504
10.79	-0.03169
10.8	-0.01080
10.81	0.00221
10.82	0.00566
10.83	0.00149
10.84	-0.00671
10.85	-0.01577
10.86	-0.02403
10.87	-0.03123
10.88	-0.03848
10.89	-0.04753
10.9	-0.05926
10.91	-0.07340
10.92	-0.08886
10.93	-0.10305
10.94	-0.11239
10.95	-0.11525
10.96	-0.11251
10.97	-0.10652
10.98	-0.09887
10.99	-0.08610
11	-0.06495
11.01	-0.03736
11.02	-0.00775
11.03	0.01735
11.04	0.03213
11.05	0.03534
11.06	0.02991
11.07	0.02057
11.08	0.01341
11.09	0.01400
11.1	0.02395
11.11	0.04158
11.12	0.06436
11.13	0.08978
11.14	0.11604
11.15	0.14228
11.16	0.16762
11.17	0.18351
11.18	0.17803
11.19	0.14994
11.2	0.10993
11.21	0.07052
11.22	0.03930
11.23	0.01742
11.24	0.00154
11.25	-0.01274
11.26	-0.02695
11.27	-0.03886
11.28	-0.04612
11.29	-0.04805
11.3	-0.04473
11.31	-0.03498
11.32	-0.01858
11.33	0.00289
11.34	0.02420
11.35	0.03840
11.36	0.04208
11.37	0.03636
11.38	0.02509
11.39	0.01235
11.4	0.00074
11.41	-0.00858
11.42	-0.01489
11.43	-0.01834
11.44	-0.01983
11.45	-0.02038
11.46	-0.02076
11.47	-0.02150
11.48	-0.02459
11.49	-0.03314
11.5	-0.04841
11.51	-0.06934
11.52	-0.09172
11.53	-0.10795
11.54	-0.11314
11.55	-0.10750
11.56	-0.09474
11.57	-0.07943
11.58	-0.06035
11.59	-0.02812
11.6	0.01236
11.61	0.05002
11.62	0.07719
11.63	0.09236
11.64	0.09877
11.65	0.10007
11.66	0.09830
11.67	0.09447
11.68	0.08912
11.69	0.08255
11.7	0.07511
11.71	0.06746
11.72	0.06188
11.73	0.06066
11.74	0.06431
11.75	0.07179
11.76	0.08271
11.77	0.09751
11.78	0.11634
11.79	0.13938
11.8	0.16583
11.81	0.18907
11.82	0.19872
11.83	0.18968
11.84	0.16253
11.85	0.12077
11.86	0.06975
11.87	0.01472
11.88	-0.04078
11.89	-0.09536
11.9	-0.14837
11.91	-0.19280
11.92	-0.21964
11.93	-0.22631
11.94	-0.21698
11.95	-0.19935
11.96	-0.18108
11.97	-0.16674
11.98	-0.15713
11.99	-0.15051
12	-0.14458
12.01	-0.13874
12.02	-0.13455
12.03	-0.13346
12.04	-0.13577
12.05	-0.14024
12.06	-0.14153
12.07	-0.13351
12.08	-0.11416
12.09	-0.08576
12.1	-0.05307
12.11	-0.02077
12.12	0.00860
12.13	0.03497
12.14	0.06056
12.15	0.08881
12.16	0.11814
12.17	0.14300
12.18	0.15960
12.19	0.16778
12.2	0.16950
12.21	0.16692
12.22	0.16204
12.23	0.15626
12.24	0.15027
12.25	0.14307
12.26	0.13230
12.27	0.11671
12.28	0.09684
12.29	0.07469
12.3	0.05506
12.31	0.04286
12.32	0.03953
12.33	0.04316
12.34	0.05032
12.35	0.05740
12.36	0.05915
12.37	0.05148
12.38	0.03422
12.39	0.01030
12.4	-0.01514
12.41	-0.03493
12.42	-0.04468
12.43	-0.04464
12.44	-0.03827
12.45	-0.02993
12.46	-0.02336
12.47	-0.02024
12.48	-0.02009
12.49	-0.02132
12.5	-0.02187
12.51	-0.01964
12.52	-0.01382
12.53	-0.00503
12.54	0.00535
12.55	0.01609
12.56	0.02649
12.57	0.03644
12.58	0.04620
12.59	0.05595
12.6	0.06448
12.61	0.06976
12.62	0.07174
12.63	0.07407
12.64	0.08075
12.65	0.09338
12.66	0.11147
12.67	0.13403
12.68	0.15980
12.69	0.18742
12.7	0.21439
12.71	0.23359
12.72	0.23856
12.73	0.22854
12.74	0.20874
12.75	0.18671
12.76	0.16684
12.77	0.13843
12.78	0.09316
12.79	0.03816
12.8	-0.01591
12.81	-0.06133
12.82	-0.09300
12.83	-0.10995
12.84	-0.11580
12.85	-0.11610
12.86	-0.11561
12.87	-0.11679
12.88	-0.11998
12.89	-0.12415
12.9	-0.12777
12.91	-0.12983
12.92	-0.13028
12.93	-0.12981
12.94	-0.12927
12.95	-0.12922
12.96	-0.12984
12.97	-0.13091
12.98	-0.12960
12.99	-0.12014
13	-0.10053
13.01	-0.07299
13.02	-0.04165
13.03	-0.01021
13.04	0.01837
13.05	0.03757
13.06	0.04138
13.07	0.02934
13.08	0.00656
13.09	-0.01861
13.1	-0.03976
13.11	-0.05472
13.12	-0.06422
13.13	-0.06868
13.14	-0.06849
13.15	-0.06463
13.16	-0.05845
13.17	-0.05125
13.18	-0.04449
13.19	-0.03975
13.2	-0.03768
13.21	-0.03758
13.22	-0.03494
13.23	-0.02307
13.24	0.00104
13.25	0.03498
13.26	0.07339
13.27	0.11142
13.28	0.14544
13.29	0.17258
13.3	0.19260
13.31	0.20751
13.32	0.22015
13.33	0.23246
13.34	0.24139
13.35	0.24025
13.36	0.22562
13.37	0.19921
13.38	0.16604
13.39	0.13145
13.4	0.09884
13.41	0.07050
13.42	0.04959
13.43	0.03732
13.44	0.03226
13.45	0.03153
13.46	0.03237
13.47	0.03308
13.48	0.03311
13.49	0.03280
13.5	0.03197
13.51	0.02327
13.52	-0.00147
13.53	-0.03973
13.54	-0.08279
13.55	-0.12277
13.56	-0.15592
13.57	-0.18242
13.58	-0.19922
13.59	-0.19788
13.6	-0.17453
13.61	-0.13397
13.62	-0.08615
13.63	-0.03969
13.64	0.00122
13.65	0.03679
13.66	0.06962
13.67	0.09920
13.68	0.11747
13.69	0.11834
13.7	0.10207
13.71	0.07429
13.72	0.04268
13.73	0.01301
13.74	-0.01252
13.75	-0.03279
13.76	-0.04363
13.77	-0.04230
13.78	-0.02985
13.79	-0.01011
13.8	0.01256
13.81	0.03488
13.82	0.05378
13.83	0.06375
13.84	0.06147
13.85	0.04791
13.86	0.02694
13.87	0.00298
13.88	-0.01991
13.89	-0.03833
13.9	-0.05133
13.91	-0.06021
13.92	-0.06725
13.93	-0.07445
13.94	-0.08320
13.95	-0.09434
13.96	-0.10779
13.97	-0.12290
13.98	-0.13883
13.99	-0.15493
14	-0.16868
14.01	-0.17467
14.02	-0.16996
14.03	-0.15560
14.04	-0.13530
14.05	-0.11311
14.06	-0.09180
14.07	-0.07250
14.08	-0.05534
14.09	-0.03978
14.1	-0.02504
14.11	-0.01049
14.12	0.00412
14.13	0.01884
14.14	0.03355
14.15	0.04818
14.16	0.06270
14.17	0.07681
14.18	0.08811
14.19	0.09397
14.2	0.09384
14.21	0.08918
14.22	0.08234
14.23	0.07543
14.24	0.07064
14.25	0.07024
14.26	0.07485
14.27	0.08350
14.28	0.09441
14.29	0.10598
14.3	0.11711
14.31	0.12421
14.32	0.12200
14.33	0.10841
14.34	0.08545
14.35	0.05726
14.36	0.02747
14.37	-0.00278
14.38	-0.03371
14.39	-0.06561
14.4	-0.09572
14.41	-0.11823
14.42	-0.12977
14.43	-0.13114
14.44	-0.12592
14.45	-0.11825
14.46	-0.11105
14.47	-0.10633
14.48	-0.10550
14.49	-0.10855
14.5	-0.11427
14.51	-0.12114
14.52	-0.12704
14.53	-0.12695
14.54	-0.11662
14.55	-0.09572
14.56	-0.06723
14.57	-0.03538
14.58	-0.00357
14.59	0.02660
14.6	0.05518
14.61	0.08300
14.62	0.10840
14.63	0.12433
14.64	0.12588
14.65	0.11358
14.66	0.09187
14.67	0.06633
14.68	0.04096
14.69	0.01615
14.7	-0.01031
14.71	-0.04032
14.72	-0.07410
14.73	-0.10631
14.74	-0.12532
14.75	-0.12406
14.76	-0.10418
14.77	-0.07439
14.78	-0.04430
14.79	-0.01968
14.8	-0.00150
14.81	0.01255
14.82	0.02558
14.83	0.03963
14.84	0.05339
14.85	0.06268
14.86	0.06467
14.87	0.05954
14.88	0.04955
14.89	0.03766
14.9	0.02597
14.91	0.01520
14.92	0.00477
14.93	-0.00617
14.94	-0.01807
14.95	-0.02993
14.96	-0.03903
14.97	-0.04360
14.98	-0.04373
14.99	-0.04095
15	-0.03711
15.01	-0.03357
15.02	-0.03085
15.03	-0.02883
15.04	-0.02788
15.05	-0.02950
15.06	-0.03465
15.07	-0.04303
15.08	-0.05351
15.09	-0.06465
15.1	-0.07331
15.11	-0.07494
15.12	-0.06723
15.13	-0.05074
15.14	-0.02831
15.15	-0.00441
15.16	0.01640
15.17	0.03140
15.18	0.04037
15.19	0.04514
15.2	0.04820
15.21	0.05189
15.22	0.05832
15.23	0.06825
15.24	0.08084
15.25	0.09202
15.26	0.09528
15.27	0.08729
15.28	0.06884
15.29	0.04321
15.3	0.01432
15.31	-0.01440
15.32	-0.04074
15.33	-0.06344
15.34	-0.08131
15.35	-0.09437
15.36	-0.10390
15.37	-0.11154
15.38	-0.11869
15.39	-0.12511
15.4	-0.12704
15.41	-0.12103
15.42	-0.10662
15.43	-0.08607
15.44	-0.06255
15.45	-0.03867
15.46	-0.01572
15.47	0.00622
15.48	0.02775
15.49	0.04913
15.5	0.06718
15.51	0.07754
15.52	0.07871
15.53	0.07242
15.54	0.06210
15.55	0.05094
15.56	0.04082
15.57	0.03282
15.58	0.02962
15.59	0.03350
15.6	0.04439
15.61	0.06026
15.62	0.07920
15.63	0.10130
15.64	0.12695
15.65	0.15445
15.66	0.17607
15.67	0.18412
15.68	0.17673
15.69	0.15746
15.7	0.13230
15.71	0.10614
15.72	0.07960
15.73	0.05060
15.74	0.01746
15.75	-0.01991
15.76	-0.05870
15.77	-0.09214
15.78	-0.11516
15.79	-0.12731
15.8	-0.13186
15.81	-0.13274
15.82	-0.13000
15.83	-0.12139
15.84	-0.10591
15.85	-0.08456
15.86	-0.05965
15.87	-0.03364
15.88	-0.00818
15.89	0.01619
15.9	0.03973
15.91	0.06302
15.92	0.08453
15.93	0.09688
15.94	0.09356
15.95	0.07444
15.96	0.04591
15.97	0.01607
15.98	-0.00965
15.99	-0.02993
16	-0.04644
16.01	-0.06183
16.02	-0.07813
16.03	-0.09572
16.04	-0.11030
16.05	-0.11561
16.06	-0.11003
16.07	-0.09736
16.08	-0.08300
16.09	-0.07085
16.1	-0.06223
16.11	-0.05548
16.12	-0.04652
16.13	-0.03240
16.14	-0.01314
16.15	0.00568
16.16	0.01623
16.17	0.01476
16.18	0.00293
16.19	-0.01394
16.2	-0.03064
16.21	-0.04416
16.22	-0.05358
16.23	-0.05963
16.24	-0.06393
16.25	-0.06791
16.26	-0.07238
16.27	-0.07742
16.28	-0.08273
16.29	-0.08730
16.3	-0.08883
16.31	-0.08578
16.32	-0.07834
16.33	-0.06778
16.34	-0.05557
16.35	-0.04282
16.36	-0.03018
16.37	-0.01776
16.38	-0.00635
16.39	0.00060
16.4	0.00016
16.41	-0.00788
16.42	-0.02134
16.43	-0.03712
16.44	-0.05050
16.45	-0.05591
16.46	-0.05109
16.47	-0.03772
16.48	-0.01976
16.49	-0.00181
16.5	0.01301
16.51	0.02410
16.52	0.03265
16.53	0.04143
16.54	0.05461
16.55	0.07453
16.56	0.10063
16.57	0.12926
16.58	0.15291
16.59	0.16573
16.6	0.16698
16.61	0.16035
16.62	0.15125
16.63	0.14373
16.64	0.13926
16.65	0.13594
16.66	0.13019
16.67	0.11982
16.68	0.10575
16.69	0.09124
16.7	0.07905
16.71	0.06673
16.72	0.04475
16.73	0.00811
16.74	-0.03511
16.75	-0.07395
16.76	-0.10191
16.77	-0.11768
16.78	-0.12398
16.79	-0.12545
16.8	-0.12619
16.81	-0.12838
16.82	-0.13232
16.83	-0.13800
16.84	-0.14558
16.85	-0.15499
16.86	-0.16474
16.87	-0.16931
16.88	-0.16342
16.89	-0.14599
16.9	-0.11957
16.91	-0.08834
16.92	-0.05609
16.93	-0.02489
16.94	0.00491
16.95	0.03190
16.96	0.05095
16.97	0.05869
16.98	0.05579
16.99	0.04590
17	0.03442
17.01	0.02592
17.02	0.02210
17.03	0.02206
17.04	0.02375
17.05	0.02528
17.06	0.02573
17.07	0.02551
17.08	0.02584
17.09	0.02765
17.1	0.03105
17.11	0.03553
17.12	0.04037
17.13	0.04480
17.14	0.04774
17.15	0.04841
17.16	0.04689
17.17	0.04482
17.18	0.04571
17.19	0.05193
17.2	0.06343
17.21	0.07759
17.22	0.08881
17.23	0.09267
17.24	0.08836
17.25	0.07815
17.26	0.06535
17.27	0.05257
17.28	0.04037
17.29	0.02688
17.3	0.01031
17.31	-0.00951
17.32	-0.02755
17.33	-0.03557
17.34	-0.02935
17.35	-0.01044
17.36	0.01535
17.37	0.04144
17.38	0.06386
17.39	0.08087
17.4	0.08980
17.41	0.08927
17.42	0.08059
17.43	0.06663
17.44	0.04878
17.45	0.02662
17.46	0.00349
17.47	-0.01451
17.48	-0.02385
17.49	-0.02489
17.5	-0.02045
17.51	-0.01300
17.52	-0.00354
17.53	0.00756
17.54	0.02009
17.55	0.03384
17.56	0.05009
17.57	0.07231
17.58	0.10172
17.59	0.13301
17.6	0.15866
17.61	0.17449
17.62	0.17888
17.63	0.17290
17.64	0.16096
17.65	0.14787
17.66	0.13387
17.67	0.10996
17.68	0.07106
17.69	0.02106
17.7	-0.02913
17.71	-0.06943
17.72	-0.09290
17.73	-0.09774
17.74	-0.08814
17.75	-0.07099
17.76	-0.05241
17.77	-0.03572
17.78	-0.02146
17.79	-0.00934
17.8	-0.00123
17.81	0.00094
17.82	-0.00297
17.83	-0.01143
17.84	-0.02236
17.85	-0.03423
17.86	-0.04626
17.87	-0.05828
17.88	-0.07041
17.89	-0.08283
17.9	-0.09554
17.91	-0.10833
17.92	-0.12103
17.93	-0.13380
17.94	-0.14700
17.95	-0.16079
17.96	-0.17514
17.97	-0.18868
17.98	-0.19552
17.99	-0.18947
18	-0.16673
18.01	-0.12789
18.02	-0.07776
18.03	-0.02463
18.04	0.02151
18.05	0.05536
18.06	0.07772
18.07	0.09316
18.08	0.10671
18.09	0.12167
18.1	0.13870
18.11	0.15398
18.12	0.16126
18.13	0.15746
18.14	0.14376
18.15	0.12328
18.16	0.09947
18.17	0.07551
18.18	0.05555
18.19	0.04250
18.2	0.03633
18.21	0.03487
18.22	0.03535
18.23	0.03576
18.24	0.03523
18.25	0.03391
18.26	0.03238
18.27	0.03034
18.28	0.02273
18.29	0.00482
18.3	-0.01958
18.31	-0.04248
18.32	-0.05820
18.33	-0.06512
18.34	-0.06490
18.35	-0.06091
18.36	-0.05628
18.37	-0.05270
18.38	-0.05038
18.39	-0.04867
18.4	-0.04674
18.41	-0.04484
18.42	-0.04624
18.43	-0.05439
18.44	-0.07003
18.45	-0.08980
18.46	-0.10348
18.47	-0.10150
18.48	-0.08164
18.49	-0.04888
18.5	-0.01107
18.51	0.02551
18.52	0.05810
18.53	0.08721
18.54	0.11377
18.55	0.13288
18.56	0.13799
18.57	0.12731
18.58	0.10404
18.59	0.07197
18.6	0.03184
18.61	-0.01331
18.62	-0.05577
18.63	-0.08974
18.64	-0.11361
18.65	-0.12773
18.66	-0.13396
18.67	-0.13527
18.68	-0.13455
18.69	-0.13373
18.7	-0.13359
18.71	-0.13386
18.72	-0.13323
18.73	-0.13045
18.74	-0.12527
18.75	-0.11426
18.76	-0.08982
18.77	-0.05662
18.78	-0.02498
18.79	-0.00230
18.8	0.00980
18.81	0.01468
18.82	0.01745
18.83	0.02192
18.84	0.02936
18.85	0.03905
18.86	0.04924
18.87	0.05669
18.88	0.05815
18.89	0.05288
18.9	0.04248
18.91	0.02971
18.92	0.01866
18.93	0.01351
18.94	0.01566
18.95	0.02368
18.96	0.03479
18.97	0.04640
18.98	0.05700
18.99	0.06473
19	0.06809
19.01	0.06718
19.02	0.06332
19.03	0.05821
19.04	0.05317
19.05	0.04888
19.06	0.04664
19.07	0.04857
19.08	0.05565
19.09	0.06711
19.1	0.08130
19.11	0.09651
19.12	0.11168
19.13	0.12621
19.14	0.13650
19.15	0.13681
19.16	0.12484
19.17	0.10389
19.18	0.08003
19.19	0.05787
19.2	0.03538
19.21	0.00662
19.22	-0.02875
19.23	-0.06710
19.24	-0.10387
19.25	-0.13541
19.26	-0.15992
19.27	-0.17389
19.28	-0.17437
19.29	-0.16230
19.3	-0.14184
19.31	-0.11815
19.32	-0.09515
19.33	-0.07445
19.34	-0.05589
19.35	-0.03893
19.36	-0.02313
19.37	-0.00824
19.38	0.00409
19.39	0.01089
19.4	0.01090
19.41	0.00513
19.42	-0.00407
19.43	-0.01434
19.44	-0.02412
19.45	-0.03254
19.46	-0.03946
19.47	-0.04531
19.48	-0.05078
19.49	-0.05643
19.5	-0.06252
19.51	-0.06905
19.52	-0.07590
19.53	-0.08293
19.54	-0.09012
19.55	-0.09747
19.56	-0.10497
19.57	-0.11087
19.58	-0.11106
19.59	-0.10314
19.6	-0.08780
19.61	-0.06783
19.62	-0.04635
19.63	-0.02421
19.64	0.00394
19.65	0.04367
19.66	0.08980
19.67	0.13088
19.68	0.15924
19.69	0.17401
19.7	0.17940
19.71	0.18121
19.72	0.18217
19.73	0.18004
19.74	0.17204
19.75	0.15724
19.76	0.13510
19.77	0.10593
19.78	0.07357
19.79	0.04313
19.8	0.01759
19.81	-0.00184
19.82	-0.01317
19.83	-0.01584
19.84	-0.01149
19.85	-0.00316
19.86	0.00420
19.87	0.00563
19.88	-0.00056
19.89	-0.01287
19.9	-0.02824
19.91	-0.04323
19.92	-0.05324
19.93	-0.05518
19.94	-0.04924
19.95	-0.03799
19.96	-0.02456
19.97	-0.01138
19.98	-0.00082
19.99	0.00522
20	0.00666
20.01	0.00489
20.02	0.00171
20.03	-0.00176
20.04	-0.00546
20.05	-0.00973
20.06	-0.01476
20.07	-0.01950
20.08	-0.02048
20.09	-0.01500
20.1	-0.00295
20.11	0.01368
20.12	0.03225
20.13	0.04996
20.14	0.06421
20.15	0.07410
20.16	0.08047
20.17	0.08490
20.18	0.08850
20.19	0.09179
20.2	0.09485
20.21	0.09788
20.22	0.10131
20.23	0.10545
20.24	0.11030
20.25	0.11559
20.26	0.12099
20.27	0.12619
20.28	0.12897
20.29	0.12447
20.3	0.10993
20.31	0.08594
20.32	0.05540
20.33	0.02186
20.34	-0.01134
20.35	-0.03886
20.36	-0.05628
20.37	-0.06324
20.38	-0.06278
20.39	-0.05904
20.4	-0.05531
20.41	-0.05310
20.42	-0.05239
20.43	-0.05235
20.44	-0.05215
20.45	-0.05137
20.46	-0.04831
20.47	-0.03677
20.48	-0.01529
20.49	0.01058
20.5	0.03460
20.51	0.05324
20.52	0.06647
20.53	0.07637
20.54	0.08451
20.55	0.08852
20.56	0.08549
20.57	0.07474
20.58	0.05802
20.59	0.03819
20.6	0.01768
20.61	-0.00216
20.62	-0.02108
20.63	-0.03872
20.64	-0.05213
20.65	-0.05823
20.66	-0.05655
20.67	-0.04869
20.68	-0.03679
20.69	-0.02276
20.7	-0.00770
20.71	0.00788
20.72	0.02372
20.73	0.03828
20.74	0.04929
20.75	0.05587
20.76	0.05874
20.77	0.05950
20.78	0.05975
20.79	0.06047
20.8	0.06194
20.81	0.06283
20.82	0.05875
20.83	0.04604
20.84	0.02394
20.85	-0.00584
20.86	-0.03802
20.87	-0.06623
20.88	-0.08723
20.89	-0.10134
20.9	-0.10958
20.91	-0.11281
20.92	-0.11229
20.93	-0.10954
20.94	-0.10578
20.95	-0.10180
20.96	-0.09797
20.97	-0.09430
20.98	-0.09072
20.99	-0.08711
21	-0.08360
21.01	-0.08068
21.02	-0.07873
21.03	-0.07780
21.04	-0.07621
21.05	-0.06961
21.06	-0.05510
21.07	-0.03300
21.08	-0.00590
21.09	0.02288
21.1	0.04805
21.11	0.06289
21.12	0.06483
21.13	0.05726
21.14	0.04671
21.15	0.03846
21.16	0.03461
21.17	0.03440
21.18	0.03577
21.19	0.03679
21.2	0.03657
21.21	0.03517
21.22	0.03326
21.23	0.03182
21.24	0.03195
21.25	0.03411
21.26	0.03792
21.27	0.04240
21.28	0.04423
21.29	0.03875
21.3	0.02409
21.31	0.00247
21.32	-0.02162
21.33	-0.04434
21.34	-0.06408
21.35	-0.08119
21.36	-0.09707
21.37	-0.11309
21.38	-0.12993
21.39	-0.14560
21.4	-0.15323
21.41	-0.14763
21.42	-0.12877
21.43	-0.10078
21.44	-0.06953
21.45	-0.04165
21.46	-0.02143
21.47	-0.00897
21.48	-0.00159
21.49	0.00409
21.5	0.01047
21.51	0.01836
21.52	0.02740
21.53	0.03661
21.54	0.04420
21.55	0.04851
21.56	0.04931
21.57	0.04757
21.58	0.04446
21.59	0.04028
21.6	0.03497
21.61	0.02852
21.62	0.02119
21.63	0.01335
21.64	0.00607
21.65	0.00115
21.66	-0.00040
21.67	0.00112
21.68	0.00454
21.69	0.00861
21.7	0.01247
21.71	0.01584
21.72	0.01880
21.73	0.02089
21.74	0.02084
21.75	0.01798
21.76	0.01262
21.77	0.00568
21.78	-0.00179
21.79	-0.00906
21.8	-0.01575
21.81	-0.01957
21.82	-0.01619
21.83	-0.00344
21.84	0.01780
21.85	0.04453
21.86	0.07183
21.87	0.09423
21.88	0.10923
21.89	0.11741
21.9	0.11955
21.91	0.11625
21.92	0.10859
21.93	0.09758
21.94	0.08438
21.95	0.07079
21.96	0.05926
21.97	0.05120
21.98	0.04644
21.99	0.04379
22	0.04186
22.01	0.03969
22.02	0.03695
22.03	0.03380
22.04	0.03056
22.05	0.02778
22.06	0.02624
22.07	0.02625
22.08	0.02748
22.09	0.02778
22.1	0.02358
22.11	0.01305
22.12	-0.00257
22.13	-0.02026
22.14	-0.03728
22.15	-0.05215
22.16	-0.06453
22.17	-0.07506
22.18	-0.08475
22.19	-0.09446
22.2	-0.10431
22.21	-0.11179
22.22	-0.11361
22.23	-0.10867
22.24	-0.09831
22.25	-0.08505
22.26	-0.07137
22.27	-0.05981
22.28	-0.05232
22.29	-0.04902
22.3	-0.04869
22.31	-0.04966
22.32	-0.05063
22.33	-0.05102
22.34	-0.05083
22.35	-0.04994
22.36	-0.04819
22.37	-0.04558
22.38	-0.04235
22.39	-0.03883
22.4	-0.03542
22.41	-0.03272
22.42	-0.03103
22.43	-0.03022
22.44	-0.02996
22.45	-0.02989
22.46	-0.02978
22.47	-0.02962
22.48	-0.02978
22.49	-0.03072
22.5	-0.03255
22.51	-0.03513
22.52	-0.03795
22.53	-0.03981
22.54	-0.03951
22.55	-0.03682
22.56	-0.03234
22.57	-0.02711
22.58	-0.02227
22.59	-0.01848
22.6	-0.01579
22.61	-0.01391
22.62	-0.01356
22.63	-0.01610
22.64	-0.02204
22.65	-0.03081
22.66	-0.04077
22.67	-0.04943
22.68	-0.05523
22.69	-0.05811
22.7	-0.05908
22.71	-0.05940
22.72	-0.06000
22.73	-0.06122
22.74	-0.06271
22.75	-0.06293
22.76	-0.06025
22.77	-0.05429
22.78	-0.04583
22.79	-0.03614
22.8	-0.02593
22.81	-0.01481
22.82	-0.00230
22.83	0.01160
22.84	0.02616
22.85	0.04061
22.86	0.05448
22.87	0.06771
22.88	0.08045
22.89	0.09197
22.9	0.10110
22.91	0.10633
22.92	0.10619
22.93	0.10079
22.94	0.09162
22.95	0.08068
22.96	0.06955
22.97	0.05906
22.98	0.04935
22.99	0.04082
23	0.03388
23.01	0.02852
23.02	0.02433
23.03	0.02076
23.04	0.01734
23.05	0.01383
23.06	0.01010
23.07	0.00592
23.08	0.00118
23.09	-0.00405
23.1	-0.00958
23.11	-0.01519
23.12	-0.02062
23.13	-0.02396
23.14	-0.02224
23.15	-0.01419
23.16	-0.00079
23.17	0.01573
23.18	0.03257
23.19	0.04480
23.2	0.04820
23.21	0.04224
23.22	0.02968
23.23	0.01446
23.24	-0.00031
23.25	-0.01328
23.26	-0.02464
23.27	-0.03489
23.28	-0.04329
23.29	-0.04885
23.3	-0.05143
23.31	-0.05170
23.32	-0.05072
23.33	-0.04947
23.34	-0.04849
23.35	-0.04779
23.36	-0.04595
23.37	-0.04065
23.38	-0.03088
23.39	-0.01725
23.4	-0.00138
23.41	0.01448
23.42	0.02683
23.43	0.03334
23.44	0.03414
23.45	0.03112
23.46	0.02667
23.47	0.02248
23.48	0.01882
23.49	0.01415
23.5	0.00695
23.51	-0.00320
23.52	-0.01560
23.53	-0.02906
23.54	-0.04248
23.55	-0.05396
23.56	-0.06089
23.57	-0.06217
23.58	-0.05875
23.59	-0.05266
23.6	-0.04586
23.61	-0.03956
23.62	-0.03408
23.63	-0.02914
23.64	-0.02435
23.65	-0.01989
23.66	-0.01620
23.67	-0.01352
23.68	-0.01174
23.69	-0.01053
23.7	-0.00949
23.71	-0.00823
23.72	-0.00654
23.73	-0.00446
23.74	-0.00219
23.75	0.00013
23.76	0.00233
23.77	0.00417
23.78	0.00533
23.79	0.00574
23.8	0.00626
23.81	0.00975
23.82	0.01862
23.83	0.03269
23.84	0.04871
23.85	0.06305
23.86	0.07381
23.87	0.08117
23.88	0.08654
23.89	0.09093
23.9	0.09363
23.91	0.09374
23.92	0.09117
23.93	0.08653
23.94	0.08077
23.95	0.07420
23.96	0.06652
23.97	0.05750
23.98	0.04730
23.99	0.03631
24	0.02497
24.01	0.01364
24.02	0.00248
24.03	-0.00857
24.04	-0.01956
24.05	-0.03059
24.06	-0.04128
24.07	-0.04960
24.08	-0.05355
24.09	-0.05284
24.1	-0.04868
24.11	-0.04290
24.12	-0.03741
24.13	-0.03353
24.14	-0.03146
24.15	-0.03066
24.16	-0.03034
24.17	-0.02988
24.18	-0.02904
24.19	-0.02793
24.2	-0.02672
24.21	-0.02561
24.22	-0.02480
24.23	-0.02480
24.24	-0.02597
24.25	-0.02830
24.26	-0.03140
24.27	-0.03483
24.28	-0.03827
24.29	-0.04180
24.3	-0.04599
24.31	-0.05126
24.32	-0.05758
24.33	-0.06454
24.34	-0.07043
24.35	-0.07289
24.36	-0.07088
24.37	-0.06508
24.38	-0.05710
24.39	-0.04856
24.4	-0.03993
24.41	-0.02972
24.42	-0.01636
24.43	0.00048
24.44	0.01970
24.45	0.03733
24.46	0.04898
24.47	0.05310
24.48	0.05112
24.49	0.04595
24.5	0.04031
24.51	0.03569
24.52	0.03234
24.53	0.02968
24.54	0.02702
24.55	0.02390
24.56	0.02032
24.57	0.01646
24.58	0.01261
24.59	0.00894
24.6	0.00616
24.61	0.00576
24.62	0.00858
24.63	0.01426
24.64	0.02151
24.65	0.02814
24.66	0.03239
24.67	0.03383
24.68	0.03319
24.69	0.03164
24.7	0.03029
24.71	0.03036
24.72	0.03269
24.73	0.03719
24.74	0.04306
24.75	0.04745
24.76	0.04513
24.77	0.03324
24.78	0.01391
24.79	-0.00589
24.8	-0.02011
24.81	-0.02669
24.82	-0.02719
24.83	-0.02483
24.84	-0.02251
24.85	-0.02169
24.86	-0.02238
24.87	-0.02378
24.88	-0.02422
24.89	-0.02090
24.9	-0.01236
24.91	0.00003
24.92	0.01199
24.93	0.01998
24.94	0.02299
24.95	0.02219
24.96	0.01968
24.97	0.01701
24.98	0.01451
24.99	0.01186
25	0.00869
25.01	0.00483
25.02	0.00043
25.03	-0.00421
25.04	-0.00882
25.05	-0.01325
25.06	-0.01718
25.07	-0.01741
25.08	-0.00997
25.09	0.00625
25.1	0.02927
25.11	0.05285
25.12	0.06712
25.13	0.06645
25.14	0.05184
25.15	0.02951
25.16	0.00664
25.17	-0.01234
25.18	-0.02664
25.19	-0.03794
25.2	-0.04858
25.21	-0.06021
25.22	-0.07324
25.23	-0.08542
25.24	-0.09074
25.25	-0.08528
25.26	-0.06949
25.27	-0.04692
25.28	-0.02223
25.29	0.00032
25.3	0.01884
25.31	0.03377
25.32	0.04676
25.33	0.05733
25.34	0.06137
25.35	0.05606
25.36	0.04184
25.37	0.02165
25.38	-0.00095
25.39	-0.02186
25.4	-0.03585
25.41	-0.04039
25.42	-0.03672
25.43	-0.02822
25.44	-0.01836
25.45	-0.00939
25.46	-0.00240
25.47	0.00241
25.48	0.00563
25.49	0.00842
25.5	0.01344
25.51	0.02233
25.52	0.03272
25.53	0.04117
25.54	0.04574
25.55	0.04651
25.56	0.04494
25.57	0.04327
25.58	0.04451
25.59	0.05038
25.6	0.06054
25.61	0.07337
25.62	0.08684
25.63	0.09759
25.64	0.10218
25.65	0.09976
25.66	0.09194
25.67	0.08141
25.68	0.07055
25.69	0.06072
25.7	0.05375
25.71	0.05189
25.72	0.05575
25.73	0.06413
25.74	0.07501
25.75	0.08651
25.76	0.09756
25.77	0.10794
25.78	0.11768
25.79	0.12485
25.8	0.12674
25.81	0.12253
25.82	0.11348
25.83	0.10183
25.84	0.08966
25.85	0.07868
25.86	0.07076
25.87	0.06673
25.88	0.06558
25.89	0.06330
25.9	0.05560
25.91	0.04102
25.92	0.02136
25.93	0.00159
25.94	-0.01358
25.95	-0.02247
25.96	-0.02624
25.97	-0.02642
25.98	-0.02297
25.99	-0.01574
26	-0.00526
26.01	0.00745
26.02	0.02107
26.03	0.03433
26.04	0.04655
26.05	0.05774
26.06	0.06832
26.07	0.07874
26.08	0.08784
26.09	0.09139
26.1	0.08653
26.11	0.07360
26.12	0.05529
26.13	0.03486
26.14	0.01473
26.15	-0.00407
26.16	-0.02176
26.17	-0.03908
26.18	-0.05669
26.19	-0.07489
26.2	-0.09357
26.21	-0.11247
26.22	-0.13034
26.23	-0.14228
26.24	-0.14375
26.25	-0.13418
26.26	-0.11651
26.27	-0.09430
26.28	-0.07027
26.29	-0.04789
26.3	-0.03218
26.31	-0.02566
26.32	-0.02728
26.33	-0.03351
26.34	-0.03857
26.35	-0.03765
26.36	-0.02948
26.37	-0.01585
26.38	0.00019
26.39	0.01536
26.4	0.02563
26.41	0.02868
26.42	0.02510
26.43	0.01755
26.44	0.00945
26.45	0.00317
26.46	-0.00070
26.47	-0.00286
26.48	-0.00447
26.49	-0.00723
26.5	-0.01565
26.51	-0.03088
26.52	-0.04959
26.53	-0.06791
26.54	-0.08346
26.55	-0.09593
26.56	-0.10643
26.57	-0.11641
26.58	-0.12690
26.59	-0.13618
26.6	-0.13746
26.61	-0.12542
26.62	-0.10000
26.63	-0.06547
26.64	-0.02834
26.65	0.00608
26.66	0.03580
26.67	0.06168
26.68	0.08428
26.69	0.09781
26.7	0.09581
26.71	0.07712
26.72	0.04579
26.73	0.00825
26.74	-0.02989
26.75	-0.06546
26.76	-0.09491
26.77	-0.11332
26.78	-0.11902
26.79	-0.11435
26.8	-0.10378
26.81	-0.09150
26.82	-0.08009
26.83	-0.07024
26.84	-0.06137
26.85	-0.05257
26.86	-0.04318
26.87	-0.03196
26.88	-0.01657
26.89	0.00413
26.9	0.02944
26.91	0.05644
26.92	0.07805
26.93	0.08803
26.94	0.08528
26.95	0.07313
26.96	0.05665
26.97	0.04003
26.98	0.02534
26.99	0.01274
27	0.00349
27.01	-0.00032
27.02	0.00193
27.03	0.00904
27.04	0.01890
27.05	0.02927
27.06	0.03715
27.07	0.04034
27.08	0.03865
27.09	0.03356
27.1	0.02725
27.11	0.02156
27.12	0.01728
27.13	0.01397
27.14	0.00878
27.15	-0.00167
27.16	-0.01845
27.17	-0.04030
27.18	-0.06451
27.19	-0.08568
27.2	-0.09864
27.21	-0.10209
27.22	-0.09828
27.23	-0.09099
27.24	-0.08296
27.25	-0.07337
27.26	-0.05994
27.27	-0.04157
27.28	-0.01889
27.29	0.00635
27.3	0.03193
27.31	0.05270
27.32	0.06277
27.33	0.06037
27.34	0.04812
27.35	0.03070
27.36	0.01234
27.37	-0.00436
27.38	-0.01606
27.39	-0.01949
27.4	-0.01423
27.41	-0.00255
27.42	0.01103
27.43	0.02174
27.44	0.02722
27.45	0.02795
27.46	0.02599
27.47	0.02353
27.48	0.02188
27.49	0.02131
27.5	0.02125
27.51	0.01922
27.52	0.01224
27.53	-0.00069
27.54	-0.01724
27.55	-0.02969
27.56	-0.03067
27.57	-0.01826
27.58	0.00442
27.59	0.03020
27.6	0.04908
27.61	0.05516
27.62	0.04892
27.63	0.03533
27.64	0.02060
27.65	0.00888
27.66	0.00116
27.67	-0.00430
27.68	-0.01040
27.69	-0.01907
27.7	-0.03056
27.71	-0.04389
27.72	-0.05772
27.73	-0.07033
27.74	-0.07849
27.75	-0.07990
27.76	-0.07485
27.77	-0.06546
27.78	-0.05450
27.79	-0.04628
27.8	-0.04548
27.81	-0.05367
27.82	-0.06908
27.83	-0.08831
27.84	-0.10660
27.85	-0.11730
27.86	-0.11702
27.87	-0.10696
27.88	-0.09227
27.89	-0.07914
27.9	-0.07117
27.91	-0.06856
27.92	-0.06926
27.93	-0.07075
27.94	-0.06893
27.95	-0.05533
27.96	-0.02488
27.97	0.01744
27.98	0.06042
27.99	0.09545
28	0.11996
28.01	0.13442
28.02	0.13660
28.03	0.12611
28.04	0.10839
28.05	0.09078
28.06	0.07802
28.07	0.07102
28.08	0.06797
28.09	0.06618
28.1	0.06319
28.11	0.05747
28.12	0.04961
28.13	0.04280
28.14	0.04013
28.15	0.04252
28.16	0.04883
28.17	0.05704
28.18	0.06532
28.19	0.07199
28.2	0.07407
28.21	0.06953
28.22	0.05852
28.23	0.04234
28.24	0.02297
28.25	0.00265
28.26	-0.01356
28.27	-0.01978
28.28	-0.01459
28.29	-0.00213
28.3	0.01168
28.31	0.02268
28.32	0.02964
28.33	0.03364
28.34	0.03664
28.35	0.03995
28.36	0.04261
28.37	0.04266
28.38	0.03992
28.39	0.03780
28.4	0.04010
28.41	0.04836
28.42	0.06161
28.43	0.07695
28.44	0.08821
28.45	0.08981
28.46	0.08119
28.47	0.06593
28.48	0.04759
28.49	0.02745
28.5	0.00733
28.51	-0.00781
28.52	-0.01451
28.53	-0.01283
28.54	-0.00541
28.55	0.00439
28.56	0.01402
28.57	0.02238
28.58	0.02707
28.59	0.02138
28.6	0.00335
28.61	-0.01958
28.62	-0.03859
28.63	-0.04901
28.64	-0.05102
28.65	-0.04799
28.66	-0.04382
28.67	-0.04181
28.68	-0.04435
28.69	-0.05178
28.7	-0.06265
28.71	-0.07451
28.72	-0.08362
28.73	-0.08717
28.74	-0.08496
28.75	-0.07872
28.76	-0.07080
28.77	-0.06253
28.78	-0.05407
28.79	-0.04521
28.8	-0.03667
28.81	-0.03033
28.82	-0.02693
28.83	-0.02497
28.84	-0.02246
28.85	-0.01821
28.86	-0.01212
28.87	-0.00531
28.88	0.00012
28.89	0.00273
28.9	0.00248
28.91	0.00047
28.92	-0.00024
28.93	0.00426
28.94	0.01483
28.95	0.02784
28.96	0.03883
28.97	0.04536
28.98	0.04757
28.99	0.04716
29	0.04618
29.01	0.04592
29.02	0.04672
29.03	0.04820
29.04	0.04939
29.05	0.04904
29.06	0.04656
29.07	0.04253
29.08	0.03903
29.09	0.03792
29.1	0.03972
29.11	0.04378
29.12	0.04889
29.13	0.05388
29.14	0.05607
29.15	0.05128
29.16	0.03769
29.17	0.01674
29.18	-0.00711
29.19	-0.02876
29.2	-0.04580
29.21	-0.05927
29.22	-0.07153
29.23	-0.08298
29.24	-0.09227
29.25	-0.09842
29.26	-0.10149
29.27	-0.10246
29.28	-0.10253
29.29	-0.10274
29.3	-0.10383
29.31	-0.10616
29.32	-0.10951
29.33	-0.11345
29.34	-0.11752
29.35	-0.12150
29.36	-0.12516
29.37	-0.12631
29.38	-0.12130
29.39	-0.10859
29.4	-0.08812
29.41	-0.05911
29.42	-0.02205
29.43	0.02041
29.44	0.06004
29.45	0.08776
29.46	0.10034
29.47	0.10057
29.48	0.09426
29.49	0.08684
29.5	0.08141
29.51	0.07848
29.52	0.07678
29.53	0.07292
29.54	0.06278
29.55	0.04487
29.56	0.02062
29.57	-0.00669
29.58	-0.03051
29.59	-0.04391
29.6	-0.04471
29.61	-0.03614
29.62	-0.02453
29.63	-0.01512
29.64	-0.01010
29.65	-0.00878
29.66	-0.00914
29.67	-0.00916
29.68	-0.00746
29.69	-0.00356
29.7	0.00201
29.71	0.00821
29.72	0.01253
29.73	0.01247
29.74	0.00746
29.75	-0.00138
29.76	-0.01255
29.77	-0.02490
29.78	-0.03726
29.79	-0.04701
29.8	-0.05189
29.81	-0.05161
29.82	-0.04756
29.83	-0.04175
29.84	-0.03581
29.85	-0.03054
29.86	-0.02594
29.87	-0.02105
29.88	-0.01414
29.89	-0.00428
29.9	0.00739
29.91	0.01781
29.92	0.02465
29.93	0.02750
29.94	0.02749
29.95	0.02633
29.96	0.02536
29.97	0.02520
29.98	0.02575
29.99	0.02660
30	0.02738
30.01	0.02789
30.02	0.02819
30.03	0.02840
30.04	0.02708
30.05	0.01901
30.06	0.00065
30.07	-0.02411
30.08	-0.04736
30.09	-0.06354
30.1	-0.07155
30.11	-0.07358
30.12	-0.07205
30.13	-0.06856
30.14	-0.06400
30.15	-0.05678
30.16	-0.04131
30.17	-0.01481
30.18	0.01682
30.19	0.04412
30.2	0.06003
30.21	0.06000
30.22	0.04545
30.23	0.02306
30.24	-0.00014
30.25	-0.01978
30.26	-0.03254
30.27	-0.03630
30.28	-0.03183
30.29	-0.02195
30.3	-0.01031
30.31	-0.00115
30.32	0.00299
30.33	0.00212
30.34	-0.00199
30.35	-0.00717
30.36	-0.01193
30.37	-0.01578
30.38	-0.01892
30.39	-0.02189
30.4	-0.02446
30.41	-0.02485
30.42	-0.02173
30.43	-0.01511
30.44	-0.00608
30.45	0.00396
30.46	0.01393
30.47	0.02314
30.48	0.02959
30.49	0.03106
30.5	0.02711
30.51	0.01903
30.52	0.00884
30.53	-0.00168
30.54	-0.01160
30.55	-0.02057
30.56	-0.02663
30.57	-0.02737
30.58	-0.02219
30.59	-0.01252
30.6	-0.00264
30.61	0.00057
30.62	-0.00684
30.63	-0.02403
30.64	-0.04591
30.65	-0.06649
30.66	-0.08240
30.67	-0.09346
30.68	-0.10161
30.69	-0.10903
30.7	-0.11479
30.71	-0.11462
30.72	-0.10557
30.73	-0.08610
30.74	-0.05531
30.75	-0.01534
30.76	0.02323
30.77	0.04658
30.78	0.04849
30.79	0.03245
30.8	0.00914
30.81	-0.01100
30.82	-0.02276
30.83	-0.02669
30.84	-0.02744
30.85	-0.03086
30.86	-0.04019
30.87	-0.05455
30.88	-0.06717
30.89	-0.07056
30.9	-0.06197
30.91	-0.04365
30.92	-0.02086
30.93	0.00124
30.94	0.02007
30.95	0.03569
30.96	0.04966
30.97	0.06369
30.98	0.07873
30.99	0.09464
31	0.10754
31.01	0.11047
31.02	0.09982
31.03	0.07821
31.04	0.05387
31.05	0.03444
31.06	0.02314
31.07	0.01878
31.08	0.01805
31.09	0.01947
31.1	0.02478
31.11	0.03564
31.12	0.05206
31.13	0.07238
31.14	0.09341
31.15	0.11205
31.16	0.12703
31.17	0.13888
31.18	0.14913
31.19	0.15886
31.2	0.16507
31.21	0.16312
31.22	0.15135
31.23	0.13153
31.24	0.10833
31.25	0.08778
31.26	0.07341
31.27	0.06527
31.28	0.06105
31.29	0.05795
31.3	0.05407
31.31	0.04822
31.32	0.03383
31.33	0.00247
31.34	-0.04192
31.35	-0.08683
31.36	-0.12232
31.37	-0.14458
31.38	-0.15212
31.39	-0.14563
31.4	-0.12882
31.41	-0.10650
31.42	-0.08290
31.43	-0.06098
31.44	-0.04168
31.45	-0.02444
31.46	-0.00805
31.47	0.00832
31.48	0.02275
31.49	0.03066
31.5	0.02947
31.51	0.01997
31.52	0.00559
31.53	-0.00893
31.54	-0.01998
31.55	-0.02570
31.56	-0.02618
31.57	-0.02310
31.58	-0.01856
31.59	-0.01410
31.6	-0.01078
31.61	-0.00905
31.62	-0.00869
31.63	-0.00913
31.64	-0.00980
31.65	-0.01039
31.66	-0.01080
31.67	-0.01112
31.68	-0.01148
31.69	-0.01195
31.7	-0.01293
31.71	-0.01496
31.72	-0.01823
31.73	-0.02237
31.74	-0.02438
31.75	-0.01885
31.76	-0.00298
31.77	0.02166
31.78	0.05023
31.79	0.07790
31.8	0.10192
31.81	0.11894
31.82	0.12499
31.83	0.11940
31.84	0.10501
31.85	0.08649
31.86	0.06813
31.87	0.05264
31.88	0.04065
31.89	0.03113
31.9	0.02267
31.91	0.01550
31.92	0.01117
31.93	0.01055
31.94	0.01328
31.95	0.01741
31.96	0.01951
31.97	0.01730
31.98	0.01070
31.99	0.00141
32	-0.00844
32.01	-0.01746
32.02	-0.02525
32.03	-0.03217
32.04	-0.03884
32.05	-0.04577
32.06	-0.05243
32.07	-0.05614
32.08	-0.05458
32.09	-0.04744
32.1	-0.03626
32.11	-0.02322
32.12	-0.01025
32.13	0.00162
32.14	0.01229
32.15	0.02227
32.16	0.03218
32.17	0.04147
32.18	0.04729
32.19	0.04726
32.2	0.04133
32.21	0.03124
32.22	0.01949
32.23	0.00932
32.24	0.00354
32.25	0.00282
32.26	0.00589
32.27	0.01076
32.28	0.01572
32.29	0.01996
32.3	0.02309
32.31	0.02441
32.32	0.02365
32.33	0.02117
32.34	0.01769
32.35	0.01462
32.36	0.01355
32.37	0.01517
32.38	0.01904
32.39	0.02418
32.4	0.03002
32.41	0.03688
32.42	0.04514
32.43	0.05423
32.44	0.06154
32.45	0.06463
32.46	0.06296
32.47	0.05770
32.48	0.05072
32.49	0.04383
32.5	0.03880
32.51	0.03658
32.52	0.03691
32.53	0.03880
32.54	0.04118
32.55	0.04238
32.56	0.03779
32.57	0.02454
32.58	0.00442
32.59	-0.01874
32.6	-0.04154
32.61	-0.06219
32.62	-0.07886
32.63	-0.08821
32.64	-0.08884
32.65	-0.08213
32.66	-0.07086
32.67	-0.05682
32.68	-0.04067
32.69	-0.02273
32.7	-0.00346
32.71	0.01515
32.72	0.02961
32.73	0.03805
32.74	0.04099
32.75	0.04049
32.76	0.03885
32.77	0.03767
32.78	0.03744
32.79	0.03794
32.8	0.03861
32.81	0.03902
32.82	0.03844
32.83	0.03407
32.84	0.02339
32.85	0.00616
32.86	-0.01585
32.87	-0.03898
32.88	-0.05795
32.89	-0.06969
32.9	-0.07449
32.91	-0.07493
32.92	-0.07401
32.93	-0.07375
32.94	-0.07484
32.95	-0.07713
32.96	-0.08024
32.97	-0.08379
32.98	-0.08753
32.99	-0.09132
33	-0.09500
33.01	-0.09601
33.02	-0.09031
33.03	-0.07681
33.04	-0.05785
33.05	-0.03688
33.06	-0.01659
33.07	0.00190
33.08	0.01860
33.09	0.03359
33.1	0.04701
33.11	0.05920
33.12	0.06971
33.13	0.07590
33.14	0.07578
33.15	0.06959
33.16	0.05927
33.17	0.04786
33.18	0.03927
33.19	0.03580
33.2	0.03730
33.21	0.04193
33.22	0.04741
33.23	0.05027
33.24	0.04675
33.25	0.03568
33.26	0.01861
33.27	-0.00051
33.28	-0.01555
33.29	-0.02242
33.3	-0.02102
33.31	-0.01414
33.32	-0.00542
33.33	0.00152
33.34	0.00458
33.35	0.00383
33.36	0.00072
33.37	-0.00269
33.38	-0.00298
33.39	0.00253
33.4	0.01251
33.41	0.02292
33.42	0.03047
33.43	0.03404
33.44	0.03417
33.45	0.03111
33.46	0.02494
33.47	0.01554
33.48	0.00188
33.49	-0.01639
33.5	-0.03841
33.51	-0.06240
33.52	-0.08366
33.53	-0.09602
33.54	-0.09692
33.55	-0.08815
33.56	-0.07349
33.57	-0.05571
33.58	-0.03669
33.59	-0.02059
33.6	-0.01193
33.61	-0.01199
33.62	-0.01895
33.63	-0.02953
33.64	-0.04074
33.65	-0.05093
33.66	-0.05909
33.67	-0.06358
33.68	-0.06374
33.69	-0.06023
33.7	-0.05450
33.71	-0.04802
33.72	-0.04172
33.73	-0.03592
33.74	-0.03055
33.75	-0.02608
33.76	-0.02326
33.77	-0.02228
33.78	-0.02277
33.79	-0.02408
33.8	-0.02557
33.81	-0.02577
33.82	-0.02134
33.83	-0.01031
33.84	0.00678
33.85	0.02610
33.86	0.04141
33.87	0.04880
33.88	0.04828
33.89	0.04261
33.9	0.03521
33.91	0.02852
33.92	0.02342
33.93	0.01953
33.94	0.01601
33.95	0.01217
33.96	0.00813
33.97	0.00489
33.98	0.00324
33.99	0.00330
34	0.00460
34.01	0.00644
34.02	0.00826
34.03	0.00981
34.04	0.01111
34.05	0.01232
34.06	0.01365
34.07	0.01543
34.08	0.01790
34.09	0.02109
34.1	0.02475
34.11	0.02823
34.12	0.03056
34.13	0.03127
34.14	0.03095
34.15	0.03283
34.16	0.04037
34.17	0.05454
34.18	0.07212
34.19	0.08639
34.2	0.09266
34.21	0.09040
34.22	0.08224
34.23	0.07185
34.24	0.06200
34.25	0.05384
34.26	0.04721
34.27	0.04240
34.28	0.04013
34.29	0.04049
34.3	0.04290
34.31	0.04650
34.32	0.05045
34.33	0.05427
34.34	0.05769
34.35	0.05978
34.36	0.05941
34.37	0.05635
34.38	0.05120
34.39	0.04497
34.4	0.03855
34.41	0.03243
34.42	0.02668
34.43	0.02113
34.44	0.01558
34.45	0.00988
34.46	0.00412
34.47	-0.00062
34.48	-0.00257
34.49	-0.00094
34.5	0.00373
34.51	0.01017
34.52	0.01706
34.53	0.02315
34.54	0.02737
34.55	0.02950
34.56	0.03004
34.57	0.02981
34.58	0.02948
34.59	0.02923
34.6	0.02784
34.61	0.02382
34.62	0.01674
34.63	0.00720
34.64	-0.00363
34.65	-0.01467
34.66	-0.02533
34.67	-0.03551
34.68	-0.04544
34.69	-0.05539
34.7	-0.06538
34.71	-0.07384
34.72	-0.07844
34.73	-0.07828
34.74	-0.07414
34.75	-0.06778
34.76	-0.06093
34.77	-0.05486
34.78	-0.05006
34.79	-0.04631
34.8	-0.04306
34.81	-0.03982
34.82	-0.03636
34.83	-0.03270
34.84	-0.02897
34.85	-0.02533
34.86	-0.02186
34.87	-0.01893
34.88	-0.01704
34.89	-0.01639
34.9	-0.01665
34.91	-0.01675
34.92	-0.01567
34.93	-0.01307
34.94	-0.00928
34.95	-0.00492
34.96	-0.00059
34.97	0.00334
34.98	0.00647
34.99	0.00865
35	0.01002
35.01	0.01087
35.02	0.01152
35.03	0.01214
35.04	0.01279
35.05	0.01348
35.06	0.01471
35.07	0.01708
35.08	0.02080
35.09	0.02557
35.1	0.03087
35.11	0.03623
35.12	0.04176
35.13	0.04824
35.14	0.05624
35.15	0.06575
35.16	0.07627
35.17	0.08716
35.18	0.09789
35.19	0.10719
35.2	0.11300
35.21	0.11444
35.22	0.11213
35.23	0.10763
35.24	0.10238
35.25	0.09612
35.26	0.08736
35.27	0.07529
35.28	0.06021
35.29	0.04325
35.3	0.02561
35.31	0.00811
35.32	-0.00889
35.33	-0.02401
35.34	-0.03408
35.35	-0.03736
35.36	-0.03448
35.37	-0.02767
35.38	-0.01939
35.39	-0.01135
35.4	-0.00415
35.41	0.00244
35.42	0.00893
35.43	0.01532
35.44	0.02101
35.45	0.02545
35.46	0.02759
35.47	0.02650
35.48	0.02227
35.49	0.01506
35.5	0.00285
35.51	-0.01617
35.52	-0.04169
35.53	-0.07017
35.54	-0.09410
35.55	-0.10781
35.56	-0.11058
35.57	-0.10553
35.58	-0.09715
35.59	-0.08891
35.6	-0.08240
35.61	-0.07743
35.62	-0.07295
35.63	-0.06756
35.64	-0.05948
35.65	-0.04795
35.66	-0.03392
35.67	-0.02109
35.68	-0.01333
35.69	-0.01199
35.7	-0.01576
35.71	-0.02215
35.72	-0.02884
35.73	-0.03456
35.74	-0.03920
35.75	-0.04326
35.76	-0.04739
35.77	-0.05154
35.78	-0.05368
35.79	-0.05163
35.8	-0.04494
35.81	-0.03471
35.82	-0.02279
35.83	-0.01080
35.84	0.00040
35.85	0.01049
35.86	0.01796
35.87	0.02089
35.88	0.01883
35.89	0.01283
35.9	0.00467
35.91	-0.00412
35.92	-0.01267
35.93	-0.02083
35.94	-0.02885
35.95	-0.03604
35.96	-0.03887
35.97	-0.03468
35.98	-0.02346
35.99	-0.00745
36	0.01013
36.01	0.02488
36.02	0.03344
36.03	0.03539
36.04	0.03257
36.05	0.02763
36.06	0.02260
36.07	0.01839
36.08	0.01489
36.09	0.01151
36.1	0.00772
36.11	0.00329
36.12	-0.00167
36.13	-0.00700
36.14	-0.01285
36.15	-0.01951
36.16	-0.02708
36.17	-0.03527
36.18	-0.04212
36.19	-0.04500
36.2	-0.04289
36.21	-0.03669
36.22	-0.02834
36.23	-0.01964
36.24	-0.01163
36.25	-0.00445
36.26	0.00221
36.27	0.00770
36.28	0.01055
36.29	0.01003
36.3	0.00656
36.31	0.00137
36.32	-0.00432
36.33	-0.01020
36.34	-0.01726
36.35	-0.02638
36.36	-0.03759
36.37	-0.05022
36.38	-0.06334
36.39	-0.07488
36.4	-0.08060
36.41	-0.07802
36.42	-0.06831
36.43	-0.05593
36.44	-0.04523
36.45	-0.03830
36.46	-0.03478
36.47	-0.03294
36.48	-0.03156
36.49	-0.03163
36.5	-0.03472
36.51	-0.04136
36.52	-0.05064
36.53	-0.06049
36.54	-0.06905
36.55	-0.07556
36.56	-0.08029
36.57	-0.08404
36.58	-0.08757
36.59	-0.09072
36.6	-0.09157
36.61	-0.08850
36.62	-0.08135
36.63	-0.07125
36.64	-0.05997
36.65	-0.05003
36.66	-0.04343
36.67	-0.04045
36.68	-0.04003
36.69	-0.04070
36.7	-0.04125
36.71	-0.04114
36.72	-0.03971
36.73	-0.03560
36.74	-0.02814
36.75	-0.01781
36.76	-0.00574
36.77	0.00689
36.78	0.01926
36.79	0.03110
36.8	0.04251
36.81	0.05368
36.82	0.06349
36.83	0.06899
36.84	0.06839
36.85	0.06212
36.86	0.05213
36.87	0.04082
36.88	0.03121
36.89	0.02563
36.9	0.02439
36.91	0.02617
36.92	0.02914
36.93	0.03160
36.94	0.03219
36.95	0.03053
36.96	0.02709
36.97	0.02273
36.98	0.01823
36.99	0.01462
37	0.01272
37.01	0.01261
37.02	0.01371
37.03	0.01507
37.04	0.01562
37.05	0.01483
37.06	0.01280
37.07	0.01007
37.08	0.00752
37.09	0.00578
37.1	0.00500
37.11	0.00486
37.12	0.00477
37.13	0.00358
37.14	0.00035
37.15	-0.00498
37.16	-0.01182
37.17	-0.01954
37.18	-0.02785
37.19	-0.03659
37.2	-0.04549
37.21	-0.05204
37.22	-0.05277
37.23	-0.04639
37.24	-0.03409
37.25	-0.01847
37.26	-0.00274
37.27	0.00815
37.28	0.01052
37.29	0.00435
37.3	-0.00770
37.31	-0.02210
37.32	-0.03643
37.33	-0.04990
37.34	-0.06161
37.35	-0.06651
37.36	-0.05954
37.37	-0.04028
37.38	-0.01404
37.39	0.01202
37.4	0.03337
37.41	0.04916
37.42	0.06122
37.43	0.07197
37.44	0.08043
37.45	0.08312
37.46	0.07817
37.47	0.06637
37.48	0.05023
37.49	0.03182
37.5	0.01215
37.51	-0.00840
37.52	-0.02932
37.53	-0.04861
37.54	-0.06399
37.55	-0.07479
37.56	-0.08195
37.57	-0.08716
37.58	-0.09105
37.59	-0.09150
37.6	-0.08642
37.61	-0.07574
37.62	-0.06219
37.63	-0.04965
37.64	-0.04058
37.65	-0.03524
37.66	-0.03235
37.67	-0.03029
37.68	-0.02838
37.69	-0.02695
37.7	-0.02651
37.71	-0.02723
37.72	-0.02889
37.73	-0.03069
37.74	-0.03153
37.75	-0.03079
37.76	-0.02862
37.77	-0.02560
37.78	-0.02237
37.79	-0.01936
37.8	-0.01670
37.81	-0.01429
37.82	-0.01200
37.83	-0.00997
37.84	-0.00882
37.85	-0.00897
37.86	-0.01037
37.87	-0.01262
37.88	-0.01524
37.89	-0.01774
37.9	-0.01814
37.91	-0.01346
37.92	-0.00264
37.93	0.01279
37.94	0.03011
37.95	0.04705
37.96	0.06255
37.97	0.07511
37.98	0.08081
37.99	0.07744
38	0.06584
38.01	0.04896
38.02	0.03009
38.03	0.01153
38.04	-0.00581
38.05	-0.02063
38.06	-0.03010
38.07	-0.03274
38.08	-0.02941
38.09	-0.02237
38.1	-0.01301
38.11	0.00178
38.12	0.02335
38.13	0.04807
38.14	0.07151
38.15	0.09107
38.16	0.10661
38.17	0.11921
38.18	0.12723
38.19	0.12696
38.2	0.11702
38.21	0.09904
38.22	0.07639
38.23	0.05371
38.24	0.03696
38.25	0.02925
38.26	0.02971
38.27	0.03510
38.28	0.04190
38.29	0.04786
38.3	0.05231
38.31	0.05588
38.32	0.05981
38.33	0.06492
38.34	0.07129
38.35	0.07850
38.36	0.08595
38.37	0.09323
38.38	0.10022
38.39	0.10698
38.4	0.11279
38.41	0.11563
38.42	0.11434
38.43	0.10925
38.44	0.10175
38.45	0.09312
38.46	0.08267
38.47	0.06882
38.48	0.05134
38.49	0.03286
38.5	0.01688
38.51	0.00525
38.52	-0.00230
38.53	-0.00736
38.54	-0.01150
38.55	-0.01364
38.56	-0.01134
38.57	-0.00350
38.58	0.00907
38.59	0.02445
38.6	0.03968
38.61	0.05062
38.62	0.05504
38.63	0.05354
38.64	0.04844
38.65	0.04230
38.66	0.03679
38.67	0.03245
38.68	0.02892
38.69	0.02544
38.7	0.02139
38.71	0.01660
38.72	0.01130
38.73	0.00672
38.74	0.00514
38.75	0.00779
38.76	0.01430
38.77	0.02321
38.78	0.03292
38.79	0.04202
38.8	0.04678
38.81	0.04339
38.82	0.03234
38.83	0.01722
38.84	0.00184
38.85	-0.01156
38.86	-0.02265
38.87	-0.03239
38.88	-0.04199
38.89	-0.05225
38.9	-0.06330
38.91	-0.07441
38.92	-0.08239
38.93	-0.08392
38.94	-0.07834
38.95	-0.06794
38.96	-0.05644
38.97	-0.04664
38.98	-0.03949
38.99	-0.03443
39	-0.03021
39.01	-0.02563
39.02	-0.01845
39.03	-0.00662
39.04	0.00894
39.05	0.02348
39.06	0.03290
39.07	0.03597
39.08	0.03415
39.09	0.03001
39.1	0.02581
39.11	0.02268
39.12	0.02063
39.13	0.01876
39.14	0.01333
39.15	0.00015
39.16	-0.02096
39.17	-0.04386
39.18	-0.06117
39.19	-0.06938
39.2	-0.06940
39.21	-0.06477
39.22	-0.05925
39.23	-0.05513
39.24	-0.05297
39.25	-0.05201
39.26	-0.05125
39.27	-0.04997
39.28	-0.04803
39.29	-0.04568
39.3	-0.04280
39.31	-0.03876
39.32	-0.03314
39.33	-0.02633
39.34	-0.01984
39.35	-0.01508
39.36	-0.01255
39.37	-0.01178
39.38	-0.01191
39.39	-0.01213
39.4	-0.01202
39.41	-0.01154
39.42	-0.01085
39.43	-0.01019
39.44	-0.00967
39.45	-0.00930
39.46	-0.00899
39.47	-0.00868
39.48	-0.00830
39.49	-0.00784
39.5	-0.00738
39.51	-0.00749
39.52	-0.00926
39.53	-0.01324
39.54	-0.01916
39.55	-0.02623
39.56	-0.03363
39.57	-0.04098
39.58	-0.04881
39.59	-0.05789
39.6	-0.06837
39.61	-0.07829
39.62	-0.08470
39.63	-0.08616
39.64	-0.08323
39.65	-0.07770
39.66	-0.07142
39.67	-0.06557
39.68	-0.06053
39.69	-0.05598
39.7	-0.05142
39.71	-0.04583
39.72	-0.03803
39.73	-0.02763
39.74	-0.01517
39.75	-0.00158
39.76	0.01224
39.77	0.02466
39.78	0.03299
39.79	0.03588
39.8	0.03402
39.81	0.02929
39.82	0.02369
39.83	0.01813
39.84	0.01107
39.85	0.00058
39.86	-0.01220
39.87	-0.02381
39.88	-0.03165
39.89	-0.03520
39.9	-0.03560
39.91	-0.03451
39.92	-0.03200
39.93	-0.02673
39.94	-0.01786
39.95	-0.00487
39.96	0.01238
39.97	0.03210
39.98	0.05032
39.99	0.06416
40	0.07317
40.01	0.07875
40.02	0.08295
40.03	0.08739
40.04	0.09275
40.05	0.09890
40.06	0.10535
40.07	0.11138
40.08	0.11381
40.09	0.10853
40.1	0.09440
40.11	0.07544
40.12	0.05811
40.13	0.04666
40.14	0.04166
40.15	0.04101
40.16	0.04182
40.17	0.04192
40.18	0.04051
40.19	0.03792
40.2	0.03494
40.21	0.03221
40.22	0.02999
40.23	0.02814
40.24	0.02636
40.25	0.02443
40.26	0.02222
40.27	0.01980
40.28	0.01726
40.29	0.01470
40.3	0.01218
40.31	0.01001
40.32	0.00856
40.33	0.00792
40.34	0.00788
40.35	0.00813
40.36	0.00835
40.37	0.00799
40.38	0.00566
40.39	0.00041
40.4	-0.00765
40.41	-0.01760
40.42	-0.02835
40.43	-0.03898
40.44	-0.04804
40.45	-0.05423
40.46	-0.05740
40.47	-0.05838
40.48	-0.05836
40.49	-0.05831
40.5	-0.05873
40.51	-0.05961
40.52	-0.06073
40.53	-0.06185
40.54	-0.06285
40.55	-0.06374
40.56	-0.06452
40.57	-0.06433
40.58	-0.06162
40.59	-0.05572
40.6	-0.04707
40.61	-0.03722
40.62	-0.02856
40.63	-0.02261
40.64	-0.01943
40.65	-0.01811
40.66	-0.01743
40.67	-0.01652
40.68	-0.01506
40.69	-0.01318
40.7	-0.01118
40.71	-0.00932
40.72	-0.00767
40.73	-0.00618
40.74	-0.00473
40.75	-0.00324
40.76	-0.00163
40.77	0.00014
40.78	0.00206
40.79	0.00412
40.8	0.00626
40.81	0.00844
40.82	0.01023
40.83	0.01048
40.84	0.00842
40.85	0.00423
40.86	-0.00136
40.87	-0.00744
40.88	-0.01305
40.89	-0.01698
40.9	-0.01868
40.91	-0.01846
40.92	-0.01709
40.93	-0.01537
40.94	-0.01380
40.95	-0.01249
40.96	-0.01134
40.97	-0.01023
40.98	-0.00977
40.99	-0.01084
41	-0.01374
41.01	-0.01814
41.02	-0.02335
41.03	-0.02867
41.04	-0.03373
41.05	-0.03844
41.06	-0.04289
41.07	-0.04724
41.08	-0.05079
41.09	-0.05169
41.1	-0.04882
41.11	-0.04245
41.12	-0.03381
41.13	-0.02432
41.14	-0.01525
41.15	-0.00808
41.16	-0.00365
41.17	-0.00166
41.18	-0.00118
41.19	-0.00117
41.2	-0.00095
41.21	-0.00026
41.22	0.00077
41.23	0.00191
41.24	0.00299
41.25	0.00357
41.26	0.00224
41.27	-0.00216
41.28	-0.00962
41.29	-0.01922
41.3	-0.02975
41.31	-0.03973
41.32	-0.04684
41.33	-0.04950
41.34	-0.04789
41.35	-0.04341
41.36	-0.03779
41.37	-0.03229
41.38	-0.02742
41.39	-0.02308
41.4	-0.01889
41.41	-0.01465
41.42	-0.01087
41.43	-0.00832
41.44	-0.00729
41.45	-0.00753
41.46	-0.00848
41.47	-0.00959
41.48	-0.01051
41.49	-0.01119
41.5	-0.01144
41.51	-0.01020
41.52	-0.00637
41.53	0.00019
41.54	0.00877
41.55	0.01832
41.56	0.02795
41.57	0.03722
41.58	0.04609
41.59	0.05463
41.6	0.06279
41.61	0.07049
41.62	0.07776
41.63	0.08465
41.64	0.09046
41.65	0.09391
41.66	0.09446
41.67	0.09258
41.68	0.08924
41.69	0.08547
41.7	0.08180
41.71	0.07804
41.72	0.07383
41.73	0.06928
41.74	0.06531
41.75	0.06261
41.76	0.06133
41.77	0.06105
41.78	0.06120
41.79	0.06116
41.8	0.06030
41.81	0.05830
41.82	0.05531
41.83	0.05171
41.84	0.04792
41.85	0.04418
41.86	0.04075
41.87	0.03851
41.88	0.03826
41.89	0.04005
41.9	0.04332
41.91	0.04725
41.92	0.05118
41.93	0.05479
41.94	0.05779
41.95	0.05953
41.96	0.05965
41.97	0.05835
41.98	0.05612
41.99	0.05351
42	0.05093
42.01	0.04851
42.02	0.04621
42.03	0.04391
42.04	0.04154
42.05	0.03903
42.06	0.03643
42.07	0.03379
42.08	0.03113
42.09	0.02847
42.1	0.02567
42.11	0.02215
42.12	0.01744
42.13	0.01153
42.14	0.00475
42.15	-0.00239
42.16	-0.00876
42.17	-0.01238
42.18	-0.01220
42.19	-0.00866
42.2	-0.00306
42.21	0.00320
42.22	0.00918
42.23	0.01457
42.24	0.01910
42.25	0.02160
42.26	0.02122
42.27	0.01811
42.28	0.01313
42.29	0.00744
42.3	0.00301
42.31	0.00176
42.32	0.00427
42.33	0.00970
42.34	0.01662
42.35	0.02375
42.36	0.02974
42.37	0.03295
42.38	0.03278
42.39	0.02982
42.4	0.02529
42.41	0.02039
42.42	0.01581
42.43	0.01175
42.44	0.00796
42.45	0.00395
42.46	-0.00063
42.47	-0.00578
42.48	-0.01046
42.49	-0.01282
42.5	-0.01184
42.51	-0.00783
42.52	-0.00194
42.53	0.00457
42.54	0.01086
42.55	0.01665
42.56	0.02209
42.57	0.02747
42.58	0.03304
42.59	0.03880
42.6	0.04389
42.61	0.04710
42.62	0.04776
42.63	0.04567
42.64	0.04127
42.65	0.03544
42.66	0.02911
42.67	0.02284
42.68	0.01688
42.69	0.01115
42.7	0.00550
42.71	-0.00020
42.72	-0.00592
42.73	-0.01150
42.74	-0.01679
42.75	-0.02179
42.76	-0.02658
42.77	-0.03127
42.78	-0.03596
42.79	-0.04068
42.8	-0.04543
42.81	-0.05016
42.82	-0.05426
42.83	-0.05682
42.84	-0.05743
42.85	-0.05640
42.86	-0.05443
42.87	-0.05220
42.88	-0.05019
42.89	-0.04874
42.9	-0.04791
42.91	-0.04758
42.92	-0.04753
42.93	-0.04754
42.94	-0.04751
42.95	-0.04742
42.96	-0.04732
42.97	-0.04725
42.98	-0.04724
42.99	-0.04727
43	-0.04694
43.01	-0.04560
43.02	-0.04301
43.03	-0.03935
43.04	-0.03508
43.05	-0.03067
43.06	-0.02642
43.07	-0.02241
43.08	-0.01857
43.09	-0.01480
43.1	-0.01101
43.11	-0.00729
43.12	-0.00418
43.13	-0.00219
43.14	-0.00143
43.15	-0.00160
43.16	-0.00224
43.17	-0.00297
43.18	-0.00353
43.19	-0.00340
43.2	-0.00204
43.21	0.00062
43.22	0.00424
43.23	0.00831
43.24	0.01220
43.25	0.01542
43.26	0.01778
43.27	0.01950
43.28	0.02089
43.29	0.02222
43.3	0.02363
43.31	0.02513
43.32	0.02664
43.33	0.02810
43.34	0.02898
43.35	0.02788
43.36	0.02391
43.37	0.01727
43.38	0.00887
43.39	-0.00019
43.4	-0.00913
43.41	-0.01721
43.42	-0.02354
43.43	-0.02777
43.44	-0.03028
43.45	-0.03182
43.46	-0.03309
43.47	-0.03455
43.48	-0.03628
43.49	-0.03820
43.5	-0.04013
43.51	-0.04199
43.52	-0.04372
43.53	-0.04540
43.54	-0.04705
43.55	-0.04874
43.56	-0.05045
43.57	-0.05218
43.58	-0.05390
43.59	-0.05559
43.6	-0.05724
43.61	-0.05864
43.62	-0.05932
43.63	-0.05900
43.64	-0.05774
43.65	-0.05591
43.66	-0.05384
43.67	-0.05180
43.68	-0.04987
43.69	-0.04802
43.7	-0.04615
43.71	-0.04422
43.72	-0.04228
43.73	-0.04050
43.74	-0.03897
43.75	-0.03767
43.76	-0.03650
43.77	-0.03533
43.78	-0.03409
43.79	-0.03275
43.8	-0.03131
43.81	-0.02981
43.82	-0.02827
43.83	-0.02669
43.84	-0.02506
43.85	-0.02338
43.86	-0.02164
43.87	-0.01984
43.88	-0.01796
43.89	-0.01609
43.9	-0.01484
43.91	-0.01498
43.92	-0.01672
43.93	-0.01972
43.94	-0.02336
43.95	-0.02705
43.96	-0.03048
43.97	-0.03362
43.98	-0.03656
43.99	-0.03944
44	-0.04235
44.01	-0.04532
44.02	-0.04827
44.03	-0.05099
44.04	-0.05271
44.05	-0.05283
44.06	-0.05134
44.07	-0.04870
44.08	-0.04552
44.09	-0.04232
44.1	-0.03930
44.11	-0.03647
44.12	-0.03369
44.13	-0.03083
44.14	-0.02785
44.15	-0.02475
44.16	-0.02158
44.17	-0.01841
44.18	-0.01523
44.19	-0.01207
44.2	-0.00889
44.21	-0.00570
44.22	-0.00247
44.23	0.00079
44.24	0.00407
44.25	0.00735
44.26	0.01065
44.27	0.01394
44.28	0.01724
44.29	0.02054
44.3	0.02384
44.31	0.02700
44.32	0.02937
44.33	0.03031
44.34	0.02974
44.35	0.02804
44.36	0.02579
44.37	0.02349
44.38	0.02138
44.39	0.01947
44.4	0.01765
44.41	0.01579
44.42	0.01381
44.43	0.01173
44.44	0.00959
44.45	0.00742
44.46	0.00525
44.47	0.00318
44.48	0.00212
44.49	0.00321
44.5	0.00680
44.51	0.01234
44.52	0.01888
44.53	0.02558
44.54	0.03193
44.55	0.03787
44.56	0.04355
44.57	0.04919
44.58	0.05493
44.59	0.06076
44.6	0.06663
44.61	0.07244
44.62	0.07817
44.63	0.08380
44.64	0.08907
44.65	0.09300
44.66	0.09469
44.67	0.09413
44.68	0.09194
44.69	0.08899
44.7	0.08599
44.71	0.08325
44.72	0.08077
44.73	0.07838
44.74	0.07591
44.75	0.07325
44.76	0.07043
44.77	0.06751
44.78	0.06457
44.79	0.06162
44.8	0.05867
44.81	0.05571
44.82	0.05270
44.83	0.04962
44.84	0.04649
44.85	0.04331
44.86	0.04025
44.87	0.03757
44.88	0.03542
44.89	0.03371
44.9	0.03226
44.91	0.03087
44.92	0.02940
44.93	0.02782
44.94	0.02614
44.95	0.02442
44.96	0.02270
44.97	0.02098
44.98	0.01925
44.99	0.01751
45	0.01574
45.01	0.01393
45.02	0.01209
45.03	0.01022
45.04	0.00835
45.05	0.00646
45.06	0.00455
45.07	0.00264
45.08	0.00071
45.09	-0.00124
45.1	-0.00320
45.11	-0.00517
45.12	-0.00712
45.13	-0.00889
45.14	-0.01031
45.15	-0.01136
45.16	-0.01210
45.17	-0.01269
45.18	-0.01326
45.19	-0.01389
45.2	-0.01456
45.21	-0.01527
45.22	-0.01598
45.23	-0.01665
45.24	-0.01731
45.25	-0.01797
45.26	-0.01871
45.27	-0.01956
45.28	-0.02048
45.29	-0.02146
45.3	-0.02243
45.31	-0.02338
45.32	-0.02430
45.33	-0.02519
45.34	-0.02607
45.35	-0.02692
45.36	-0.02736
45.37	-0.02666
45.38	-0.02444
45.39	-0.02089
45.4	-0.01652
45.41	-0.01186
45.42	-0.00731
45.43	-0.00296
45.44	0.00124
45.45	0.00538
45.46	0.00896
45.47	0.01099
45.48	0.01103
45.49	0.00936
45.5	0.00665
45.51	0.00365
45.52	0.00083
45.53	-0.00166
45.54	-0.00391
45.55	-0.00608
45.56	-0.00825
45.57	-0.00998
45.58	-0.01072
45.59	-0.01029
45.6	-0.00891
45.61	-0.00703
45.62	-0.00504
45.63	-0.00317
45.64	-0.00145
45.65	0.00018
45.66	0.00183
45.67	0.00356
45.68	0.00537
45.69	0.00725
45.7	0.00915
45.71	0.01081
45.72	0.01150
45.73	0.01080
45.74	0.00879
45.75	0.00593
45.76	0.00278
45.77	-0.00029
45.78	-0.00312
45.79	-0.00577
45.8	-0.00834
45.81	-0.01094
45.82	-0.01363
45.83	-0.01635
45.84	-0.01900
45.85	-0.02122
45.86	-0.02273
45.87	-0.02354
45.88	-0.02383
45.89	-0.02390
45.9	-0.02398
45.91	-0.02414
45.92	-0.02440
45.93	-0.02468
45.94	-0.02494
45.95	-0.02515
45.96	-0.02530
45.97	-0.02543
45.98	-0.02557
45.99	-0.02570
46	-0.02586
46.01	-0.02600
46.02	-0.02615
46.03	-0.02627
46.04	-0.02639
46.05	-0.02650
46.06	-0.02660
46.07	-0.02671
46.08	-0.02682
46.09	-0.02692
46.1	-0.02690
46.11	-0.02644
46.12	-0.02532
46.13	-0.02357
46.14	-0.02141
46.15	-0.01911
46.16	-0.01682
46.17	-0.01464
46.18	-0.01255
46.19	-0.01048
46.2	-0.00839
46.21	-0.00626
46.22	-0.00410
46.23	-0.00194
46.24	0.00022
46.25	0.00236
46.26	0.00448
46.27	0.00660
46.28	0.00871
46.29	0.01084
46.3	0.01295
46.31	0.01508
46.32	0.01711
46.33	0.01819
46.34	0.01724
46.35	0.01399
46.36	0.00889
46.37	0.00284
46.38	-0.00340
46.39	-0.00936
46.4	-0.01499
46.41	-0.02041
46.42	-0.02579
46.43	-0.03053
46.44	-0.03379
46.45	-0.03526
46.46	-0.03529
46.47	-0.03450
46.48	-0.03353
46.49	-0.03275
46.5	-0.03227
46.51	-0.03195
46.52	-0.03166
46.53	-0.03129
46.54	-0.03083
46.55	-0.03030
46.56	-0.02977
46.57	-0.02929
46.58	-0.02884
46.59	-0.02829
46.6	-0.02723
46.61	-0.02539
46.62	-0.02282
46.63	-0.01978
46.64	-0.01657
46.65	-0.01339
46.66	-0.01034
46.67	-0.00740
46.68	-0.00454
46.69	-0.00183
46.7	0.00068
46.71	0.00298
46.72	0.00513
46.73	0.00721
46.74	0.00928
46.75	0.01137
46.76	0.01346
46.77	0.01527
46.78	0.01607
46.79	0.01548
46.8	0.01360
46.81	0.01091
46.82	0.00794
46.83	0.00505
46.84	0.00238
46.85	-0.00014
46.86	-0.00261
46.87	-0.00514
46.88	-0.00775
46.89	-0.01043
46.9	-0.01313
46.91	-0.01581
46.92	-0.01846
46.93	-0.02110
46.94	-0.02372
46.95	-0.02635
46.96	-0.02883
46.97	-0.03029
46.98	-0.02996
46.99	-0.02769
47	-0.02401
47.01	-0.01966
47.02	-0.01525
47.03	-0.01110
47.04	-0.00723
47.05	-0.00349
47.06	0.00027
47.07	0.00414
47.08	0.00812
47.09	0.01215
47.1	0.01616
47.11	0.02009
47.12	0.02335
47.13	0.02524
47.14	0.02560
47.15	0.02474
47.16	0.02327
47.17	0.02169
47.18	0.02030
47.19	0.01913
47.2	0.01809
47.21	0.01705
47.22	0.01592
47.23	0.01473
47.24	0.01379
47.25	0.01350
47.26	0.01404
47.27	0.01526
47.28	0.01688
47.29	0.01857
47.3	0.02016
47.31	0.02163
47.32	0.02302
47.33	0.02441
47.34	0.02584
47.35	0.02732
47.36	0.02867
47.37	0.02945
47.38	0.02932
47.39	0.02835
47.4	0.02682
47.41	0.02508
47.42	0.02339
47.43	0.02184
47.44	0.02042
47.45	0.01904
47.46	0.01761
47.47	0.01615
47.48	0.01471
47.49	0.01358
47.5	0.01303
47.51	0.01306
47.52	0.01352
47.53	0.01416
47.54	0.01480
47.55	0.01535
47.56	0.01582
47.57	0.01626
47.58	0.01671
47.59	0.01720
47.6	0.01772
47.61	0.01825
47.62	0.01868
47.63	0.01882
47.64	0.01856
47.65	0.01796
47.66	0.01717
47.67	0.01632
47.68	0.01550
47.69	0.01474
47.7	0.01403
47.71	0.01332
47.72	0.01254
47.73	0.01161
47.74	0.01053
47.75	0.00933
47.76	0.00809
47.77	0.00685
47.78	0.00563
47.79	0.00443
47.8	0.00324
47.81	0.00204
47.82	0.00085
47.83	-0.00036
47.84	-0.00158
47.85	-0.00278
47.86	-0.00396
47.87	-0.00468
47.88	-0.00428
47.89	-0.00245
47.9	0.00059
47.91	0.00434
47.92	0.00827
47.93	0.01209
47.94	0.01568
47.95	0.01913
47.96	0.02255
47.97	0.02598
47.98	0.02876
47.99	0.03001
48	0.02946
48.01	0.02746
48.02	0.02468
48.03	0.02174
48.04	0.01902
48.05	0.01657
48.06	0.01428
48.07	0.01201
48.08	0.00963
48.09	0.00715
48.1	0.00460
48.11	0.00204
48.12	-0.00048
48.13	-0.00296
48.14	-0.00543
48.15	-0.00789
48.16	-0.01037
48.17	-0.01287
48.18	-0.01536
48.19	-0.01767
48.2	-0.01930
48.21	-0.02001
48.22	-0.01986
48.23	-0.01919
48.24	-0.01832
48.25	-0.01753
48.26	-0.01688
48.27	-0.01634
48.28	-0.01583
48.29	-0.01530
48.3	-0.01471
48.31	-0.01408
48.32	-0.01345
48.33	-0.01283
48.34	-0.01223
48.35	-0.01166
48.36	-0.01109
48.37	-0.01052
48.38	-0.00995
48.39	-0.00938
48.4	-0.00880
48.41	-0.00824
48.42	-0.00768
48.43	-0.00712
48.44	-0.00657
48.45	-0.00603
48.46	-0.00549
48.47	-0.00495
48.48	-0.00441
48.49	-0.00388
48.5	-0.00335
48.51	-0.00283
48.52	-0.00230
48.53	-0.00179
48.54	-0.00128
48.55	-0.00077
48.56	-0.00026
48.57	0.00032
48.58	0.00122
48.59	0.00259
48.6	0.00441
48.61	0.00653
48.62	0.00874
48.63	0.01093
48.64	0.01304
48.65	0.01509
48.66	0.01713
48.67	0.01917
48.68	0.02123
48.69	0.02332
48.7	0.02541
48.71	0.02750
48.72	0.02949
48.73	0.03097
48.74	0.03144
48.75	0.03080
48.76	0.02931
48.77	0.02741
48.78	0.02545
48.79	0.02363
48.8	0.02197
48.81	0.02039
48.82	0.01879
48.83	0.01714
48.84	0.01543
48.85	0.01367
48.86	0.01192
48.87	0.00990
48.88	0.00699
48.89	0.00284
48.9	-0.00248
48.91	-0.00853
48.92	-0.01485
48.93	-0.02105
48.94	-0.02645
48.95	-0.03031
48.96	-0.03246
48.97	-0.03329
48.98	-0.03344
48.99	-0.03346
49	-0.03367
49.01	-0.03412
49.02	-0.03470
49.03	-0.03526
49.04	-0.03574
49.05	-0.03613
49.06	-0.03647
49.07	-0.03680
49.08	-0.03717
49.09	-0.03757
49.1	-0.03795
49.11	-0.03795
49.12	-0.03704
49.13	-0.03506
49.14	-0.03218
49.15	-0.02882
49.16	-0.02534
49.17	-0.02199
49.18	-0.01878
49.19	-0.01568
49.2	-0.01258
49.21	-0.00942
49.22	-0.00620
49.23	-0.00293
49.24	0.00033
49.25	0.00356
49.26	0.00639
49.27	0.00836
49.28	0.00930
49.29	0.00940
49.3	0.00904
49.31	0.00858
49.32	0.00824
49.33	0.00805
49.34	0.00796
49.35	0.00788
49.36	0.00775
49.37	0.00757
49.38	0.00736
49.39	0.00716
49.4	0.00698
49.41	0.00681
49.42	0.00668
49.43	0.00654
49.44	0.00642
49.45	0.00628
49.46	0.00615
49.47	0.00601
49.48	0.00589
49.49	0.00578
49.5	0.00567
49.51	0.00556
49.52	0.00547
49.53	0.00537
49.54	0.00529
49.55	0.00521
49.56	0.00513
49.57	0.00506
49.58	0.00500
49.59	0.00490
49.6	0.00435
49.61	0.00273
49.62	-0.00017
49.63	-0.00412
49.64	-0.00865
49.65	-0.01330
49.66	-0.01783
49.67	-0.02214
49.68	-0.02633
49.69	-0.03041
49.7	-0.03372
49.71	-0.03555
49.72	-0.03569
49.73	-0.03451
49.74	-0.03263
49.75	-0.03063
49.76	-0.02883
49.77	-0.02728
49.78	-0.02587
49.79	-0.02447
49.8	-0.02333
49.81	-0.02283
49.82	-0.02312
49.83	-0.02408
49.84	-0.02542
49.85	-0.02685
49.86	-0.02819
49.87	-0.02940
49.88	-0.03054
49.89	-0.03164
49.9	-0.03280
49.91	-0.03398
49.92	-0.03517
49.93	-0.03602
49.94	-0.03611
49.95	-0.03533
49.96	-0.03386
49.97	-0.03204
49.98	-0.03016
49.99	-0.02840
50	-0.02702
50.01	-0.02633
50.02	-0.02643
50.03	-0.02715
50.04	-0.02822
50.05	-0.02936
50.06	-0.03043
50.07	-0.03125
50.08	-0.03133
50.09	-0.03027
50.1	-0.02808
50.11	-0.02510
50.12	-0.02177
50.13	-0.01844
50.14	-0.01527
50.15	-0.01225
50.16	-0.00929
50.17	-0.00630
50.18	-0.00325
50.19	-0.00014
50.2	0.00298
50.21	0.00591
50.22	0.00842
50.23	0.01045
50.24	0.01207
50.25	0.01347
50.26	0.01484
50.27	0.01625
50.28	0.01775
50.29	0.01929
50.3	0.02082
50.31	0.02232
50.32	0.02380
50.33	0.02525
50.34	0.02670
50.35	0.02816
50.36	0.02962
50.37	0.03110
50.38	0.03256
50.39	0.03402
50.4	0.03548
50.41	0.03692
50.42	0.03837
50.43	0.03981
50.44	0.04125
50.45	0.04269
50.46	0.04412
50.47	0.04555
50.48	0.04697
50.49	0.04839
50.5	0.04982
50.51	0.05122
50.52	0.05240
50.53	0.05286
50.54	0.05232
50.55	0.05086
50.56	0.04883
50.57	0.04658
50.58	0.04439
50.59	0.04235
50.6	0.04042
50.61	0.03852
50.62	0.03659
50.63	0.03458
50.64	0.03254
50.65	0.03059
50.66	0.02885
50.67	0.02738
50.68	0.02608
50.69	0.02489
50.7	0.02368
50.71	0.02244
50.72	0.02115
50.73	0.01985
50.74	0.01853
50.75	0.01723
50.76	0.01594
50.77	0.01464
50.78	0.01336
50.79	0.01205
50.8	0.01074
50.81	0.00941
50.82	0.00809
50.83	0.00677
50.84	0.00544
50.85	0.00410
50.86	0.00276
50.87	0.00142
50.88	0.00008
50.89	-0.00127
50.9	-0.00263
50.91	-0.00398
50.92	-0.00535
50.93	-0.00656
50.94	-0.00719
50.95	-0.00688
50.96	-0.00564
50.97	-0.00378
50.98	-0.00167
50.99	0.00043
51	0.00239
51.01	0.00420
51.02	0.00598
51.03	0.00776
51.04	0.00947
51.05	0.01093
51.06	0.01204
51.07	0.01285
51.08	0.01347
51.09	0.01404
51.1	0.01463
51.11	0.01528
51.12	0.01598
51.13	0.01667
51.14	0.01734
51.15	0.01800
51.16	0.01852
51.17	0.01857
51.18	0.01786
51.19	0.01642
51.2	0.01448
51.21	0.01233
51.22	0.01020
51.23	0.00817
51.24	0.00625
51.25	0.00436
51.26	0.00248
51.27	0.00088
51.28	0.00003
51.29	0.00010
51.3	0.00095
51.31	0.00223
51.32	0.00363
51.33	0.00493
51.34	0.00609
51.35	0.00716
51.36	0.00823
51.37	0.00932
51.38	0.01048
51.39	0.01166
51.4	0.01265
51.41	0.01319
51.42	0.01313
51.43	0.01258
51.44	0.01174
51.45	0.01083
51.46	0.00998
51.47	0.00922
51.48	0.00851
51.49	0.00782
51.5	0.00710
51.51	0.00635
51.52	0.00563
51.53	0.00524
51.54	0.00540
51.55	0.00611
51.56	0.00723
51.57	0.00852
51.58	0.00981
51.59	0.01100
51.6	0.01190
51.61	0.01227
51.62	0.01206
51.63	0.01139
51.64	0.01049
51.65	0.00954
51.66	0.00865
51.67	0.00788
51.68	0.00735
51.69	0.00713
51.7	0.00714
51.71	0.00730
51.72	0.00752
51.73	0.00772
51.74	0.00789
51.75	0.00804
51.76	0.00817
51.77	0.00820
51.78	0.00797
51.79	0.00743
51.8	0.00664
51.81	0.00571
51.82	0.00473
51.83	0.00378
51.84	0.00288
51.85	0.00201
51.86	0.00116
51.87	0.00055
51.88	0.00041
51.89	0.00086
51.9	0.00176
51.91	0.00290
51.92	0.00409
51.93	0.00522
51.94	0.00617
51.95	0.00654
51.96	0.00597
51.97	0.00441
51.98	0.00214
51.99	-0.00046
52	-0.00308
52.01	-0.00558
52.02	-0.00795
52.03	-0.01025
52.04	-0.01257
52.05	-0.01494
52.06	-0.01735
52.07	-0.01954
52.08	-0.02102
52.09	-0.02158
52.1	-0.02130
52.11	-0.02053
52.12	-0.01960
52.13	-0.01875
52.14	-0.01805
52.15	-0.01746
52.16	-0.01712
52.17	-0.01724
52.18	-0.01791
52.19	-0.01905
52.2	-0.02045
52.21	-0.02193
52.22	-0.02337
52.23	-0.02462
52.24	-0.02536
52.25	-0.02536
52.26	-0.02467
52.27	-0.02353
52.28	-0.02219
52.29	-0.02088
52.3	-0.01967
52.31	-0.01855
52.32	-0.01746
52.33	-0.01634
52.34	-0.01519
52.35	-0.01403
52.36	-0.01313
52.37	-0.01290
52.38	-0.01346
52.39	-0.01469
52.4	-0.01627
52.41	-0.01794
52.42	-0.01951
52.43	-0.02096
52.44	-0.02234
52.45	-0.02372
52.46	-0.02513
52.47	-0.02659
52.48	-0.02801
52.49	-0.02912
52.5	-0.02964
52.51	-0.02953
52.52	-0.02895
52.53	-0.02816
52.54	-0.02736
52.55	-0.02664
52.56	-0.02602
52.57	-0.02543
52.58	-0.02484
52.59	-0.02411
52.6	-0.02296
52.61	-0.02120
52.62	-0.01891
52.63	-0.01627
52.64	-0.01351
52.65	-0.01077
52.66	-0.00814
52.67	-0.00555
52.68	-0.00300
52.69	-0.00041
52.7	0.00221
52.71	0.00456
52.72	0.00604
52.73	0.00626
52.74	0.00534
52.75	0.00369
52.76	0.00178
52.77	-0.00005
52.78	-0.00167
52.79	-0.00315
52.8	-0.00458
52.81	-0.00606
52.82	-0.00761
52.83	-0.00922
52.84	-0.01084
52.85	-0.01243
52.86	-0.01400
52.87	-0.01554
52.88	-0.01707
52.89	-0.01861
52.9	-0.02016
52.91	-0.02171
52.92	-0.02326
52.93	-0.02480
52.94	-0.02633
52.95	-0.02768
52.96	-0.02831
52.97	-0.02787
52.98	-0.02645
52.99	-0.02436
53	-0.02203
53.01	-0.01978
53.02	-0.01799
53.03	-0.01692
53.04	-0.01653
53.05	-0.01660
53.06	-0.01685
53.07	-0.01707
53.08	-0.01720
53.09	-0.01724
53.1	-0.01724
53.11	-0.01727
53.12	-0.01734
53.13	-0.01743
53.14	-0.01753
53.15	-0.01762
53.16	-0.01770
53.17	-0.01803
53.18	-0.01893
53.19	-0.02052
53.2	-0.02273
53.21	-0.02541
53.22	-0.02841
53.23	-0.03157
53.24	-0.03444
53.25	-0.03646
53.26	-0.03743
53.27	-0.03756
53.28	-0.03721
53.29	-0.03675
53.3	-0.03641
53.31	-0.03622
53.32	-0.03606
53.33	-0.03562
53.34	-0.03466
53.35	-0.03315
53.36	-0.03125
53.37	-0.02920
53.38	-0.02716
53.39	-0.02521
53.4	-0.02334
53.41	-0.02149
53.42	-0.01963
53.43	-0.01772
53.44	-0.01578
53.45	-0.01382
53.46	-0.01194
53.47	-0.01039
53.48	-0.00932
53.49	-0.00873
53.5	-0.00846
53.51	-0.00832
53.52	-0.00815
53.53	-0.00792
53.54	-0.00761
53.55	-0.00722
53.56	-0.00661
53.57	-0.00568
53.58	-0.00445
53.59	-0.00302
53.6	-0.00149
53.61	0.00004
53.62	0.00152
53.63	0.00296
53.64	0.00438
53.65	0.00582
53.66	0.00727
53.67	0.00874
53.68	0.01022
53.69	0.01157
53.7	0.01235
53.71	0.01226
53.72	0.01131
53.73	0.00979
53.74	0.00803
53.75	0.00628
53.76	0.00467
53.77	0.00318
53.78	0.00173
53.79	0.00025
53.8	-0.00126
53.81	-0.00253
53.82	-0.00315
53.83	-0.00299
53.84	-0.00215
53.85	-0.00095
53.86	0.00036
53.87	0.00157
53.88	0.00265
53.89	0.00365
53.9	0.00464
53.91	0.00566
53.92	0.00673
53.93	0.00783
53.94	0.00894
53.95	0.01002
53.96	0.01108
53.97	0.01212
53.98	0.01317
53.99	0.01421
54	0.01526
54.01	0.01630
54.02	0.01734
54.03	0.01836
54.04	0.01931
54.05	0.02013
54.06	0.02084
54.07	0.02147
54.08	0.02210
54.09	0.02293
54.1	0.02430
54.11	0.02631
54.12	0.02882
54.13	0.03161
54.14	0.03445
54.15	0.03722
54.16	0.03987
54.17	0.04213
54.18	0.04348
54.19	0.04364
54.2	0.04278
54.21	0.04128
54.22	0.03957
54.23	0.03794
54.24	0.03648
54.25	0.03516
54.26	0.03405
54.27	0.03318
54.28	0.03255
54.29	0.03208
54.3	0.03169
54.31	0.03131
54.32	0.03091
54.33	0.03047
54.34	0.03002
54.35	0.02956
54.36	0.02910
54.37	0.02865
54.38	0.02819
54.39	0.02773
54.4	0.02726
54.41	0.02678
54.42	0.02629
54.43	0.02579
54.44	0.02530
54.45	0.02480
54.46	0.02428
54.47	0.02377
54.48	0.02325
54.49	0.02272
54.5	0.02219
54.51	0.02165
54.52	0.02111
54.53	0.02056
54.54	0.02000
54.55	0.01944
54.56	0.01887
54.57	0.01830
54.58	0.01774
54.59	0.01739
54.6	0.01751
54.61	0.01821
54.62	0.01939
54.63	0.02082
54.64	0.02231
54.65	0.02373
54.66	0.02507
54.67	0.02634
54.68	0.02760
54.69	0.02890
54.7	0.03021
54.71	0.03146
54.72	0.03249
54.73	0.03320
54.74	0.03363
54.75	0.03389
54.76	0.03410
54.77	0.03434
54.78	0.03461
54.79	0.03479
54.8	0.03433
54.81	0.03280
54.82	0.03015
54.83	0.02672
54.84	0.02295
54.85	0.01944
54.86	0.01679
54.87	0.01525
54.88	0.01459
54.89	0.01441
54.9	0.01433
54.91	0.01411
54.92	0.01373
54.93	0.01324
54.94	0.01276
54.95	0.01234
54.96	0.01199
54.97	0.01166
54.98	0.01135
54.99	0.01101
55	0.01065
55.01	0.01027
55.02	0.00989
55.03	0.00952
55.04	0.00916
55.05	0.00881
55.06	0.00846
55.07	0.00811
55.08	0.00775
55.09	0.00740
55.1	0.00705
55.11	0.00670
55.12	0.00635
55.13	0.00600
55.14	0.00567
55.15	0.00533
55.16	0.00499
55.17	0.00465
55.18	0.00433
55.19	0.00400
55.2	0.00367
55.21	0.00335
55.22	0.00303
55.23	0.00272
55.24	0.00240
55.25	0.00206
55.26	0.00165
55.27	0.00115
55.28	0.00059
55.29	-0.00002
55.3	-0.00062
55.31	-0.00115
55.32	-0.00146
55.33	-0.00147
55.34	-0.00122
55.35	-0.00079
55.36	-0.00032
55.37	0.00014
55.38	0.00057
55.39	0.00095
55.4	0.00135
55.41	0.00174
55.42	0.00195
55.43	0.00176
55.44	0.00109
55.45	0.00003
55.46	-0.00124
55.47	-0.00254
55.48	-0.00377
55.49	-0.00493
55.5	-0.00604
55.51	-0.00715
55.52	-0.00826
55.53	-0.00941
55.54	-0.01057
55.55	-0.01171
55.56	-0.01288
55.57	-0.01413
55.58	-0.01552
55.59	-0.01706
55.6	-0.01868
55.61	-0.02034
55.62	-0.02199
55.63	-0.02361
55.64	-0.02520
55.65	-0.02677
55.66	-0.02810
55.67	-0.02876
55.68	-0.02853
55.69	-0.02751
55.7	-0.02601
55.71	-0.02435
55.72	-0.02274
55.73	-0.02127
55.74	-0.01988
55.75	-0.01857
55.76	-0.01744
55.77	-0.01664
55.78	-0.01618
55.79	-0.01598
55.8	-0.01592
55.81	-0.01588
55.82	-0.01579
55.83	-0.01563
55.84	-0.01545
55.85	-0.01527
55.86	-0.01510
55.87	-0.01496
55.88	-0.01490
55.89	-0.01494
55.9	-0.01509
55.91	-0.01531
55.92	-0.01556
55.93	-0.01580
55.94	-0.01604
55.95	-0.01625
55.96	-0.01645
55.97	-0.01666
55.98	-0.01687
55.99	-0.01703
56	-0.01705
56.01	-0.01685
56.02	-0.01646
56.03	-0.01596
56.04	-0.01541
56.05	-0.01487
56.06	-0.01436
56.07	-0.01387
56.08	-0.01338
56.09	-0.01290
56.1	-0.01244
56.11	-0.01213
56.12	-0.01205
56.13	-0.01217
56.14	-0.01242
56.15	-0.01272
56.16	-0.01301
56.17	-0.01326
56.18	-0.01347
56.19	-0.01369
56.2	-0.01391
56.21	-0.01415
56.22	-0.01439
56.23	-0.01463
56.24	-0.01488
56.25	-0.01508
56.26	-0.01511
56.27	-0.01494
56.28	-0.01458
56.29	-0.01409
56.3	-0.01358
56.31	-0.01307
56.32	-0.01260
56.33	-0.01215
56.34	-0.01176
56.35	-0.01159
56.36	-0.01173
56.37	-0.01217
56.38	-0.01280
56.39	-0.01351
56.4	-0.01422
56.41	-0.01488
56.42	-0.01551
56.43	-0.01611
56.44	-0.01674
56.45	-0.01738
56.46	-0.01804
56.47	-0.01870
56.48	-0.01937
56.49	-0.01998
56.5	-0.02039
56.51	-0.02048
56.52	-0.02030
56.53	-0.01994
56.54	-0.01951
56.55	-0.01910
56.56	-0.01873
56.57	-0.01841
56.58	-0.01810
56.59	-0.01778
56.6	-0.01745
56.61	-0.01703
56.62	-0.01629
56.63	-0.01508
56.64	-0.01345
56.65	-0.01153
56.66	-0.00950
56.67	-0.00750
56.68	-0.00557
56.69	-0.00371
56.7	-0.00185
56.71	0.00000
56.72	0.00188
56.73	0.00378
56.74	0.00569
56.75	0.00758
56.76	0.00947
56.77	0.01133
56.78	0.01320
56.79	0.01507
56.8	0.01693
56.81	0.01879
56.82	0.02066
56.83	0.02251
56.84	0.02436
56.85	0.02615
56.86	0.02753
56.87	0.02809
56.88	0.02776
56.89	0.02674
56.9	0.02538
56.91	0.02397
56.92	0.02267
56.93	0.02150
56.94	0.02039
56.95	0.01928
56.96	0.01811
56.97	0.01689
56.98	0.01564
56.99	0.01439
57	0.01316
57.01	0.01194
57.02	0.01074
57.03	0.00952
57.04	0.00830
57.05	0.00707
57.06	0.00583
57.07	0.00459
57.08	0.00338
57.09	0.00248
57.1	0.00212
57.11	0.00239
57.12	0.00311
57.13	0.00408
57.14	0.00507
57.15	0.00599
57.16	0.00680
57.17	0.00758
57.18	0.00835
57.19	0.00915
57.2	0.01000
57.21	0.01085
57.22	0.01170
57.23	0.01255
57.24	0.01337
57.25	0.01418
57.26	0.01500
57.27	0.01582
57.28	0.01663
57.29	0.01728
57.3	0.01753
57.31	0.01727
57.32	0.01658
57.33	0.01562
57.34	0.01461
57.35	0.01364
57.36	0.01274
57.37	0.01189
57.38	0.01105
57.39	0.01019
57.4	0.00930
57.41	0.00839
57.42	0.00747
57.43	0.00656
57.44	0.00567
57.45	0.00478
57.46	0.00391
57.47	0.00323
57.48	0.00296
57.49	0.00317
57.5	0.00375
57.51	0.00454
57.52	0.00536
57.53	0.00611
57.54	0.00680
57.55	0.00746
57.56	0.00811
57.57	0.00873
57.58	0.00923
57.59	0.00954
57.6	0.00968
57.61	0.00970
57.62	0.00968
57.63	0.00968
57.64	0.00969
57.65	0.00974
57.66	0.00979
57.67	0.00985
57.68	0.00986
57.69	0.00961
57.7	0.00880
57.71	0.00736
57.72	0.00543
57.73	0.00323
57.74	0.00099
57.75	-0.00118
57.76	-0.00321
57.77	-0.00482
57.78	-0.00561
57.79	-0.00550
57.8	-0.00469
57.81	-0.00352
57.82	-0.00227
57.83	-0.00112
57.84	-0.00009
57.85	0.00086
57.86	0.00183
57.87	0.00283
57.88	0.00388
57.89	0.00496
57.9	0.00597
57.91	0.00678
57.92	0.00734
57.93	0.00771
57.94	0.00797
57.95	0.00820
57.96	0.00846
57.97	0.00877
57.98	0.00909
57.99	0.00941
58	0.00973
58.01	0.01004
58.02	0.01033
58.03	0.01063
58.04	0.01094
58.05	0.01124
58.06	0.01154
58.07	0.01166
58.08	0.01138
58.09	0.01064
58.1	0.00955
58.11	0.00826
58.12	0.00695
58.13	0.00570
58.14	0.00451
58.15	0.00337
58.16	0.00221
58.17	0.00104
58.18	-0.00014
58.19	-0.00135
58.2	-0.00256
58.21	-0.00375
58.22	-0.00494
58.23	-0.00612
58.24	-0.00730
58.25	-0.00848
58.26	-0.00966
58.27	-0.01084
58.28	-0.01193
58.29	-0.01272
58.3	-0.01310
58.31	-0.01309
58.32	-0.01285
58.33	-0.01252
58.34	-0.01222
58.35	-0.01198
58.36	-0.01179
58.37	-0.01161
58.38	-0.01142
58.39	-0.01120
58.4	-0.01096
58.41	-0.01072
58.42	-0.01048
58.43	-0.01024
58.44	-0.01002
58.45	-0.00980
58.46	-0.00958
58.47	-0.00940
58.48	-0.00941
58.49	-0.00972
58.5	-0.01031
58.51	-0.01108
58.52	-0.01193
58.53	-0.01275
58.54	-0.01354
58.55	-0.01427
58.56	-0.01500
58.57	-0.01557
58.58	-0.01571
58.59	-0.01527
58.6	-0.01432
58.61	-0.01303
58.62	-0.01165
58.63	-0.01030
58.64	-0.00903
58.65	-0.00784
58.66	-0.00666
58.67	-0.00545
58.68	-0.00422
58.69	-0.00296
58.7	-0.00170
58.71	-0.00044
58.72	0.00080
58.73	0.00204
58.74	0.00320
58.75	0.00400
58.76	0.00410
58.77	0.00349
58.78	0.00234
58.79	0.00094
58.8	-0.00049
58.81	-0.00182
58.82	-0.00304
58.83	-0.00421
58.84	-0.00540
58.85	-0.00662
58.86	-0.00788
58.87	-0.00917
58.88	-0.01046
58.89	-0.01170
58.9	-0.01274
58.91	-0.01344
58.92	-0.01373
58.93	-0.01375
58.94	-0.01362
58.95	-0.01347
58.96	-0.01337
58.97	-0.01333
58.98	-0.01332
58.99	-0.01330
59	-0.01327
59.01	-0.01320
59.02	-0.01314
59.03	-0.01307
59.04	-0.01301
59.05	-0.01297
59.06	-0.01292
59.07	-0.01288
59.08	-0.01283
59.09	-0.01286
59.1	-0.01311
59.11	-0.01370
59.12	-0.01458
59.13	-0.01565
59.14	-0.01679
59.15	-0.01791
59.16	-0.01898
59.17	-0.02001
59.18	-0.02101
59.19	-0.02174
59.2	-0.02175
59.21	-0.02088
59.22	-0.01922
59.23	-0.01712
59.24	-0.01487
59.25	-0.01271
59.26	-0.01068
59.27	-0.00875
59.28	-0.00683
59.29	-0.00488
59.3	-0.00287
59.31	-0.00083
59.32	0.00110
59.33	0.00250
59.34	0.00309
59.35	0.00289
59.36	0.00214
59.37	0.00119
59.38	0.00025
59.39	-0.00056
59.4	-0.00126
59.41	-0.00193
59.42	-0.00261
59.43	-0.00335
59.44	-0.00413
59.45	-0.00481
59.46	-0.00489
59.47	-0.00398
59.48	-0.00207
59.49	0.00056
59.5	0.00349
59.51	0.00643
59.52	0.00921
59.53	0.01170
59.54	0.01357
59.55	0.01462
59.56	0.01492
59.57	0.01476
59.58	0.01442
59.59	0.01411
59.6	0.01391
59.61	0.01381
59.62	0.01372
59.63	0.01361
59.64	0.01345
59.65	0.01328
59.66	0.01324
59.67	0.01357
59.68	0.01434
59.69	0.01546
59.7	0.01679
59.71	0.01815
59.72	0.01947
59.73	0.02071
59.74	0.02179
59.75	0.02236
59.76	0.02219
59.77	0.02134
59.78	0.02003
59.79	0.01856
59.8	0.01711
59.81	0.01577
59.82	0.01451
59.83	0.01328
59.84	0.01204
59.85	0.01075
59.86	0.00943
59.87	0.00810
59.88	0.00677
59.89	0.00546
59.9	0.00417
59.91	0.00287
59.92	0.00158
59.93	0.00028
59.94	-0.00103
59.95	-0.00233
59.96	-0.00364
59.97	-0.00494
59.98	-0.00624
59.99	-0.00754
60	-0.00884
60.01	-0.01014
60.02	-0.01144
60.03	-0.01274
60.04	-0.01404
60.05	-0.01535
60.06	-0.01664
60.07	-0.01788
60.08	-0.01886
60.09	-0.01942
60.1	-0.01958
60.11	-0.01947
60.12	-0.01923
60.13	-0.01902
60.14	-0.01886
60.15	-0.01875
60.16	-0.01867
60.17	-0.01857
60.18	-0.01845
60.19	-0.01830
60.2	-0.01792
60.21	-0.01700
60.22	-0.01543
60.23	-0.01328
60.24	-0.01080
60.25	-0.00823
60.26	-0.00571
60.27	-0.00329
60.28	-0.00095
60.29	0.00121
60.3	0.00278
60.31	0.00357
60.32	0.00363
60.33	0.00320
60.34	0.00260
60.35	0.00203
60.36	0.00159
60.37	0.00124
60.38	0.00092
60.39	0.00058
60.4	0.00019
60.41	-0.00024
60.42	-0.00068
60.43	-0.00111
60.44	-0.00152
60.45	-0.00192
60.46	-0.00231
60.47	-0.00271
60.48	-0.00311
60.49	-0.00352
60.5	-0.00383
60.51	-0.00362
60.52	-0.00245
60.53	-0.00027
60.54	0.00266
60.55	0.00593
60.56	0.00923
60.57	0.01229
60.58	0.01466
60.59	0.01607
60.6	0.01656
60.61	0.01645
60.62	0.01612
60.63	0.01580
60.64	0.01562
60.65	0.01554
60.66	0.01551
60.67	0.01544
60.68	0.01531
60.69	0.01515
60.7	0.01497
60.71	0.01480
60.72	0.01465
60.73	0.01452
60.74	0.01432
60.75	0.01388
60.76	0.01304
60.77	0.01185
60.78	0.01043
60.79	0.00892
60.8	0.00743
60.81	0.00599
60.82	0.00462
60.83	0.00325
60.84	0.00186
60.85	0.00046
60.86	-0.00096
60.87	-0.00239
60.88	-0.00382
60.89	-0.00524
60.9	-0.00664
60.91	-0.00806
60.92	-0.00946
60.93	-0.01087
60.94	-0.01229
60.95	-0.01370
60.96	-0.01500
60.97	-0.01585
60.98	-0.01598
60.99	-0.01538
61	-0.01431
61.01	-0.01304
61.02	-0.01178
61.03	-0.01064
61.04	-0.00959
61.05	-0.00857
61.06	-0.00753
61.07	-0.00646
61.08	-0.00535
61.09	-0.00422
61.1	-0.00310
61.11	-0.00200
61.12	-0.00091
61.13	0.00009
61.14	0.00072
61.15	0.00077
61.16	0.00024
61.17	-0.00067
61.18	-0.00175
61.19	-0.00281
61.2	-0.00378
61.21	-0.00469
61.22	-0.00555
61.23	-0.00644
61.24	-0.00733
61.25	-0.00806
61.26	-0.00849
61.27	-0.00861
61.28	-0.00850
61.29	-0.00827
61.3	-0.00805
61.31	-0.00786
61.32	-0.00773
61.33	-0.00761
61.34	-0.00751
61.35	-0.00737
61.36	-0.00722
61.37	-0.00706
61.38	-0.00690
61.39	-0.00675
61.4	-0.00661
61.41	-0.00646
61.42	-0.00632
61.43	-0.00612
61.44	-0.00561
61.45	-0.00454
61.46	-0.00286
61.47	-0.00075
61.48	0.00158
61.49	0.00391
61.5	0.00617
61.51	0.00833
61.52	0.01046
61.53	0.01255
61.54	0.01427
61.55	0.01526
61.56	0.01543
61.57	0.01495
61.58	0.01413
61.59	0.01326
61.6	0.01249
61.61	0.01184
61.62	0.01127
61.63	0.01069
61.64	0.01007
61.65	0.00940
61.66	0.00871
61.67	0.00813
61.68	0.00787
61.69	0.00802
61.7	0.00853
61.71	0.00926
61.72	0.01005
61.73	0.01082
61.74	0.01150
61.75	0.01215
61.76	0.01279
61.77	0.01346
61.78	0.01414
61.79	0.01483
61.8	0.01553
61.81	0.01624
61.82	0.01685
61.83	0.01708
61.84	0.01671
61.85	0.01572
61.86	0.01428
61.87	0.01266
61.88	0.01103
61.89	0.00950
61.9	0.00804
61.91	0.00662
61.92	0.00525
61.93	0.00404
61.94	0.00314
61.95	0.00255
61.96	0.00218
61.97	0.00192
61.98	0.00167
61.99	0.00136
62	0.00102
62.01	0.00065
62.02	0.00029
62.03	-0.00006
62.04	-0.00039
62.05	-0.00059
62.06	-0.00054
62.07	-0.00017
62.08	0.00048
62.09	0.00129
62.1	0.00213
62.11	0.00295
62.12	0.00361
62.13	0.00399
62.14	0.00408
62.15	0.00396
62.16	0.00374
62.17	0.00352
62.18	0.00333
62.19	0.00318
62.2	0.00304
62.21	0.00295
62.22	0.00302
62.23	0.00338
62.24	0.00402
62.25	0.00486
62.26	0.00579
62.27	0.00671
62.28	0.00760
62.29	0.00843
62.3	0.00921
62.31	0.00968
62.32	0.00963
62.33	0.00902
62.34	0.00798
62.35	0.00674
62.36	0.00548
62.37	0.00428
62.38	0.00318
62.39	0.00211
62.4	0.00104
62.41	-0.00007
62.42	-0.00121
62.43	-0.00236
62.44	-0.00350
62.45	-0.00464
62.46	-0.00577
62.47	-0.00689
62.48	-0.00801
62.49	-0.00914
62.5	-0.01026
62.51	-0.01139
62.52	-0.01253
62.53	-0.01364
62.54	-0.01445
62.55	-0.01461
62.56	-0.01397
62.57	-0.01268
62.58	-0.01103
62.59	-0.00930
62.6	-0.00765
62.61	-0.00612
62.62	-0.00466
62.63	-0.00320
62.64	-0.00172
62.65	-0.00018
62.66	0.00139
62.67	0.00295
62.68	0.00436
62.69	0.00518
62.7	0.00517
62.71	0.00436
62.72	0.00304
62.73	0.00153
62.74	0.00007
62.75	-0.00119
62.76	-0.00185
62.77	-0.00164
62.78	-0.00054
62.79	0.00118
62.8	0.00318
62.81	0.00519
62.82	0.00709
62.83	0.00887
62.84	0.01058
62.85	0.01180
62.86	0.01205
62.87	0.01116
62.88	0.00934
62.89	0.00703
62.9	0.00462
62.91	0.00233
62.92	0.00024
62.93	-0.00148
62.94	-0.00269
62.95	-0.00339
62.96	-0.00374
62.97	-0.00390
62.98	-0.00404
62.99	-0.00423
63	-0.00448
63.01	-0.00472
63.02	-0.00500
63.03	-0.00525
63.04	-0.00548
63.05	-0.00570
63.06	-0.00592
63.07	-0.00615
63.08	-0.00639
63.09	-0.00662
63.1	-0.00684
63.11	-0.00686
63.12	-0.00648
63.13	-0.00569
63.14	-0.00457
63.15	-0.00329
63.16	-0.00200
63.17	-0.00076
63.18	0.00042
63.19	0.00157
63.2	0.00272
63.21	0.00385
63.22	0.00478
63.23	0.00527
63.24	0.00526
63.25	0.00485
63.26	0.00426
63.27	0.00362
63.28	0.00305
63.29	0.00257
63.3	0.00212
63.31	0.00167
63.32	0.00119
63.33	0.00068
63.34	0.00016
63.35	-0.00032
63.36	-0.00060
63.37	-0.00059
63.38	-0.00031
63.39	0.00017
63.4	0.00072
63.41	0.00125
63.42	0.00175
63.43	0.00221
63.44	0.00264
63.45	0.00309
63.46	0.00356
63.47	0.00403
63.48	0.00451
63.49	0.00499
63.5	0.00546
63.51	0.00592
63.52	0.00638
63.53	0.00684
63.54	0.00729
63.55	0.00755
63.56	0.00741
63.57	0.00678
63.58	0.00573
63.59	0.00447
63.6	0.00316
63.61	0.00190
63.62	0.00072
63.63	-0.00037
63.64	-0.00113
63.65	-0.00129
63.66	-0.00077
63.67	0.00024
63.68	0.00152
63.69	0.00284
63.7	0.00408
63.71	0.00521
63.72	0.00630
63.73	0.00738
63.74	0.00849
63.75	0.00963
63.76	0.01079
63.77	0.01194
63.78	0.01308
63.79	0.01418
63.8	0.01491
63.81	0.01486
63.82	0.01387
63.83	0.01211
63.84	0.00994
63.85	0.00767
63.86	0.00551
63.87	0.00348
63.88	0.00156
63.89	-0.00035
63.9	-0.00230
63.91	-0.00429
63.92	-0.00631
63.93	-0.00815
63.94	-0.00952
63.95	-0.01025
63.96	-0.01045
63.97	-0.01031
63.98	-0.01008
63.99	-0.00990
64	-0.00982
64.01	-0.00980
64.02	-0.00980
64.03	-0.00977
64.04	-0.00969
64.05	-0.00960
64.06	-0.00950
64.07	-0.00941
64.08	-0.00933
64.09	-0.00926
64.1	-0.00920
64.11	-0.00913
64.12	-0.00905
64.13	-0.00897
64.14	-0.00890
64.15	-0.00882
64.16	-0.00874
64.17	-0.00867
64.18	-0.00859
64.19	-0.00850
64.2	-0.00821
64.21	-0.00750
64.22	-0.00631
64.23	-0.00475
64.24	-0.00300
64.25	-0.00122
64.26	0.00049
64.27	0.00212
64.28	0.00365
64.29	0.00493
64.3	0.00579
64.31	0.00619
64.32	0.00626
64.33	0.00617
64.34	0.00605
64.35	0.00599
64.36	0.00599
64.37	0.00601
64.38	0.00604
64.39	0.00604
64.4	0.00601
64.41	0.00598
64.42	0.00594
64.43	0.00591
64.44	0.00590
64.45	0.00589
64.46	0.00587
64.47	0.00585
64.48	0.00583
64.49	0.00581
64.5	0.00578
64.51	0.00576
64.52	0.00579
64.53	0.00604
64.54	0.00661
64.55	0.00747
64.56	0.00852
64.57	0.00965
64.58	0.01075
64.59	0.01179
64.6	0.01278
64.61	0.01375
64.62	0.01472
64.63	0.01544
64.64	0.01571
64.65	0.01540
64.66	0.01464
64.67	0.01366
64.68	0.01263
64.69	0.01167
64.7	0.01080
64.71	0.00999
64.72	0.00918
64.73	0.00835
64.74	0.00750
64.75	0.00662
64.76	0.00576
64.77	0.00492
64.78	0.00414
64.79	0.00343
64.8	0.00277
64.81	0.00214
64.82	0.00153
64.83	0.00091
64.84	0.00030
64.85	-0.00032
64.86	-0.00096
64.87	-0.00167
64.88	-0.00247
64.89	-0.00336
64.9	-0.00431
64.91	-0.00528
64.92	-0.00624
64.93	-0.00717
64.94	-0.00808
64.95	-0.00898
64.96	-0.00988
64.97	-0.01077
64.98	-0.01166
64.99	-0.01255
65	-0.01342
65.01	-0.01428
65.02	-0.01514
65.03	-0.01598
65.04	-0.01681
65.05	-0.01764
65.06	-0.01846
65.07	-0.01927
65.08	-0.02007
65.09	-0.02085
65.1	-0.02164
65.11	-0.02240
65.12	-0.02299
65.13	-0.02324
65.14	-0.02310
65.15	-0.02266
65.16	-0.02207
65.17	-0.02145
65.18	-0.02087
65.19	-0.02036
65.2	-0.01988
65.21	-0.01941
65.22	-0.01892
65.23	-0.01841
65.24	-0.01788
65.25	-0.01737
65.26	-0.01686
65.27	-0.01636
65.28	-0.01588
65.29	-0.01540
65.3	-0.01497
65.31	-0.01463
65.32	-0.01442
65.33	-0.01429
65.34	-0.01421
65.35	-0.01415
65.36	-0.01406
65.37	-0.01396
65.38	-0.01385
65.39	-0.01374
65.4	-0.01364
65.41	-0.01353
65.42	-0.01344
65.43	-0.01334
65.44	-0.01323
65.45	-0.01313
65.46	-0.01302
65.47	-0.01292
65.48	-0.01281
65.49	-0.01270
65.5	-0.01259
65.51	-0.01248
65.52	-0.01238
65.53	-0.01227
65.54	-0.01216
65.55	-0.01205
65.56	-0.01193
65.57	-0.01183
65.58	-0.01171
65.59	-0.01160
65.6	-0.01148
65.61	-0.01137
65.62	-0.01126
65.63	-0.01114
65.64	-0.01103
65.65	-0.01091
65.66	-0.01079
65.67	-0.01067
65.68	-0.01056
65.69	-0.01044
65.7	-0.01032
65.71	-0.01020
65.72	-0.01008
65.73	-0.00996
65.74	-0.00984
65.75	-0.00972
65.76	-0.00959
65.77	-0.00948
65.78	-0.00935
65.79	-0.00923
65.8	-0.00911
65.81	-0.00898
65.82	-0.00886
65.83	-0.00873
65.84	-0.00860
65.85	-0.00849
65.86	-0.00836
65.87	-0.00824
65.88	-0.00810
65.89	-0.00787
65.9	-0.00743
65.91	-0.00672
65.92	-0.00581
65.93	-0.00481
65.94	-0.00378
65.95	-0.00279
65.96	-0.00185
65.97	-0.00095
65.98	-0.00006
65.99	0.00083
66	0.00172
66.01	0.00260
66.02	0.00348
66.03	0.00434
66.04	0.00518
66.05	0.00601
66.06	0.00682
66.07	0.00762
66.08	0.00842
66.09	0.00921
66.1	0.00997
66.11	0.01073
66.12	0.01148
66.13	0.01220
66.14	0.01292
66.15	0.01363
66.16	0.01425
66.17	0.01472
66.18	0.01501
66.19	0.01517
66.2	0.01526
66.21	0.01535
66.22	0.01544
66.23	0.01554
66.24	0.01566
66.25	0.01578
66.26	0.01589
66.27	0.01598
66.28	0.01606
66.29	0.01614
66.3	0.01622
66.31	0.01629
66.32	0.01636
66.33	0.01643
66.34	0.01650
66.35	0.01652
66.36	0.01645
66.37	0.01629
66.38	0.01607
66.39	0.01580
66.4	0.01553
66.41	0.01526
66.42	0.01501
66.43	0.01478
66.44	0.01454
66.45	0.01430
66.46	0.01406
66.47	0.01382
66.48	0.01357
66.49	0.01334
66.5	0.01310
66.51	0.01287
66.52	0.01264
66.53	0.01240
66.54	0.01217
66.55	0.01194
66.56	0.01171
66.57	0.01148
66.58	0.01125
66.59	0.01103
66.6	0.01080
66.61	0.01058
66.62	0.01035
66.63	0.01013
66.64	0.00991
66.65	0.00968
66.66	0.00947
66.67	0.00925
66.68	0.00904
66.69	0.00878
66.7	0.00846
66.71	0.00804
66.72	0.00756
66.73	0.00704
66.74	0.00653
66.75	0.00602
66.76	0.00554
66.77	0.00509
66.78	0.00464
66.79	0.00419
66.8	0.00375
66.81	0.00331
66.82	0.00289
66.83	0.00248
66.84	0.00207
66.85	0.00167
66.86	0.00130
66.87	0.00092
66.88	0.00055
66.89	0.00020
66.9	-0.00015
66.91	-0.00049
66.92	-0.00082
66.93	-0.00113
66.94	-0.00145
66.95	-0.00175
66.96	-0.00204
66.97	-0.00232
66.98	-0.00259
66.99	-0.00285
67	-0.00311
67.01	-0.00336
67.02	-0.00359
67.03	-0.00382
67.04	-0.00401
67.05	-0.00405
67.06	-0.00384
67.07	-0.00338
67.08	-0.00273
67.09	-0.00202
67.1	-0.00131
67.11	-0.00067
67.12	-0.00007
67.13	0.00048
67.14	0.00102
67.15	0.00155
67.16	0.00207
67.17	0.00258
67.18	0.00308
67.19	0.00354
67.2	0.00390
67.21	0.00410
67.22	0.00414
67.23	0.00406
67.24	0.00392
67.25	0.00378
67.26	0.00366
67.27	0.00356
67.28	0.00347
67.29	0.00338
67.3	0.00329
67.31	0.00319
67.32	0.00308
67.33	0.00295
67.34	0.00277
67.35	0.00253
67.36	0.00224
67.37	0.00194
67.38	0.00164
67.39	0.00135
67.4	0.00108
67.41	0.00083
67.42	0.00059
67.43	0.00035
67.44	0.00012
67.45	-0.00011
67.46	-0.00032
67.47	-0.00053
67.48	-0.00073
67.49	-0.00092
67.5	-0.00110
67.51	-0.00126
67.52	-0.00140
67.53	-0.00148
67.54	-0.00151
67.55	-0.00152
67.56	-0.00152
67.57	-0.00152
67.58	-0.00152
67.59	-0.00153
67.6	-0.00154
67.61	-0.00155
67.62	-0.00155
67.63	-0.00155
67.64	-0.00155
67.65	-0.00155
67.66	-0.00154
67.67	-0.00154
67.68	-0.00154
67.69	-0.00154
67.7	-0.00153
67.71	-0.00153
67.72	-0.00152
67.73	-0.00151
67.74	-0.00150
67.75	-0.00150
67.76	-0.00149
67.77	-0.00149
67.78	-0.00148
67.79	-0.00147
67.8	-0.00146
67.81	-0.00144
67.82	-0.00143
67.83	-0.00142
67.84	-0.00139
67.85	-0.00134
67.86	-0.00126
67.87	-0.00117
67.88	-0.00108
67.89	-0.00099
67.9	-0.00090
67.91	-0.00083
67.92	-0.00076
67.93	-0.00069
67.94	-0.00063
67.95	-0.00057
67.96	-0.00051
67.97	-0.00047
67.98	-0.00047
67.99	-0.00052
68	-0.00062
68.01	-0.00075
68.02	-0.00087
68.03	-0.00099
68.04	-0.00110
68.05	-0.00119
68.06	-0.00126
68.07	-0.00134
68.08	-0.00140
68.09	-0.00148
68.1	-0.00154
68.11	-0.00158
68.12	-0.00158
68.13	-0.00154
68.14	-0.00145
68.15	-0.00134
68.16	-0.00122
68.17	-0.00112
68.18	-0.00102
68.19	-0.00094
68.2	-0.00086
68.21	-0.00077
68.22	-0.00070
68.23	-0.00063
68.24	-0.00057
68.25	-0.00050
68.26	-0.00045
68.27	-0.00040
68.28	-0.00035
68.29	-0.00032
68.3	-0.00029
68.31	-0.00028
68.32	-0.00028
68.33	-0.00030
68.34	-0.00032
68.35	-0.00032
68.36	-0.00034
68.37	-0.00034
68.38	-0.00035
68.39	-0.00036
68.4	-0.00037
68.41	-0.00038
68.42	-0.00039
68.43	-0.00039
68.44	-0.00040
68.45	-0.00040
68.46	-0.00041
68.47	-0.00041
68.48	-0.00041
68.49	-0.00039
68.5	-0.00038
68.51	-0.00036
68.52	-0.00034
68.53	-0.00033
68.54	-0.00032
68.55	-0.00032
68.56	-0.00033
68.57	-0.00033
68.58	-0.00034
68.59	-0.00034
68.6	-0.00034
68.61	-0.00035
68.62	-0.00035
68.63	-0.00035
68.64	-0.00035
68.65	-0.00035
68.66	-0.00035
68.67	-0.00036
68.68	-0.00036
68.69	-0.00036
68.7	-0.00036
68.71	-0.00037
68.72	-0.00038
68.73	-0.00040
68.74	-0.00042
68.75	-0.00044
68.76	-0.00045
68.77	-0.00046
68.78	-0.00046
68.79	-0.00046
68.8	-0.00044
68.81	-0.00043
68.82	-0.00041
68.83	-0.00040
68.84	-0.00039
68.85	-0.00038
68.86	-0.00037
68.87	-0.00035
68.88	-0.00034
68.89	-0.00033
68.9	-0.00032
68.91	-0.00032
68.92	-0.00032
68.93	-0.00031
68.94	-0.00031
68.95	-0.00030
68.96	-0.00030
68.97	-0.00029
68.98	-0.00029
68.99	-0.00028
69	-0.00028
69.01	-0.00027
69.02	-0.00027
69.03	-0.00026
69.04	-0.00026
69.05	-0.00025
69.06	-0.00025
69.07	-0.00024
69.08	-0.00024
69.09	-0.00023
69.1	-0.00023
69.11	-0.00023
69.12	-0.00023
69.13	-0.00022
69.14	-0.00022
69.15	-0.00021
69.16	-0.00021
69.17	-0.00021
69.18	-0.00020
69.19	-0.00020
69.2	-0.00020
69.21	-0.00019
69.22	-0.00019
69.23	-0.00018
69.24	-0.00018
69.25	-0.00018
69.26	-0.00017
69.27	-0.00017
69.28	-0.00017
69.29	-0.00016
69.3	-0.00016
69.31	-0.00016
69.32	-0.00015
69.33	-0.00015
69.34	-0.00015
69.35	-0.00015
69.36	-0.00014
69.37	-0.00014
69.38	-0.00014
69.39	-0.00014
69.4	-0.00014
69.41	-0.00014
69.42	-0.00014
69.43	-0.00014
69.44	-0.00013
69.45	-0.00013
69.46	-0.00013
69.47	-0.00013
69.48	-0.00012
69.49	-0.00012
69.5	-0.00012
69.51	-0.00012
69.52	-0.00011
69.53	-0.00011
69.54	-0.00011
69.55	-0.00011
69.56	-0.00010
69.57	-0.00010
69.58	-0.00010
69.59	-0.00010
69.6	-0.00009
69.61	-0.00009
69.62	-0.00009
69.63	-0.00009
69.64	-0.00008
69.65	-0.00008
69.66	-0.00008
69.67	-0.00007
69.68	-0.00007
69.69	-0.00007
69.7	-0.00007
69.71	-0.00006
69.72	-0.00006
69.73	-0.00006
69.74	-0.00006
69.75	-0.00005
69.76	-0.00005
69.77	-0.00005
69.78	-0.00005
69.79	-0.00005
69.8	-0.00005
69.81	-0.00005
69.82	-0.00005
69.83	-0.00004
69.84	-0.00004
69.85	-0.00004
69.86	-0.00004
69.87	-0.00003
69.88	-0.00003
69.89	-0.00003
69.9	-0.00002
69.91	-0.00002
69.92	-0.00002
69.93	-0.00002
69.94	-0.00001
69.95	-0.00001
69.96	-0.00001
69.97	-0.00001
69.98	0.00000
69.99	0.00000