t(s)	a(g)
0	0.00086
0.005	0.00086
0.01	-0.00008
0.015	-0.00008
0.02	-0.00008
0.025	-0.00008
0.03	-0.00008
0.035	-0.00007
0.04	-0.00007
0.045	-0.00007
0.05	-0.00006
0.055	-0.00005
0.06	-0.00005
0.065	-0.00005
0.07	-0.00005
0.075	-0.00005
0.08	-0.00006
0.085	-0.00006
0.09	-0.00009
0.095	-0.00011
0.1	-0.00013
0.105	-0.00014
0.11	-0.00018
0.115	-0.00022
0.12	-0.00025
0.125	-0.00028
0.13	-0.00031
0.135	-0.00035
0.14	-0.00038
0.145	-0.00040
0.15	-0.00041
0.155	-0.00042
0.16	-0.00044
0.165	-0.00044
0.17	-0.00043
0.175	-0.00042
0.18	-0.00042
0.185	-0.00041
0.19	-0.00039
0.195	-0.00037
0.2	-0.00035
0.205	-0.00034
0.21	-0.00033
0.215	-0.00033
0.22	-0.00032
0.225	-0.00033
0.23	-0.00033
0.235	-0.00033
0.24	-0.00033
0.245	-0.00033
0.25	-0.00034
0.255	-0.00033
0.26	-0.00032
0.265	-0.00031
0.27	-0.00029
0.275	-0.00027
0.28	-0.00026
0.285	-0.00025
0.29	-0.00026
0.295	-0.00028
0.3	-0.00030
0.305	-0.00032
0.31	-0.00035
0.315	-0.00036
0.32	-0.00038
0.325	-0.00038
0.33	-0.00036
0.335	-0.00034
0.34	-0.00033
0.345	-0.00032
0.35	-0.00031
0.355	-0.00032
0.36	-0.00034
0.365	-0.00040
0.37	-0.00044
0.375	-0.00051
0.38	-0.00059
0.385	-0.00067
0.39	-0.00074
0.395	-0.00077
0.4	-0.00078
0.405	-0.00075
0.41	-0.00068
0.415	-0.00059
0.42	-0.00043
0.425	-0.00028
0.43	-0.00013
0.435	0.00001
0.44	0.00010
0.445	0.00017
0.45	0.00021
0.455	0.00021
0.46	0.00017
0.465	0.00012
0.47	0.00005
0.475	-0.00003
0.48	-0.00013
0.485	-0.00023
0.49	-0.00036
0.495	-0.00049
0.5	-0.00063
0.505	-0.00077
0.51	-0.00092
0.515	-0.00104
0.52	-0.00116
0.525	-0.00122
0.53	-0.00125
0.535	-0.00122
0.54	-0.00112
0.545	-0.00095
0.55	-0.00070
0.555	-0.00043
0.56	-0.00011
0.565	0.00022
0.57	0.00052
0.575	0.00079
0.58	0.00099
0.585	0.00109
0.59	0.00109
0.595	0.00100
0.6	0.00080
0.605	0.00053
0.61	0.00022
0.615	-0.00016
0.62	-0.00056
0.625	-0.00097
0.63	-0.00139
0.635	-0.00176
0.64	-0.00206
0.645	-0.00229
0.65	-0.00243
0.655	-0.00250
0.66	-0.00249
0.665	-0.00243
0.67	-0.00230
0.675	-0.00211
0.68	-0.00187
0.685	-0.00159
0.69	-0.00131
0.695	-0.00104
0.7	-0.00079
0.705	-0.00059
0.71	-0.00041
0.715	-0.00030
0.72	-0.00027
0.725	-0.00032
0.73	-0.00047
0.735	-0.00067
0.74	-0.00094
0.745	-0.00123
0.75	-0.00154
0.755	-0.00185
0.76	-0.00211
0.765	-0.00233
0.77	-0.00252
0.775	-0.00266
0.78	-0.00278
0.785	-0.00288
0.79	-0.00298
0.795	-0.00305
0.8	-0.00311
0.805	-0.00315
0.81	-0.00315
0.815	-0.00314
0.82	-0.00311
0.825	-0.00308
0.83	-0.00306
0.835	-0.00302
0.84	-0.00298
0.845	-0.00294
0.85	-0.00292
0.855	-0.00290
0.86	-0.00289
0.865	-0.00288
0.87	-0.00288
0.875	-0.00286
0.88	-0.00282
0.885	-0.00273
0.89	-0.00257
0.895	-0.00232
0.9	-0.00200
0.905	-0.00160
0.91	-0.00117
0.915	-0.00070
0.92	-0.00023
0.925	0.00021
0.93	0.00059
0.935	0.00086
0.94	0.00100
0.945	0.00104
0.95	0.00096
0.955	0.00082
0.96	0.00063
0.965	0.00042
0.97	0.00028
0.975	0.00021
0.98	0.00028
0.985	0.00051
0.99	0.00092
0.995	0.00154
1	0.00232
1.005	0.00326
1.01	0.00430
1.015	0.00541
1.02	0.00653
1.025	0.00760
1.03	0.00851
1.035	0.00923
1.04	0.00968
1.045	0.00985
1.05	0.00967
1.055	0.00914
1.06	0.00828
1.065	0.00715
1.07	0.00577
1.075	0.00428
1.08	0.00277
1.085	0.00130
1.09	-0.00009
1.095	-0.00133
1.1	-0.00241
1.105	-0.00329
1.11	-0.00400
1.115	-0.00450
1.12	-0.00482
1.125	-0.00498
1.13	-0.00501
1.135	-0.00493
1.14	-0.00474
1.145	-0.00443
1.15	-0.00399
1.155	-0.00341
1.16	-0.00272
1.165	-0.00194
1.17	-0.00112
1.175	-0.00032
1.18	0.00036
1.185	0.00090
1.19	0.00122
1.195	0.00131
1.2	0.00122
1.205	0.00095
1.21	0.00058
1.215	0.00015
1.22	-0.00025
1.225	-0.00059
1.23	-0.00079
1.235	-0.00081
1.24	-0.00060
1.245	-0.00020
1.25	0.00041
1.255	0.00116
1.26	0.00203
1.265	0.00290
1.27	0.00368
1.275	0.00421
1.28	0.00445
1.285	0.00431
1.29	0.00376
1.295	0.00278
1.3	0.00143
1.305	-0.00023
1.31	-0.00208
1.315	-0.00401
1.32	-0.00591
1.325	-0.00768
1.33	-0.00923
1.335	-0.01050
1.34	-0.01146
1.345	-0.01209
1.35	-0.01245
1.355	-0.01256
1.36	-0.01250
1.365	-0.01228
1.37	-0.01198
1.375	-0.01161
1.38	-0.01121
1.385	-0.01074
1.39	-0.01018
1.395	-0.00952
1.4	-0.00868
1.405	-0.00761
1.41	-0.00630
1.415	-0.00469
1.42	-0.00278
1.425	-0.00059
1.43	0.00183
1.435	0.00437
1.44	0.00688
1.445	0.00927
1.45	0.01139
1.455	0.01311
1.46	0.01431
1.465	0.01491
1.47	0.01491
1.475	0.01438
1.48	0.01338
1.485	0.01202
1.49	0.01041
1.495	0.00873
1.5	0.00715
1.505	0.00583
1.51	0.00482
1.515	0.00416
1.52	0.00385
1.525	0.00391
1.53	0.00430
1.535	0.00497
1.54	0.00583
1.545	0.00679
1.55	0.00766
1.555	0.00835
1.56	0.00880
1.565	0.00901
1.57	0.00896
1.575	0.00866
1.58	0.00819
1.585	0.00758
1.59	0.00686
1.595	0.00606
1.6	0.00517
1.605	0.00426
1.61	0.00338
1.615	0.00261
1.62	0.00201
1.625	0.00167
1.63	0.00161
1.635	0.00183
1.64	0.00229
1.645	0.00292
1.65	0.00365
1.655	0.00437
1.66	0.00502
1.665	0.00556
1.67	0.00600
1.675	0.00637
1.68	0.00671
1.685	0.00699
1.69	0.00729
1.695	0.00759
1.7	0.00788
1.705	0.00813
1.71	0.00825
1.715	0.00823
1.72	0.00799
1.725	0.00753
1.73	0.00680
1.735	0.00574
1.74	0.00441
1.745	0.00288
1.75	0.00130
1.755	-0.00027
1.76	-0.00168
1.765	-0.00282
1.77	-0.00355
1.775	-0.00378
1.78	-0.00350
1.785	-0.00272
1.79	-0.00149
1.795	0.00005
1.8	0.00181
1.805	0.00361
1.81	0.00529
1.815	0.00676
1.82	0.00791
1.825	0.00871
1.83	0.00919
1.835	0.00933
1.84	0.00918
1.845	0.00872
1.85	0.00805
1.855	0.00719
1.86	0.00619
1.865	0.00505
1.87	0.00378
1.875	0.00239
1.88	0.00096
1.885	-0.00042
1.89	-0.00168
1.895	-0.00272
1.9	-0.00345
1.905	-0.00382
1.91	-0.00382
1.915	-0.00347
1.92	-0.00286
1.925	-0.00206
1.93	-0.00121
1.935	-0.00040
1.94	0.00026
1.945	0.00064
1.95	0.00070
1.955	0.00039
1.96	-0.00031
1.965	-0.00136
1.97	-0.00269
1.975	-0.00425
1.98	-0.00587
1.985	-0.00744
1.99	-0.00885
1.995	-0.00999
2	-0.01085
2.005	-0.01145
2.01	-0.01178
2.015	-0.01187
2.02	-0.01177
2.025	-0.01160
2.03	-0.01141
2.035	-0.01122
2.04	-0.01108
2.045	-0.01101
2.05	-0.01099
2.055	-0.01102
2.06	-0.01110
2.065	-0.01120
2.07	-0.01124
2.075	-0.01117
2.08	-0.01085
2.085	-0.01018
2.09	-0.00909
2.095	-0.00762
2.1	-0.00590
2.105	-0.00410
2.11	-0.00230
2.115	-0.00062
2.12	0.00098
2.125	0.00252
2.13	0.00402
2.135	0.00545
2.14	0.00678
2.145	0.00795
2.15	0.00893
2.155	0.00971
2.16	0.01031
2.165	0.01075
2.17	0.01109
2.175	0.01142
2.18	0.01180
2.185	0.01225
2.19	0.01278
2.195	0.01337
2.2	0.01394
2.205	0.01445
2.21	0.01483
2.215	0.01500
2.22	0.01491
2.225	0.01454
2.23	0.01388
2.235	0.01296
2.24	0.01185
2.245	0.01063
2.25	0.00936
2.255	0.00809
2.26	0.00692
2.265	0.00591
2.27	0.00507
2.275	0.00433
2.28	0.00365
2.285	0.00292
2.29	0.00207
2.295	0.00106
2.3	-0.00013
2.305	-0.00149
2.31	-0.00305
2.315	-0.00475
2.32	-0.00660
2.325	-0.00851
2.33	-0.01040
2.335	-0.01212
2.34	-0.01362
2.345	-0.01483
2.35	-0.01580
2.355	-0.01660
2.36	-0.01730
2.365	-0.01796
2.37	-0.01868
2.375	-0.01949
2.38	-0.02048
2.385	-0.02168
2.39	-0.02306
2.395	-0.02453
2.4	-0.02599
2.405	-0.02732
2.41	-0.02840
2.415	-0.02917
2.42	-0.02960
2.425	-0.02971
2.43	-0.02950
2.435	-0.02903
2.44	-0.02828
2.445	-0.02730
2.45	-0.02614
2.455	-0.02489
2.46	-0.02366
2.465	-0.02254
2.47	-0.02151
2.475	-0.02055
2.48	-0.01958
2.485	-0.01855
2.49	-0.01740
2.495	-0.01605
2.5	-0.01450
2.505	-0.01275
2.51	-0.01092
2.515	-0.00905
2.52	-0.00720
2.525	-0.00546
2.53	-0.00395
2.535	-0.00274
2.54	-0.00184
2.545	-0.00126
2.55	-0.00095
2.555	-0.00088
2.56	-0.00100
2.565	-0.00122
2.57	-0.00152
2.575	-0.00189
2.58	-0.00232
2.585	-0.00282
2.59	-0.00338
2.595	-0.00401
2.6	-0.00472
2.605	-0.00539
2.61	-0.00599
2.615	-0.00648
2.62	-0.00688
2.625	-0.00717
2.63	-0.00735
2.635	-0.00743
2.64	-0.00736
2.645	-0.00708
2.65	-0.00662
2.655	-0.00599
2.66	-0.00530
2.665	-0.00454
2.67	-0.00378
2.675	-0.00309
2.68	-0.00252
2.685	-0.00209
2.69	-0.00185
2.695	-0.00182
2.7	-0.00199
2.705	-0.00238
2.71	-0.00297
2.715	-0.00376
2.72	-0.00473
2.725	-0.00585
2.73	-0.00707
2.735	-0.00833
2.74	-0.00950
2.745	-0.01049
2.75	-0.01125
2.755	-0.01169
2.76	-0.01178
2.765	-0.01151
2.77	-0.01089
2.775	-0.01000
2.78	-0.00892
2.785	-0.00767
2.79	-0.00631
2.795	-0.00494
2.8	-0.00364
2.805	-0.00247
2.81	-0.00146
2.815	-0.00066
2.82	-0.00012
2.825	0.00015
2.83	0.00016
2.835	-0.00009
2.84	-0.00053
2.845	-0.00112
2.85	-0.00184
2.855	-0.00259
2.86	-0.00331
2.865	-0.00392
2.87	-0.00437
2.875	-0.00462
2.88	-0.00464
2.885	-0.00446
2.89	-0.00410
2.895	-0.00364
2.9	-0.00311
2.905	-0.00264
2.91	-0.00229
2.915	-0.00213
2.92	-0.00223
2.925	-0.00261
2.93	-0.00326
2.935	-0.00414
2.94	-0.00525
2.945	-0.00652
2.95	-0.00792
2.955	-0.00938
2.96	-0.01079
2.965	-0.01206
2.97	-0.01310
2.975	-0.01386
2.98	-0.01431
2.985	-0.01443
2.99	-0.01425
2.995	-0.01382
3	-0.01320
3.005	-0.01249
3.01	-0.01170
3.015	-0.01092
3.02	-0.01012
3.025	-0.00931
3.03	-0.00837
3.035	-0.00724
3.04	-0.00581
3.045	-0.00410
3.05	-0.00201
3.055	0.00045
3.06	0.00325
3.065	0.00633
3.07	0.00965
3.075	0.01321
3.08	0.01692
3.085	0.02065
3.09	0.02425
3.095	0.02763
3.1	0.03074
3.105	0.03351
3.11	0.03588
3.115	0.03782
3.12	0.03932
3.125	0.04040
3.13	0.04116
3.135	0.04169
3.14	0.04209
3.145	0.04246
3.15	0.04286
3.155	0.04334
3.16	0.04393
3.165	0.04455
3.17	0.04516
3.175	0.04559
3.18	0.04566
3.185	0.04521
3.19	0.04417
3.195	0.04249
3.2	0.04022
3.205	0.03747
3.21	0.03438
3.215	0.03112
3.22	0.02781
3.225	0.02458
3.23	0.02158
3.235	0.01891
3.24	0.01665
3.245	0.01489
3.25	0.01363
3.255	0.01287
3.26	0.01255
3.265	0.01260
3.27	0.01289
3.275	0.01329
3.28	0.01371
3.285	0.01403
3.29	0.01424
3.295	0.01427
3.3	0.01410
3.305	0.01373
3.31	0.01317
3.315	0.01245
3.32	0.01153
3.325	0.01040
3.33	0.00909
3.335	0.00764
3.34	0.00611
3.345	0.00452
3.35	0.00296
3.355	0.00143
3.36	-0.00004
3.365	-0.00145
3.37	-0.00277
3.375	-0.00399
3.38	-0.00507
3.385	-0.00596
3.39	-0.00662
3.395	-0.00702
3.4	-0.00718
3.405	-0.00715
3.41	-0.00695
3.415	-0.00660
3.42	-0.00614
3.425	-0.00564
3.43	-0.00515
3.435	-0.00471
3.44	-0.00434
3.445	-0.00401
3.45	-0.00369
3.455	-0.00338
3.46	-0.00306
3.465	-0.00266
3.47	-0.00213
3.475	-0.00145
3.48	-0.00064
3.485	0.00028
3.49	0.00131
3.495	0.00246
3.5	0.00366
3.505	0.00484
3.51	0.00589
3.515	0.00671
3.52	0.00723
3.525	0.00735
3.53	0.00705
3.535	0.00631
3.54	0.00514
3.545	0.00364
3.55	0.00186
3.555	-0.00004
3.56	-0.00194
3.565	-0.00372
3.57	-0.00528
3.575	-0.00652
3.58	-0.00734
3.585	-0.00774
3.59	-0.00771
3.595	-0.00728
3.6	-0.00644
3.605	-0.00524
3.61	-0.00371
3.615	-0.00193
3.62	0.00005
3.625	0.00215
3.63	0.00437
3.635	0.00665
3.64	0.00900
3.645	0.01139
3.65	0.01381
3.655	0.01616
3.66	0.01840
3.665	0.02047
3.67	0.02230
3.675	0.02384
3.68	0.02501
3.685	0.02581
3.69	0.02624
3.695	0.02632
3.7	0.02607
3.705	0.02554
3.71	0.02478
3.715	0.02381
3.72	0.02263
3.725	0.02127
3.73	0.01974
3.735	0.01808
3.74	0.01634
3.745	0.01457
3.75	0.01288
3.755	0.01132
3.76	0.00997
3.765	0.00886
3.77	0.00798
3.775	0.00734
3.78	0.00690
3.785	0.00666
3.79	0.00656
3.795	0.00653
3.8	0.00656
3.805	0.00660
3.81	0.00659
3.815	0.00650
3.82	0.00626
3.825	0.00581
3.83	0.00514
3.835	0.00428
3.84	0.00320
3.845	0.00193
3.85	0.00055
3.855	-0.00093
3.86	-0.00245
3.865	-0.00396
3.87	-0.00541
3.875	-0.00677
3.88	-0.00801
3.885	-0.00906
3.89	-0.00981
3.895	-0.01017
3.9	-0.01007
3.905	-0.00944
3.91	-0.00830
3.915	-0.00664
3.92	-0.00453
3.925	-0.00205
3.93	0.00061
3.935	0.00333
3.94	0.00592
3.945	0.00826
3.95	0.01022
3.955	0.01171
3.96	0.01265
3.965	0.01301
3.97	0.01273
3.975	0.01185
3.98	0.01043
3.985	0.00860
3.99	0.00648
3.995	0.00421
4	0.00193
4.005	-0.00023
4.01	-0.00210
4.015	-0.00362
4.02	-0.00474
4.025	-0.00545
4.03	-0.00572
4.035	-0.00558
4.04	-0.00512
4.045	-0.00435
4.05	-0.00330
4.055	-0.00201
4.06	-0.00048
4.065	0.00124
4.07	0.00311
4.075	0.00511
4.08	0.00718
4.085	0.00929
4.09	0.01139
4.095	0.01342
4.1	0.01537
4.105	0.01721
4.11	0.01891
4.115	0.02048
4.12	0.02192
4.125	0.02316
4.13	0.02413
4.135	0.02480
4.14	0.02516
4.145	0.02518
4.15	0.02489
4.155	0.02426
4.16	0.02331
4.165	0.02207
4.17	0.02055
4.175	0.01877
4.18	0.01679
4.185	0.01453
4.19	0.01198
4.195	0.00914
4.2	0.00607
4.205	0.00290
4.21	-0.00024
4.215	-0.00321
4.22	-0.00583
4.225	-0.00797
4.23	-0.00952
4.235	-0.01042
4.24	-0.01067
4.245	-0.01033
4.25	-0.00951
4.255	-0.00832
4.26	-0.00686
4.265	-0.00527
4.27	-0.00367
4.275	-0.00220
4.28	-0.00092
4.285	0.00010
4.29	0.00082
4.295	0.00121
4.3	0.00123
4.305	0.00092
4.31	0.00028
4.315	-0.00068
4.32	-0.00194
4.325	-0.00347
4.33	-0.00522
4.335	-0.00716
4.34	-0.00921
4.345	-0.01135
4.35	-0.01353
4.355	-0.01568
4.36	-0.01770
4.365	-0.01954
4.37	-0.02116
4.375	-0.02248
4.38	-0.02348
4.385	-0.02411
4.39	-0.02433
4.395	-0.02408
4.4	-0.02343
4.405	-0.02237
4.41	-0.02099
4.415	-0.01936
4.42	-0.01762
4.425	-0.01589
4.43	-0.01434
4.435	-0.01307
4.44	-0.01218
4.445	-0.01175
4.45	-0.01180
4.455	-0.01228
4.46	-0.01314
4.465	-0.01428
4.47	-0.01557
4.475	-0.01691
4.48	-0.01824
4.485	-0.01945
4.49	-0.02047
4.495	-0.02123
4.5	-0.02173
4.505	-0.02192
4.51	-0.02174
4.515	-0.02123
4.52	-0.02034
4.525	-0.01910
4.53	-0.01748
4.535	-0.01546
4.54	-0.01310
4.545	-0.01046
4.55	-0.00762
4.555	-0.00474
4.56	-0.00193
4.565	0.00072
4.57	0.00313
4.575	0.00530
4.58	0.00719
4.585	0.00879
4.59	0.01010
4.595	0.01111
4.6	0.01184
4.605	0.01234
4.61	0.01267
4.615	0.01293
4.62	0.01322
4.625	0.01364
4.63	0.01427
4.635	0.01517
4.64	0.01636
4.645	0.01781
4.65	0.01943
4.655	0.02112
4.66	0.02275
4.665	0.02420
4.67	0.02535
4.675	0.02609
4.68	0.02632
4.685	0.02596
4.69	0.02503
4.695	0.02355
4.7	0.02161
4.705	0.01927
4.71	0.01665
4.715	0.01384
4.72	0.01096
4.725	0.00812
4.73	0.00540
4.735	0.00287
4.74	0.00058
4.745	-0.00145
4.75	-0.00319
4.755	-0.00464
4.76	-0.00584
4.765	-0.00680
4.77	-0.00752
4.775	-0.00805
4.78	-0.00842
4.785	-0.00866
4.79	-0.00880
4.795	-0.00889
4.8	-0.00896
4.805	-0.00902
4.81	-0.00906
4.815	-0.00910
4.82	-0.00914
4.825	-0.00918
4.83	-0.00928
4.835	-0.00950
4.84	-0.00984
4.845	-0.01028
4.85	-0.01078
4.855	-0.01128
4.86	-0.01173
4.865	-0.01212
4.87	-0.01246
4.875	-0.01270
4.88	-0.01285
4.885	-0.01287
4.89	-0.01271
4.895	-0.01241
4.9	-0.01193
4.905	-0.01129
4.91	-0.01046
4.915	-0.00945
4.92	-0.00830
4.925	-0.00701
4.93	-0.00559
4.935	-0.00407
4.94	-0.00248
4.945	-0.00086
4.95	0.00083
4.955	0.00260
4.96	0.00446
4.965	0.00644
4.97	0.00855
4.975	0.01074
4.98	0.01292
4.985	0.01503
4.99	0.01702
4.995	0.01887
5	0.02057
5.005	0.02210
5.01	0.02349
5.015	0.02471
5.02	0.02579
5.025	0.02667
5.03	0.02732
5.035	0.02769
5.04	0.02772
5.045	0.02736
5.05	0.02662
5.055	0.02554
5.06	0.02426
5.065	0.02289
5.07	0.02158
5.075	0.02043
5.08	0.01954
5.085	0.01892
5.09	0.01854
5.095	0.01837
5.1	0.01830
5.105	0.01823
5.11	0.01814
5.115	0.01796
5.12	0.01770
5.125	0.01737
5.13	0.01691
5.135	0.01634
5.14	0.01566
5.145	0.01490
5.15	0.01409
5.155	0.01326
5.16	0.01245
5.165	0.01172
5.17	0.01112
5.175	0.01069
5.18	0.01049
5.185	0.01049
5.19	0.01065
5.195	0.01089
5.2	0.01112
5.205	0.01126
5.21	0.01124
5.215	0.01107
5.22	0.01076
5.225	0.01031
5.23	0.00982
5.235	0.00928
5.24	0.00872
5.245	0.00814
5.25	0.00752
5.255	0.00682
5.26	0.00603
5.265	0.00516
5.27	0.00419
5.275	0.00322
5.28	0.00235
5.285	0.00160
5.29	0.00101
5.295	0.00059
5.3	0.00035
5.305	0.00025
5.31	0.00024
5.315	0.00024
5.32	0.00018
5.325	-0.00005
5.33	-0.00054
5.335	-0.00133
5.34	-0.00250
5.345	-0.00410
5.35	-0.00610
5.355	-0.00848
5.36	-0.01114
5.365	-0.01398
5.37	-0.01684
5.375	-0.01954
5.38	-0.02196
5.385	-0.02402
5.39	-0.02572
5.395	-0.02705
5.4	-0.02808
5.405	-0.02882
5.41	-0.02930
5.415	-0.02952
5.42	-0.02948
5.425	-0.02919
5.43	-0.02864
5.435	-0.02782
5.44	-0.02678
5.445	-0.02561
5.45	-0.02437
5.455	-0.02315
5.46	-0.02201
5.465	-0.02097
5.47	-0.02006
5.475	-0.01927
5.48	-0.01857
5.485	-0.01792
5.49	-0.01734
5.495	-0.01679
5.5	-0.01625
5.505	-0.01569
5.51	-0.01504
5.515	-0.01432
5.52	-0.01354
5.525	-0.01271
5.53	-0.01186
5.535	-0.01104
5.54	-0.01030
5.545	-0.00960
5.55	-0.00901
5.555	-0.00851
5.56	-0.00814
5.565	-0.00788
5.57	-0.00777
5.575	-0.00780
5.58	-0.00797
5.585	-0.00822
5.59	-0.00848
5.595	-0.00874
5.6	-0.00896
5.605	-0.00913
5.61	-0.00919
5.615	-0.00915
5.62	-0.00908
5.625	-0.00896
5.63	-0.00884
5.635	-0.00872
5.64	-0.00858
5.645	-0.00835
5.65	-0.00801
5.655	-0.00748
5.66	-0.00672
5.665	-0.00571
5.67	-0.00446
5.675	-0.00305
5.68	-0.00153
5.685	-0.00001
5.69	0.00145
5.695	0.00273
5.7	0.00379
5.705	0.00459
5.71	0.00511
5.715	0.00538
5.72	0.00541
5.725	0.00525
5.73	0.00493
5.735	0.00450
5.74	0.00398
5.745	0.00339
5.75	0.00272
5.755	0.00197
5.76	0.00111
5.765	0.00010
5.77	-0.00105
5.775	-0.00238
5.78	-0.00390
5.785	-0.00563
5.79	-0.00753
5.795	-0.00960
5.8	-0.01176
5.805	-0.01393
5.81	-0.01602
5.815	-0.01793
5.82	-0.01956
5.825	-0.02083
5.83	-0.02166
5.835	-0.02207
5.84	-0.02201
5.845	-0.02151
5.85	-0.02062
5.855	-0.01940
5.86	-0.01796
5.865	-0.01642
5.87	-0.01485
5.875	-0.01339
5.88	-0.01207
5.885	-0.01090
5.89	-0.00986
5.895	-0.00896
5.9	-0.00820
5.905	-0.00760
5.91	-0.00716
5.915	-0.00690
5.92	-0.00686
5.925	-0.00702
5.93	-0.00739
5.935	-0.00792
5.94	-0.00856
5.945	-0.00925
5.95	-0.00997
5.955	-0.01064
5.96	-0.01121
5.965	-0.01160
5.97	-0.01179
5.975	-0.01171
5.98	-0.01136
5.985	-0.01072
5.99	-0.00976
5.995	-0.00851
6	-0.00705
6.005	-0.00542
6.01	-0.00367
6.015	-0.00185
6.02	-0.00003
6.025	0.00180
6.03	0.00365
6.035	0.00554
6.04	0.00750
6.045	0.00951
6.05	0.01150
6.055	0.01343
6.06	0.01524
6.065	0.01689
6.07	0.01837
6.075	0.01963
6.08	0.02070
6.085	0.02162
6.09	0.02239
6.095	0.02305
6.1	0.02362
6.105	0.02416
6.11	0.02466
6.115	0.02509
6.12	0.02543
6.125	0.02563
6.13	0.02568
6.135	0.02557
6.14	0.02533
6.145	0.02498
6.15	0.02452
6.155	0.02399
6.16	0.02342
6.165	0.02281
6.17	0.02219
6.175	0.02154
6.18	0.02086
6.185	0.02014
6.19	0.01943
6.195	0.01870
6.2	0.01796
6.205	0.01716
6.21	0.01634
6.215	0.01552
6.22	0.01472
6.225	0.01396
6.23	0.01327
6.235	0.01265
6.24	0.01212
6.245	0.01171
6.25	0.01136
6.255	0.01104
6.26	0.01074
6.265	0.01040
6.27	0.01002
6.275	0.00958
6.28	0.00911
6.285	0.00866
6.29	0.00830
6.295	0.00808
6.3	0.00801
6.305	0.00804
6.31	0.00813
6.315	0.00826
6.32	0.00840
6.325	0.00855
6.33	0.00870
6.335	0.00888
6.34	0.00914
6.345	0.00945
6.35	0.00978
6.355	0.01009
6.36	0.01031
6.365	0.01033
6.37	0.01010
6.375	0.00951
6.38	0.00851
6.385	0.00704
6.39	0.00512
6.395	0.00285
6.4	0.00027
6.405	-0.00249
6.41	-0.00532
6.415	-0.00806
6.42	-0.01057
6.425	-0.01270
6.43	-0.01434
6.435	-0.01540
6.44	-0.01580
6.445	-0.01556
6.45	-0.01479
6.455	-0.01363
6.46	-0.01223
6.465	-0.01080
6.47	-0.00952
6.475	-0.00858
6.48	-0.00805
6.485	-0.00803
6.49	-0.00852
6.495	-0.00942
6.5	-0.01062
6.505	-0.01197
6.51	-0.01333
6.515	-0.01459
6.52	-0.01564
6.525	-0.01641
6.53	-0.01689
6.535	-0.01718
6.54	-0.01739
6.545	-0.01763
6.55	-0.01798
6.555	-0.01851
6.56	-0.01929
6.565	-0.02030
6.57	-0.02160
6.575	-0.02313
6.58	-0.02487
6.585	-0.02677
6.59	-0.02873
6.595	-0.03068
6.6	-0.03254
6.605	-0.03416
6.61	-0.03544
6.615	-0.03635
6.62	-0.03687
6.625	-0.03704
6.63	-0.03686
6.635	-0.03638
6.64	-0.03567
6.645	-0.03481
6.65	-0.03392
6.655	-0.03314
6.66	-0.03254
6.665	-0.03218
6.67	-0.03218
6.675	-0.03248
6.68	-0.03312
6.685	-0.03407
6.69	-0.03532
6.695	-0.03683
6.7	-0.03853
6.705	-0.04037
6.71	-0.04234
6.715	-0.04445
6.72	-0.04671
6.725	-0.04910
6.73	-0.05158
6.735	-0.05408
6.74	-0.05649
6.745	-0.05872
6.75	-0.06066
6.755	-0.06229
6.76	-0.06356
6.765	-0.06452
6.77	-0.06517
6.775	-0.06554
6.78	-0.06566
6.785	-0.06552
6.79	-0.06514
6.795	-0.06449
6.8	-0.06359
6.805	-0.06244
6.81	-0.06106
6.815	-0.05948
6.82	-0.05771
6.825	-0.05581
6.83	-0.05387
6.835	-0.05202
6.84	-0.05028
6.845	-0.04866
6.85	-0.04717
6.855	-0.04581
6.86	-0.04455
6.865	-0.04339
6.87	-0.04225
6.875	-0.04108
6.88	-0.03981
6.885	-0.03841
6.89	-0.03687
6.895	-0.03523
6.9	-0.03353
6.905	-0.03179
6.91	-0.03010
6.915	-0.02849
6.92	-0.02704
6.925	-0.02574
6.93	-0.02459
6.935	-0.02357
6.94	-0.02260
6.945	-0.02157
6.95	-0.02041
6.955	-0.01905
6.96	-0.01743
6.965	-0.01552
6.97	-0.01329
6.975	-0.01077
6.98	-0.00803
6.985	-0.00515
6.99	-0.00222
6.995	0.00065
7	0.00338
7.005	0.00598
7.01	0.00843
7.015	0.01079
7.02	0.01313
7.025	0.01553
7.03	0.01807
7.035	0.02085
7.04	0.02396
7.045	0.02740
7.05	0.03114
7.055	0.03512
7.06	0.03917
7.065	0.04310
7.07	0.04674
7.075	0.04993
7.08	0.05256
7.085	0.05458
7.09	0.05593
7.095	0.05666
7.1	0.05682
7.105	0.05650
7.11	0.05585
7.115	0.05492
7.12	0.05380
7.125	0.05252
7.13	0.05106
7.135	0.04937
7.14	0.04738
7.145	0.04503
7.15	0.04226
7.155	0.03905
7.16	0.03542
7.165	0.03138
7.17	0.02706
7.175	0.02258
7.18	0.01805
7.185	0.01355
7.19	0.00917
7.195	0.00496
7.2	0.00093
7.205	-0.00296
7.21	-0.00672
7.215	-0.01040
7.22	-0.01397
7.225	-0.01742
7.23	-0.02075
7.235	-0.02390
7.24	-0.02677
7.245	-0.02920
7.25	-0.03107
7.255	-0.03228
7.26	-0.03272
7.265	-0.03228
7.27	-0.03092
7.275	-0.02862
7.28	-0.02549
7.285	-0.02168
7.29	-0.01736
7.295	-0.01272
7.3	-0.00793
7.305	-0.00319
7.31	0.00140
7.315	0.00573
7.32	0.00978
7.325	0.01353
7.33	0.01697
7.335	0.02007
7.34	0.02283
7.345	0.02516
7.35	0.02690
7.355	0.02801
7.36	0.02845
7.365	0.02822
7.37	0.02735
7.375	0.02591
7.38	0.02399
7.385	0.02173
7.39	0.01919
7.395	0.01651
7.4	0.01380
7.405	0.01121
7.41	0.00887
7.415	0.00687
7.42	0.00524
7.425	0.00403
7.43	0.00328
7.435	0.00299
7.44	0.00315
7.445	0.00374
7.45	0.00475
7.455	0.00616
7.46	0.00788
7.465	0.00980
7.47	0.01182
7.475	0.01387
7.48	0.01592
7.485	0.01801
7.49	0.02012
7.495	0.02224
7.5	0.02434
7.505	0.02639
7.51	0.02836
7.515	0.03020
7.52	0.03192
7.525	0.03345
7.53	0.03471
7.535	0.03561
7.54	0.03615
7.545	0.03637
7.55	0.03635
7.555	0.03621
7.56	0.03599
7.565	0.03577
7.57	0.03560
7.575	0.03560
7.58	0.03582
7.585	0.03628
7.59	0.03689
7.595	0.03753
7.6	0.03809
7.605	0.03849
7.61	0.03873
7.615	0.03876
7.62	0.03865
7.625	0.03841
7.63	0.03816
7.635	0.03795
7.64	0.03787
7.645	0.03800
7.65	0.03838
7.655	0.03896
7.66	0.03978
7.665	0.04077
7.67	0.04184
7.675	0.04292
7.68	0.04401
7.685	0.04506
7.69	0.04603
7.695	0.04684
7.7	0.04748
7.705	0.04789
7.71	0.04805
7.715	0.04799
7.72	0.04767
7.725	0.04716
7.73	0.04647
7.735	0.04561
7.74	0.04458
7.745	0.04328
7.75	0.04166
7.755	0.03966
7.76	0.03720
7.765	0.03425
7.77	0.03079
7.775	0.02681
7.78	0.02235
7.785	0.01741
7.79	0.01214
7.795	0.00668
7.8	0.00116
7.805	-0.00436
7.81	-0.00973
7.815	-0.01481
7.82	-0.01947
7.825	-0.02359
7.83	-0.02710
7.835	-0.02993
7.84	-0.03196
7.845	-0.03311
7.85	-0.03331
7.855	-0.03255
7.86	-0.03090
7.865	-0.02837
7.87	-0.02504
7.875	-0.02099
7.88	-0.01634
7.885	-0.01121
7.89	-0.00574
7.895	-0.00014
7.9	0.00542
7.905	0.01072
7.91	0.01555
7.915	0.01977
7.92	0.02327
7.925	0.02592
7.93	0.02768
7.935	0.02853
7.94	0.02855
7.945	0.02780
7.95	0.02639
7.955	0.02440
7.96	0.02194
7.965	0.01910
7.97	0.01591
7.975	0.01243
7.98	0.00864
7.985	0.00458
7.99	0.00023
7.995	-0.00442
8	-0.00932
8.005	-0.01445
8.01	-0.01971
8.015	-0.02503
8.02	-0.03029
8.025	-0.03535
8.03	-0.04013
8.035	-0.04457
8.04	-0.04862
8.045	-0.05225
8.05	-0.05544
8.055	-0.05817
8.06	-0.06040
8.065	-0.06205
8.07	-0.06304
8.075	-0.06339
8.08	-0.06307
8.085	-0.06209
8.09	-0.06048
8.095	-0.05828
8.1	-0.05553
8.105	-0.05229
8.11	-0.04859
8.115	-0.04451
8.12	-0.04016
8.125	-0.03564
8.13	-0.03108
8.135	-0.02655
8.14	-0.02218
8.145	-0.01805
8.15	-0.01419
8.155	-0.01066
8.16	-0.00748
8.165	-0.00465
8.17	-0.00211
8.175	0.00019
8.18	0.00225
8.185	0.00415
8.19	0.00589
8.195	0.00750
8.2	0.00894
8.205	0.01017
8.21	0.01113
8.215	0.01177
8.22	0.01206
8.225	0.01200
8.23	0.01159
8.235	0.01095
8.24	0.01016
8.245	0.00933
8.25	0.00851
8.255	0.00774
8.26	0.00701
8.265	0.00631
8.27	0.00561
8.275	0.00484
8.28	0.00392
8.285	0.00278
8.29	0.00137
8.295	-0.00035
8.3	-0.00234
8.305	-0.00456
8.31	-0.00696
8.315	-0.00945
8.32	-0.01195
8.325	-0.01434
8.33	-0.01650
8.335	-0.01830
8.34	-0.01965
8.345	-0.02050
8.35	-0.02083
8.355	-0.02065
8.36	-0.02003
8.365	-0.01901
8.37	-0.01767
8.375	-0.01604
8.38	-0.01422
8.385	-0.01226
8.39	-0.01023
8.395	-0.00825
8.4	-0.00636
8.405	-0.00457
8.41	-0.00293
8.415	-0.00146
8.42	-0.00014
8.425	0.00102
8.43	0.00200
8.435	0.00284
8.44	0.00361
8.445	0.00436
8.45	0.00513
8.455	0.00595
8.46	0.00685
8.465	0.00783
8.47	0.00887
8.475	0.00996
8.48	0.01103
8.485	0.01201
8.49	0.01287
8.495	0.01362
8.5	0.01421
8.505	0.01463
8.51	0.01489
8.515	0.01500
8.52	0.01505
8.525	0.01508
8.53	0.01513
8.535	0.01526
8.54	0.01555
8.545	0.01607
8.55	0.01684
8.555	0.01788
8.56	0.01912
8.565	0.02046
8.57	0.02180
8.575	0.02311
8.58	0.02435
8.585	0.02543
8.59	0.02624
8.595	0.02670
8.6	0.02674
8.605	0.02633
8.61	0.02547
8.615	0.02421
8.62	0.02259
8.625	0.02069
8.63	0.01852
8.635	0.01609
8.64	0.01337
8.645	0.01038
8.65	0.00713
8.655	0.00365
8.66	-0.00003
8.665	-0.00378
8.67	-0.00750
8.675	-0.01104
8.68	-0.01437
8.685	-0.01742
8.69	-0.02014
8.695	-0.02258
8.7	-0.02477
8.705	-0.02674
8.71	-0.02848
8.715	-0.03000
8.72	-0.03135
8.725	-0.03256
8.73	-0.03363
8.735	-0.03459
8.74	-0.03541
8.745	-0.03608
8.75	-0.03665
8.755	-0.03713
8.76	-0.03757
8.765	-0.03799
8.77	-0.03843
8.775	-0.03895
8.78	-0.03961
8.785	-0.04046
8.79	-0.04151
8.795	-0.04273
8.8	-0.04413
8.805	-0.04560
8.81	-0.04712
8.815	-0.04864
8.82	-0.05009
8.825	-0.05146
8.83	-0.05270
8.835	-0.05380
8.84	-0.05479
8.845	-0.05569
8.85	-0.05652
8.855	-0.05729
8.86	-0.05801
8.865	-0.05871
8.87	-0.05938
8.875	-0.06009
8.88	-0.06081
8.885	-0.06152
8.89	-0.06215
8.895	-0.06265
8.9	-0.06296
8.905	-0.06302
8.91	-0.06284
8.915	-0.06235
8.92	-0.06154
8.925	-0.06044
8.93	-0.05902
8.935	-0.05723
8.94	-0.05497
8.945	-0.05215
8.95	-0.04861
8.955	-0.04431
8.96	-0.03918
8.965	-0.03323
8.97	-0.02657
8.975	-0.01938
8.98	-0.01187
8.985	-0.00428
8.99	0.00313
8.995	0.01013
9	0.01653
9.005	0.02220
9.01	0.02705
9.015	0.03104
9.02	0.03416
9.025	0.03636
9.03	0.03767
9.035	0.03806
9.04	0.03760
9.045	0.03636
9.05	0.03441
9.055	0.03180
9.06	0.02863
9.065	0.02499
9.07	0.02097
9.075	0.01663
9.08	0.01204
9.085	0.00727
9.09	0.00240
9.095	-0.00250
9.1	-0.00735
9.105	-0.01205
9.11	-0.01653
9.115	-0.02068
9.12	-0.02442
9.125	-0.02766
9.13	-0.03033
9.135	-0.03238
9.14	-0.03383
9.145	-0.03473
9.15	-0.03511
9.155	-0.03505
9.16	-0.03459
9.165	-0.03383
9.17	-0.03289
9.175	-0.03190
9.18	-0.03100
9.185	-0.03029
9.19	-0.02989
9.195	-0.02992
9.2	-0.03039
9.205	-0.03133
9.21	-0.03267
9.215	-0.03434
9.22	-0.03624
9.225	-0.03821
9.23	-0.04004
9.235	-0.04161
9.24	-0.04270
9.245	-0.04318
9.25	-0.04298
9.255	-0.04204
9.26	-0.04039
9.265	-0.03806
9.27	-0.03517
9.275	-0.03183
9.28	-0.02818
9.285	-0.02437
9.29	-0.02051
9.295	-0.01668
9.3	-0.01296
9.305	-0.00946
9.31	-0.00623
9.315	-0.00331
9.32	-0.00069
9.325	0.00160
9.33	0.00364
9.335	0.00546
9.34	0.00717
9.345	0.00885
9.35	0.01049
9.355	0.01211
9.36	0.01376
9.365	0.01545
9.37	0.01728
9.375	0.01929
9.38	0.02149
9.385	0.02394
9.39	0.02661
9.395	0.02948
9.4	0.03247
9.405	0.03558
9.41	0.03874
9.415	0.04196
9.42	0.04522
9.425	0.04849
9.43	0.05172
9.435	0.05481
9.44	0.05770
9.445	0.06037
9.45	0.06281
9.455	0.06501
9.46	0.06694
9.465	0.06856
9.47	0.06985
9.475	0.07076
9.48	0.07133
9.485	0.07164
9.49	0.07171
9.495	0.07157
9.5	0.07116
9.505	0.07052
9.51	0.06970
9.515	0.06868
9.52	0.06747
9.525	0.06602
9.53	0.06431
9.535	0.06229
9.54	0.05989
9.545	0.05704
9.55	0.05362
9.555	0.04956
9.56	0.04479
9.565	0.03933
9.57	0.03327
9.575	0.02678
9.58	0.02016
9.585	0.01375
9.59	0.00791
9.595	0.00286
9.6	-0.00116
9.605	-0.00399
9.61	-0.00548
9.615	-0.00560
9.62	-0.00445
9.625	-0.00215
9.63	0.00111
9.635	0.00519
9.64	0.00990
9.645	0.01505
9.65	0.02051
9.655	0.02618
9.66	0.03197
9.665	0.03783
9.67	0.04371
9.675	0.04955
9.68	0.05528
9.685	0.06085
9.69	0.06620
9.695	0.07128
9.7	0.07606
9.705	0.08040
9.71	0.08419
9.715	0.08735
9.72	0.08972
9.725	0.09123
9.73	0.09179
9.735	0.09131
9.74	0.08973
9.745	0.08697
9.75	0.08298
9.755	0.07782
9.76	0.07162
9.765	0.06456
9.77	0.05690
9.775	0.04902
9.78	0.04127
9.785	0.03387
9.79	0.02699
9.795	0.02081
9.8	0.01547
9.805	0.01101
9.81	0.00744
9.815	0.00476
9.82	0.00294
9.825	0.00190
9.83	0.00152
9.835	0.00165
9.84	0.00217
9.845	0.00295
9.85	0.00388
9.855	0.00484
9.86	0.00578
9.865	0.00667
9.87	0.00748
9.875	0.00825
9.88	0.00901
9.885	0.00977
9.89	0.01056
9.895	0.01132
9.9	0.01203
9.905	0.01261
9.91	0.01303
9.915	0.01319
9.92	0.01307
9.925	0.01257
9.93	0.01165
9.935	0.01025
9.94	0.00829
9.945	0.00571
9.95	0.00247
9.955	-0.00148
9.96	-0.00612
9.965	-0.01144
9.97	-0.01737
9.975	-0.02383
9.98	-0.03070
9.985	-0.03786
9.99	-0.04522
9.995	-0.05264
10	-0.06001
10.005	-0.06718
10.01	-0.07402
10.015	-0.08033
10.02	-0.08600
10.025	-0.09088
10.03	-0.09490
10.035	-0.09797
10.04	-0.10002
10.045	-0.10096
10.05	-0.10073
10.055	-0.09925
10.06	-0.09649
10.065	-0.09234
10.07	-0.08670
10.075	-0.07947
10.08	-0.07062
10.085	-0.06022
10.09	-0.04838
10.095	-0.03532
10.1	-0.02137
10.105	-0.00686
10.11	0.00775
10.115	0.02204
10.12	0.03558
10.125	0.04800
10.13	0.05906
10.135	0.06860
10.14	0.07659
10.145	0.08303
10.15	0.08801
10.155	0.09162
10.16	0.09396
10.165	0.09511
10.17	0.09519
10.175	0.09426
10.18	0.09232
10.185	0.08939
10.19	0.08543
10.195	0.08044
10.2	0.07447
10.205	0.06757
10.21	0.05983
10.215	0.05139
10.22	0.04242
10.225	0.03314
10.23	0.02378
10.235	0.01460
10.24	0.00584
10.245	-0.00228
10.25	-0.00958
10.255	-0.01586
10.26	-0.02100
10.265	-0.02484
10.27	-0.02725
10.275	-0.02816
10.28	-0.02752
10.285	-0.02534
10.29	-0.02171
10.295	-0.01678
10.3	-0.01076
10.305	-0.00393
10.31	0.00338
10.315	0.01079
10.32	0.01798
10.325	0.02465
10.33	0.03052
10.335	0.03537
10.34	0.03901
10.345	0.04125
10.35	0.04198
10.355	0.04107
10.36	0.03846
10.365	0.03416
10.37	0.02828
10.375	0.02097
10.38	0.01247
10.385	0.00308
10.39	-0.00682
10.395	-0.01693
10.4	-0.02690
10.405	-0.03645
10.41	-0.04531
10.415	-0.05327
10.42	-0.06012
10.425	-0.06571
10.43	-0.06998
10.435	-0.07289
10.44	-0.07444
10.445	-0.07470
10.45	-0.07377
10.455	-0.07178
10.46	-0.06887
10.465	-0.06518
10.47	-0.06086
10.475	-0.05604
10.48	-0.05088
10.485	-0.04545
10.49	-0.03984
10.495	-0.03408
10.5	-0.02822
10.505	-0.02224
10.51	-0.01616
10.515	-0.00999
10.52	-0.00373
10.525	0.00262
10.53	0.00905
10.535	0.01552
10.54	0.02187
10.545	0.02804
10.55	0.03392
10.555	0.03940
10.56	0.04438
10.565	0.04869
10.57	0.05218
10.575	0.05477
10.58	0.05631
10.585	0.05668
10.59	0.05572
10.595	0.05335
10.6	0.04952
10.605	0.04423
10.61	0.03753
10.615	0.02957
10.62	0.02050
10.625	0.01052
10.63	-0.00008
10.635	-0.01097
10.64	-0.02186
10.645	-0.03245
10.65	-0.04243
10.655	-0.05156
10.66	-0.05967
10.665	-0.06665
10.67	-0.07240
10.675	-0.07689
10.68	-0.08015
10.685	-0.08220
10.69	-0.08310
10.695	-0.08294
10.7	-0.08181
10.705	-0.07979
10.71	-0.07691
10.715	-0.07322
10.72	-0.06880
10.725	-0.06366
10.73	-0.05778
10.735	-0.05123
10.74	-0.04410
10.745	-0.03658
10.75	-0.02882
10.755	-0.02106
10.76	-0.01352
10.765	-0.00640
10.77	0.00010
10.775	0.00578
10.78	0.01050
10.785	0.01420
10.79	0.01681
10.795	0.01824
10.8	0.01848
10.805	0.01752
10.81	0.01543
10.815	0.01227
10.82	0.00816
10.825	0.00325
10.83	-0.00233
10.835	-0.00838
10.84	-0.01462
10.845	-0.02082
10.85	-0.02675
10.855	-0.03216
10.86	-0.03680
10.865	-0.04045
10.87	-0.04295
10.875	-0.04415
10.88	-0.04397
10.885	-0.04236
10.89	-0.03935
10.895	-0.03495
10.9	-0.02923
10.905	-0.02232
10.91	-0.01445
10.915	-0.00585
10.92	0.00323
10.925	0.01256
10.93	0.02188
10.935	0.03096
10.94	0.03957
10.945	0.04751
10.95	0.05459
10.955	0.06069
10.96	0.06578
10.965	0.06982
10.97	0.07282
10.975	0.07487
10.98	0.07604
10.985	0.07649
10.99	0.07629
10.995	0.07560
11	0.07450
11.005	0.07312
11.01	0.07153
11.015	0.06980
11.02	0.06800
11.025	0.06618
11.03	0.06444
11.035	0.06286
11.04	0.06147
11.045	0.06028
11.05	0.05933
11.055	0.05858
11.06	0.05800
11.065	0.05751
11.07	0.05702
11.075	0.05638
11.08	0.05548
11.085	0.05414
11.09	0.05229
11.095	0.04987
11.1	0.04691
11.105	0.04343
11.11	0.03956
11.115	0.03544
11.12	0.03125
11.125	0.02714
11.13	0.02320
11.135	0.01955
11.14	0.01621
11.145	0.01325
11.15	0.01071
11.155	0.00861
11.16	0.00703
11.165	0.00593
11.17	0.00534
11.175	0.00525
11.18	0.00567
11.185	0.00658
11.19	0.00795
11.195	0.00969
11.2	0.01170
11.205	0.01383
11.21	0.01598
11.215	0.01796
11.22	0.01967
11.225	0.02101
11.23	0.02184
11.235	0.02216
11.24	0.02194
11.245	0.02123
11.25	0.02007
11.255	0.01856
11.26	0.01684
11.265	0.01510
11.27	0.01349
11.275	0.01220
11.28	0.01131
11.285	0.01101
11.29	0.01138
11.295	0.01248
11.3	0.01440
11.305	0.01709
11.31	0.02050
11.315	0.02444
11.32	0.02871
11.325	0.03308
11.33	0.03736
11.335	0.04142
11.34	0.04513
11.345	0.04838
11.35	0.05112
11.355	0.05330
11.36	0.05491
11.365	0.05594
11.37	0.05643
11.375	0.05637
11.38	0.05571
11.385	0.05447
11.39	0.05265
11.395	0.05028
11.4	0.04747
11.405	0.04431
11.41	0.04090
11.415	0.03740
11.42	0.03400
11.425	0.03083
11.43	0.02803
11.435	0.02564
11.44	0.02364
11.445	0.02199
11.45	0.02062
11.455	0.01950
11.46	0.01851
11.465	0.01752
11.47	0.01640
11.475	0.01506
11.48	0.01344
11.485	0.01149
11.49	0.00923
11.495	0.00669
11.5	0.00399
11.505	0.00126
11.51	-0.00140
11.515	-0.00389
11.52	-0.00613
11.525	-0.00807
11.53	-0.00969
11.535	-0.01097
11.54	-0.01187
11.545	-0.01243
11.55	-0.01269
11.555	-0.01275
11.56	-0.01269
11.565	-0.01262
11.57	-0.01263
11.575	-0.01275
11.58	-0.01303
11.585	-0.01346
11.59	-0.01402
11.595	-0.01468
11.6	-0.01535
11.605	-0.01598
11.61	-0.01656
11.615	-0.01703
11.62	-0.01735
11.625	-0.01744
11.63	-0.01722
11.635	-0.01656
11.64	-0.01536
11.645	-0.01352
11.65	-0.01096
11.655	-0.00761
11.66	-0.00348
11.665	0.00140
11.67	0.00693
11.675	0.01296
11.68	0.01931
11.685	0.02573
11.69	0.03200
11.695	0.03782
11.7	0.04295
11.705	0.04711
11.71	0.05009
11.715	0.05177
11.72	0.05203
11.725	0.05079
11.73	0.04799
11.735	0.04361
11.74	0.03767
11.745	0.03027
11.75	0.02154
11.755	0.01167
11.76	0.00093
11.765	-0.01045
11.77	-0.02212
11.775	-0.03379
11.78	-0.04514
11.785	-0.05589
11.79	-0.06578
11.795	-0.07460
11.8	-0.08222
11.805	-0.08857
11.81	-0.09363
11.815	-0.09742
11.82	-0.10005
11.825	-0.10170
11.83	-0.10256
11.835	-0.10291
11.84	-0.10297
11.845	-0.10301
11.85	-0.10326
11.855	-0.10392
11.86	-0.10516
11.865	-0.10706
11.87	-0.10967
11.875	-0.11299
11.88	-0.11692
11.885	-0.12136
11.89	-0.12613
11.895	-0.13108
11.9	-0.13598
11.905	-0.14064
11.91	-0.14487
11.915	-0.14847
11.92	-0.15131
11.925	-0.15326
11.93	-0.15422
11.935	-0.15418
11.94	-0.15312
11.945	-0.15109
11.95	-0.14819
11.955	-0.14450
11.96	-0.14009
11.965	-0.13508
11.97	-0.12962
11.975	-0.12380
11.98	-0.11779
11.985	-0.11174
11.99	-0.10573
11.995	-0.09987
12	-0.09420
12.005	-0.08879
12.01	-0.08360
12.015	-0.07866
12.02	-0.07394
12.025	-0.06943
12.03	-0.06502
12.035	-0.06063
12.04	-0.05620
12.045	-0.05162
12.05	-0.04683
12.055	-0.04181
12.06	-0.03652
12.065	-0.03094
12.07	-0.02503
12.075	-0.01876
12.08	-0.01208
12.085	-0.00506
12.09	0.00227
12.095	0.00978
12.1	0.01737
12.105	0.02483
12.11	0.03203
12.115	0.03880
12.12	0.04500
12.125	0.05054
12.13	0.05531
12.135	0.05929
12.14	0.06250
12.145	0.06494
12.15	0.06668
12.155	0.06782
12.16	0.06845
12.165	0.06865
12.17	0.06857
12.175	0.06836
12.18	0.06812
12.185	0.06800
12.19	0.06805
12.195	0.06838
12.2	0.06899
12.205	0.06990
12.21	0.07106
12.215	0.07237
12.22	0.07372
12.225	0.07492
12.23	0.07580
12.235	0.07619
12.24	0.07595
12.245	0.07499
12.25	0.07322
12.255	0.07061
12.26	0.06713
12.265	0.06285
12.27	0.05784
12.275	0.05226
12.28	0.04627
12.285	0.04008
12.29	0.03389
12.295	0.02786
12.3	0.02213
12.305	0.01677
12.31	0.01184
12.315	0.00734
12.32	0.00325
12.325	-0.00047
12.33	-0.00385
12.335	-0.00697
12.34	-0.00983
12.345	-0.01247
12.35	-0.01492
12.355	-0.01718
12.36	-0.01923
12.365	-0.02105
12.37	-0.02262
12.375	-0.02389
12.38	-0.02484
12.385	-0.02545
12.39	-0.02573
12.395	-0.02566
12.4	-0.02524
12.405	-0.02454
12.41	-0.02358
12.415	-0.02234
12.42	-0.02080
12.425	-0.01895
12.43	-0.01673
12.435	-0.01409
12.44	-0.01093
12.445	-0.00717
12.45	-0.00278
12.455	0.00227
12.46	0.00793
12.465	0.01414
12.47	0.02084
12.475	0.02790
12.48	0.03515
12.485	0.04242
12.49	0.04949
12.495	0.05619
12.5	0.06235
12.505	0.06784
12.51	0.07257
12.515	0.07644
12.52	0.07942
12.525	0.08150
12.53	0.08267
12.535	0.08298
12.54	0.08246
12.545	0.08114
12.55	0.07910
12.555	0.07641
12.56	0.07313
12.565	0.06937
12.57	0.06526
12.575	0.06092
12.58	0.05655
12.585	0.05232
12.59	0.04836
12.595	0.04476
12.6	0.04160
12.605	0.03889
12.61	0.03663
12.615	0.03479
12.62	0.03332
12.625	0.03218
12.63	0.03128
12.635	0.03058
12.64	0.03003
12.645	0.02957
12.65	0.02916
12.655	0.02875
12.66	0.02832
12.665	0.02786
12.67	0.02739
12.675	0.02689
12.68	0.02640
12.685	0.02594
12.69	0.02555
12.695	0.02524
12.7	0.02507
12.705	0.02505
12.71	0.02519
12.715	0.02552
12.72	0.02596
12.725	0.02648
12.73	0.02706
12.735	0.02768
12.74	0.02831
12.745	0.02892
12.75	0.02945
12.755	0.02983
12.76	0.02998
12.765	0.02981
12.77	0.02926
12.775	0.02826
12.78	0.02678
12.785	0.02484
12.79	0.02245
12.795	0.01958
12.8	0.01626
12.805	0.01252
12.81	0.00840
12.815	0.00397
12.82	-0.00071
12.825	-0.00557
12.83	-0.01055
12.835	-0.01554
12.84	-0.02045
12.845	-0.02516
12.85	-0.02960
12.855	-0.03367
12.86	-0.03722
12.865	-0.04018
12.87	-0.04240
12.875	-0.04380
12.88	-0.04433
12.885	-0.04397
12.89	-0.04271
12.895	-0.04058
12.9	-0.03770
12.905	-0.03419
12.91	-0.03026
12.915	-0.02606
12.92	-0.02179
12.925	-0.01769
12.93	-0.01390
12.935	-0.01062
12.94	-0.00790
12.945	-0.00575
12.95	-0.00416
12.955	-0.00297
12.96	-0.00204
12.965	-0.00122
12.97	-0.00034
12.975	0.00072
12.98	0.00212
12.985	0.00400
12.99	0.00639
12.995	0.00935
13	0.01285
13.005	0.01685
13.01	0.02127
13.015	0.02603
13.02	0.03101
13.025	0.03614
13.03	0.04128
13.035	0.04635
13.04	0.05125
13.045	0.05591
13.05	0.06025
13.055	0.06420
13.06	0.06769
13.065	0.07065
13.07	0.07302
13.075	0.07474
13.08	0.07577
13.085	0.07604
13.09	0.07547
13.095	0.07404
13.1	0.07169
13.105	0.06842
13.11	0.06421
13.115	0.05910
13.12	0.05315
13.125	0.04644
13.13	0.03909
13.135	0.03123
13.14	0.02303
13.145	0.01464
13.15	0.00621
13.155	-0.00220
13.16	-0.01047
13.165	-0.01849
13.17	-0.02618
13.175	-0.03345
13.18	-0.04027
13.185	-0.04658
13.19	-0.05233
13.195	-0.05746
13.2	-0.06188
13.205	-0.06554
13.21	-0.06841
13.215	-0.07045
13.22	-0.07166
13.225	-0.07202
13.23	-0.07158
13.235	-0.07041
13.24	-0.06860
13.245	-0.06623
13.25	-0.06341
13.255	-0.06026
13.26	-0.05692
13.265	-0.05353
13.27	-0.05027
13.275	-0.04723
13.28	-0.04459
13.285	-0.04244
13.29	-0.04088
13.295	-0.03995
13.3	-0.03964
13.305	-0.03989
13.31	-0.04066
13.315	-0.04187
13.32	-0.04340
13.325	-0.04511
13.33	-0.04689
13.335	-0.04861
13.34	-0.05027
13.345	-0.05177
13.35	-0.05306
13.355	-0.05411
13.36	-0.05481
13.365	-0.05513
13.37	-0.05501
13.375	-0.05441
13.38	-0.05325
13.385	-0.05153
13.39	-0.04919
13.395	-0.04616
13.4	-0.04243
13.405	-0.03795
13.41	-0.03279
13.415	-0.02696
13.42	-0.02061
13.425	-0.01382
13.43	-0.00676
13.435	0.00041
13.44	0.00753
13.445	0.01446
13.45	0.02109
13.455	0.02730
13.46	0.03299
13.465	0.03806
13.47	0.04250
13.475	0.04627
13.48	0.04934
13.485	0.05171
13.49	0.05335
13.495	0.05425
13.5	0.05439
13.505	0.05373
13.51	0.05229
13.515	0.05015
13.52	0.04733
13.525	0.04388
13.53	0.03986
13.535	0.03536
13.54	0.03048
13.545	0.02535
13.55	0.02013
13.555	0.01492
13.56	0.00987
13.565	0.00509
13.57	0.00077
13.575	-0.00304
13.58	-0.00625
13.585	-0.00888
13.59	-0.01090
13.595	-0.01229
13.6	-0.01298
13.605	-0.01297
13.61	-0.01227
13.615	-0.01089
13.62	-0.00888
13.625	-0.00628
13.63	-0.00317
13.635	0.00037
13.64	0.00423
13.645	0.00835
13.65	0.01266
13.655	0.01705
13.66	0.02147
13.665	0.02592
13.67	0.03032
13.675	0.03465
13.68	0.03889
13.685	0.04298
13.69	0.04692
13.695	0.05063
13.7	0.05407
13.705	0.05716
13.71	0.05982
13.715	0.06199
13.72	0.06359
13.725	0.06457
13.73	0.06489
13.735	0.06460
13.74	0.06370
13.745	0.06225
13.75	0.06032
13.755	0.05800
13.76	0.05536
13.765	0.05250
13.77	0.04948
13.775	0.04640
13.78	0.04334
13.785	0.04028
13.79	0.03730
13.795	0.03442
13.8	0.03164
13.805	0.02900
13.81	0.02643
13.815	0.02396
13.82	0.02156
13.825	0.01921
13.83	0.01691
13.835	0.01471
13.84	0.01257
13.845	0.01051
13.85	0.00848
13.855	0.00647
13.86	0.00447
13.865	0.00246
13.87	0.00037
13.875	-0.00182
13.88	-0.00413
13.885	-0.00658
13.89	-0.00919
13.895	-0.01196
13.9	-0.01490
13.905	-0.01803
13.91	-0.02126
13.915	-0.02455
13.92	-0.02785
13.925	-0.03108
13.93	-0.03420
13.935	-0.03717
13.94	-0.03998
13.945	-0.04262
13.95	-0.04512
13.955	-0.04748
13.96	-0.04978
13.965	-0.05201
13.97	-0.05423
13.975	-0.05648
13.98	-0.05878
13.985	-0.06112
13.99	-0.06352
13.995	-0.06599
14	-0.06851
14.005	-0.07108
14.01	-0.07369
14.015	-0.07629
14.02	-0.07889
14.025	-0.08141
14.03	-0.08383
14.035	-0.08613
14.04	-0.08827
14.045	-0.09023
14.05	-0.09193
14.055	-0.09336
14.06	-0.09451
14.065	-0.09537
14.07	-0.09596
14.075	-0.09626
14.08	-0.09625
14.085	-0.09594
14.09	-0.09536
14.095	-0.09455
14.1	-0.09357
14.105	-0.09247
14.11	-0.09125
14.115	-0.09000
14.12	-0.08874
14.125	-0.08753
14.13	-0.08640
14.135	-0.08537
14.14	-0.08449
14.145	-0.08375
14.15	-0.08317
14.155	-0.08273
14.16	-0.08241
14.165	-0.08217
14.17	-0.08201
14.175	-0.08186
14.18	-0.08166
14.185	-0.08135
14.19	-0.08087
14.195	-0.08016
14.2	-0.07911
14.205	-0.07768
14.21	-0.07575
14.215	-0.07322
14.22	-0.07006
14.225	-0.06620
14.23	-0.06167
14.235	-0.05648
14.24	-0.05070
14.245	-0.04441
14.25	-0.03774
14.255	-0.03083
14.26	-0.02386
14.265	-0.01703
14.27	-0.01053
14.275	-0.00455
14.28	0.00080
14.285	0.00539
14.29	0.00914
14.295	0.01201
14.3	0.01397
14.305	0.01507
14.31	0.01534
14.315	0.01483
14.32	0.01361
14.325	0.01170
14.33	0.00916
14.335	0.00607
14.34	0.00248
14.345	-0.00151
14.35	-0.00586
14.355	-0.01052
14.36	-0.01541
14.365	-0.02050
14.37	-0.02572
14.375	-0.03101
14.38	-0.03629
14.385	-0.04148
14.39	-0.04651
14.395	-0.05127
14.4	-0.05567
14.405	-0.05965
14.41	-0.06315
14.415	-0.06612
14.42	-0.06855
14.425	-0.07043
14.43	-0.07178
14.435	-0.07260
14.44	-0.07293
14.445	-0.07279
14.45	-0.07227
14.455	-0.07142
14.46	-0.07029
14.465	-0.06891
14.47	-0.06737
14.475	-0.06568
14.48	-0.06395
14.485	-0.06224
14.49	-0.06062
14.495	-0.05912
14.5	-0.05783
14.505	-0.05682
14.51	-0.05612
14.515	-0.05579
14.52	-0.05588
14.525	-0.05638
14.53	-0.05729
14.535	-0.05855
14.54	-0.05998
14.545	-0.06128
14.55	-0.06213
14.555	-0.06215
14.56	-0.06098
14.565	-0.05831
14.57	-0.05387
14.575	-0.04765
14.58	-0.03983
14.585	-0.03101
14.59	-0.02226
14.595	-0.01469
14.6	-0.00862
14.605	-0.00392
14.61	-0.00049
14.615	0.00181
14.62	0.00317
14.625	0.00390
14.63	0.00424
14.635	0.00442
14.64	0.00456
14.645	0.00478
14.65	0.00512
14.655	0.00563
14.66	0.00631
14.665	0.00714
14.67	0.00810
14.675	0.00919
14.68	0.01040
14.685	0.01168
14.69	0.01304
14.695	0.01443
14.7	0.01577
14.705	0.01702
14.71	0.01814
14.715	0.01904
14.72	0.01970
14.725	0.02004
14.73	0.02006
14.735	0.01976
14.74	0.01913
14.745	0.01816
14.75	0.01693
14.755	0.01543
14.76	0.01375
14.765	0.01193
14.77	0.01002
14.775	0.00802
14.78	0.00598
14.785	0.00390
14.79	0.00179
14.795	-0.00033
14.8	-0.00242
14.805	-0.00446
14.81	-0.00641
14.815	-0.00820
14.82	-0.00979
14.825	-0.01117
14.83	-0.01234
14.835	-0.01332
14.84	-0.01412
14.845	-0.01481
14.85	-0.01539
14.855	-0.01591
14.86	-0.01644
14.865	-0.01703
14.87	-0.01774
14.875	-0.01864
14.88	-0.01976
14.885	-0.02113
14.89	-0.02274
14.895	-0.02452
14.9	-0.02641
14.905	-0.02833
14.91	-0.03029
14.915	-0.03222
14.92	-0.03410
14.925	-0.03591
14.93	-0.03767
14.935	-0.03930
14.94	-0.04080
14.945	-0.04213
14.95	-0.04325
14.955	-0.04414
14.96	-0.04477
14.965	-0.04511
14.97	-0.04513
14.975	-0.04483
14.98	-0.04420
14.985	-0.04327
14.99	-0.04208
14.995	-0.04068
15	-0.03909
15.005	-0.03733
15.01	-0.03544
15.015	-0.03345
15.02	-0.03138
15.025	-0.02926
15.03	-0.02708
15.035	-0.02486
15.04	-0.02260
15.045	-0.02032
15.05	-0.01798
15.055	-0.01553
15.06	-0.01292
15.065	-0.01011
15.07	-0.00710
15.075	-0.00392
15.08	-0.00056
15.085	0.00296
15.09	0.00659
15.095	0.01031
15.1	0.01409
15.105	0.01784
15.11	0.02149
15.115	0.02497
15.12	0.02825
15.125	0.03133
15.13	0.03417
15.135	0.03675
15.14	0.03907
15.145	0.04109
15.15	0.04283
15.155	0.04425
15.16	0.04539
15.165	0.04621
15.17	0.04672
15.175	0.04694
15.18	0.04691
15.185	0.04665
15.19	0.04621
15.195	0.04561
15.2	0.04491
15.205	0.04415
15.21	0.04332
15.215	0.04247
15.22	0.04156
15.225	0.04057
15.23	0.03947
15.235	0.03827
15.24	0.03696
15.245	0.03555
15.25	0.03401
15.255	0.03235
15.26	0.03058
15.265	0.02871
15.27	0.02678
15.275	0.02480
15.28	0.02282
15.285	0.02079
15.29	0.01880
15.295	0.01687
15.3	0.01505
15.305	0.01338
15.31	0.01192
15.315	0.01071
15.32	0.00976
15.325	0.00906
15.33	0.00859
15.335	0.00825
15.34	0.00804
15.345	0.00790
15.35	0.00781
15.355	0.00777
15.36	0.00774
15.365	0.00771
15.37	0.00767
15.375	0.00757
15.38	0.00744
15.385	0.00727
15.39	0.00709
15.395	0.00691
15.4	0.00675
15.405	0.00667
15.41	0.00669
15.415	0.00686
15.42	0.00724
15.425	0.00788
15.43	0.00887
15.435	0.01024
15.44	0.01206
15.445	0.01434
15.45	0.01709
15.455	0.02034
15.46	0.02404
15.465	0.02807
15.47	0.03234
15.475	0.03671
15.48	0.04113
15.485	0.04552
15.49	0.04983
15.495	0.05394
15.5	0.05779
15.505	0.06130
15.51	0.06448
15.515	0.06728
15.52	0.06970
15.525	0.07170
15.53	0.07336
15.535	0.07468
15.54	0.07569
15.545	0.07637
15.55	0.07676
15.555	0.07685
15.56	0.07664
15.565	0.07616
15.57	0.07538
15.575	0.07434
15.58	0.07301
15.585	0.07134
15.59	0.06934
15.595	0.06700
15.6	0.06429
15.605	0.06122
15.61	0.05782
15.615	0.05413
15.62	0.05018
15.625	0.04605
15.63	0.04173
15.635	0.03724
15.64	0.03261
15.645	0.02787
15.65	0.02310
15.655	0.01843
15.66	0.01393
15.665	0.00971
15.67	0.00581
15.675	0.00233
15.68	-0.00070
15.685	-0.00325
15.69	-0.00524
15.695	-0.00665
15.7	-0.00746
15.705	-0.00766
15.71	-0.00722
15.715	-0.00615
15.72	-0.00451
15.725	-0.00235
15.73	0.00033
15.735	0.00347
15.74	0.00701
15.745	0.01091
15.75	0.01511
15.755	0.01955
15.76	0.02414
15.765	0.02877
15.77	0.03338
15.775	0.03789
15.78	0.04221
15.785	0.04627
15.79	0.05002
15.795	0.05346
15.8	0.05653
15.805	0.05921
15.81	0.06151
15.815	0.06341
15.82	0.06493
15.825	0.06606
15.83	0.06683
15.835	0.06729
15.84	0.06749
15.845	0.06750
15.85	0.06735
15.855	0.06711
15.86	0.06686
15.865	0.06661
15.87	0.06641
15.875	0.06625
15.88	0.06618
15.885	0.06621
15.89	0.06640
15.895	0.06678
15.9	0.06738
15.905	0.06826
15.91	0.06941
15.915	0.07087
15.92	0.07265
15.925	0.07475
15.93	0.07709
15.935	0.07961
15.94	0.08227
15.945	0.08495
15.95	0.08761
15.955	0.09013
15.96	0.09243
15.965	0.09437
15.97	0.09584
15.975	0.09674
15.98	0.09700
15.985	0.09651
15.99	0.09520
15.995	0.09301
16	0.08990
16.005	0.08589
16.01	0.08097
16.015	0.07520
16.02	0.06871
16.025	0.06158
16.03	0.05399
16.035	0.04618
16.04	0.03834
16.045	0.03065
16.05	0.02321
16.055	0.01615
16.06	0.00950
16.065	0.00328
16.07	-0.00249
16.075	-0.00777
16.08	-0.01256
16.085	-0.01691
16.09	-0.02088
16.095	-0.02453
16.1	-0.02793
16.105	-0.03114
16.11	-0.03426
16.115	-0.03735
16.12	-0.04045
16.125	-0.04365
16.13	-0.04702
16.135	-0.05059
16.14	-0.05442
16.145	-0.05852
16.15	-0.06288
16.155	-0.06749
16.16	-0.07234
16.165	-0.07736
16.17	-0.08249
16.175	-0.08764
16.18	-0.09278
16.185	-0.09779
16.19	-0.10263
16.195	-0.10724
16.2	-0.11156
16.205	-0.11554
16.21	-0.11916
16.215	-0.12235
16.22	-0.12508
16.225	-0.12737
16.23	-0.12919
16.235	-0.13055
16.24	-0.13148
16.245	-0.13202
16.25	-0.13220
16.255	-0.13207
16.26	-0.13167
16.265	-0.13109
16.27	-0.13034
16.275	-0.12949
16.28	-0.12859
16.285	-0.12769
16.29	-0.12686
16.295	-0.12613
16.3	-0.12552
16.305	-0.12505
16.31	-0.12472
16.315	-0.12456
16.32	-0.12456
16.325	-0.12470
16.33	-0.12501
16.335	-0.12548
16.34	-0.12606
16.345	-0.12676
16.35	-0.12757
16.355	-0.12846
16.36	-0.12942
16.365	-0.13040
16.37	-0.13138
16.375	-0.13234
16.38	-0.13322
16.385	-0.13399
16.39	-0.13464
16.395	-0.13514
16.4	-0.13550
16.405	-0.13573
16.41	-0.13581
16.415	-0.13577
16.42	-0.13557
16.425	-0.13519
16.43	-0.13459
16.435	-0.13380
16.44	-0.13280
16.445	-0.13153
16.45	-0.13000
16.455	-0.12815
16.46	-0.12599
16.465	-0.12353
16.47	-0.12074
16.475	-0.11762
16.48	-0.11418
16.485	-0.11039
16.49	-0.10620
16.495	-0.10162
16.5	-0.09665
16.505	-0.09130
16.51	-0.08556
16.515	-0.07946
16.52	-0.07298
16.525	-0.06614
16.53	-0.05894
16.535	-0.05137
16.54	-0.04347
16.545	-0.03522
16.55	-0.02669
16.555	-0.01797
16.56	-0.00917
16.565	-0.00036
16.57	0.00838
16.575	0.01700
16.58	0.02547
16.585	0.03372
16.59	0.04167
16.595	0.04924
16.6	0.05632
16.605	0.06288
16.61	0.06888
16.615	0.07428
16.62	0.07911
16.625	0.08338
16.63	0.08714
16.635	0.09045
16.64	0.09339
16.645	0.09607
16.65	0.09856
16.655	0.10096
16.66	0.10335
16.665	0.10573
16.67	0.10820
16.675	0.11074
16.68	0.11336
16.685	0.11606
16.69	0.11884
16.695	0.12171
16.7	0.12464
16.705	0.12759
16.71	0.13053
16.715	0.13338
16.72	0.13611
16.725	0.13862
16.73	0.14082
16.735	0.14265
16.74	0.14401
16.745	0.14489
16.75	0.14531
16.755	0.14533
16.76	0.14496
16.765	0.14420
16.77	0.14308
16.775	0.14162
16.78	0.13988
16.785	0.13785
16.79	0.13559
16.795	0.13309
16.8	0.13041
16.805	0.12757
16.81	0.12459
16.815	0.12151
16.82	0.11831
16.825	0.11497
16.83	0.11140
16.835	0.10763
16.84	0.10364
16.845	0.09944
16.85	0.09504
16.855	0.09046
16.86	0.08571
16.865	0.08087
16.87	0.07602
16.875	0.07125
16.88	0.06665
16.885	0.06222
16.89	0.05802
16.895	0.05412
16.9	0.05048
16.905	0.04712
16.91	0.04405
16.915	0.04123
16.92	0.03870
16.925	0.03647
16.93	0.03453
16.935	0.03292
16.94	0.03161
16.945	0.03058
16.95	0.02983
16.955	0.02930
16.96	0.02898
16.965	0.02885
16.97	0.02883
16.975	0.02893
16.98	0.02908
16.985	0.02929
16.99	0.02954
16.995	0.02981
17	0.03006
17.005	0.03026
17.01	0.03038
17.015	0.03045
17.02	0.03044
17.025	0.03034
17.03	0.03015
17.035	0.02987
17.04	0.02950
17.045	0.02908
17.05	0.02862
17.055	0.02812
17.06	0.02760
17.065	0.02710
17.07	0.02665
17.075	0.02626
17.08	0.02593
17.085	0.02565
17.09	0.02537
17.095	0.02507
17.1	0.02469
17.105	0.02423
17.11	0.02368
17.115	0.02299
17.12	0.02217
17.125	0.02121
17.13	0.02015
17.135	0.01898
17.14	0.01776
17.145	0.01652
17.15	0.01531
17.155	0.01413
17.16	0.01303
17.165	0.01203
17.17	0.01117
17.175	0.01049
17.18	0.01000
17.185	0.00967
17.19	0.00951
17.195	0.00957
17.2	0.00981
17.205	0.01021
17.21	0.01076
17.215	0.01143
17.22	0.01225
17.225	0.01324
17.23	0.01438
17.235	0.01573
17.24	0.01725
17.245	0.01895
17.25	0.02084
17.255	0.02282
17.26	0.02489
17.265	0.02692
17.27	0.02889
17.275	0.03075
17.28	0.03253
17.285	0.03419
17.29	0.03569
17.295	0.03704
17.3	0.03821
17.305	0.03926
17.31	0.04020
17.315	0.04108
17.32	0.04190
17.325	0.04272
17.33	0.04356
17.335	0.04444
17.34	0.04537
17.345	0.04634
17.35	0.04736
17.355	0.04841
17.36	0.04947
17.365	0.05055
17.37	0.05162
17.375	0.05264
17.38	0.05358
17.385	0.05441
17.39	0.05504
17.395	0.05546
17.4	0.05559
17.405	0.05537
17.41	0.05471
17.415	0.05353
17.42	0.05179
17.425	0.04950
17.43	0.04674
17.435	0.04357
17.44	0.04010
17.445	0.03642
17.45	0.03266
17.455	0.02889
17.46	0.02519
17.465	0.02160
17.47	0.01815
17.475	0.01488
17.48	0.01175
17.485	0.00877
17.49	0.00593
17.495	0.00328
17.5	0.00079
17.505	-0.00153
17.51	-0.00367
17.515	-0.00567
17.52	-0.00752
17.525	-0.00926
17.53	-0.01090
17.535	-0.01245
17.54	-0.01391
17.545	-0.01532
17.55	-0.01665
17.555	-0.01790
17.56	-0.01906
17.565	-0.02008
17.57	-0.02100
17.575	-0.02177
17.58	-0.02240
17.585	-0.02287
17.59	-0.02318
17.595	-0.02333
17.6	-0.02333
17.605	-0.02318
17.61	-0.02291
17.615	-0.02250
17.62	-0.02196
17.625	-0.02135
17.63	-0.02074
17.635	-0.02016
17.64	-0.01965
17.645	-0.01921
17.65	-0.01885
17.655	-0.01853
17.66	-0.01831
17.665	-0.01816
17.67	-0.01812
17.675	-0.01813
17.68	-0.01815
17.685	-0.01816
17.69	-0.01812
17.695	-0.01800
17.7	-0.01780
17.705	-0.01753
17.71	-0.01716
17.715	-0.01670
17.72	-0.01609
17.725	-0.01537
17.73	-0.01454
17.735	-0.01366
17.74	-0.01274
17.745	-0.01185
17.75	-0.01103
17.755	-0.01031
17.76	-0.00974
17.765	-0.00929
17.77	-0.00902
17.775	-0.00895
17.78	-0.00907
17.785	-0.00939
17.79	-0.00986
17.795	-0.01047
17.8	-0.01117
17.805	-0.01193
17.81	-0.01271
17.815	-0.01345
17.82	-0.01409
17.825	-0.01459
17.83	-0.01490
17.835	-0.01497
17.84	-0.01477
17.845	-0.01427
17.85	-0.01347
17.855	-0.01242
17.86	-0.01112
17.865	-0.00966
17.87	-0.00806
17.875	-0.00638
17.88	-0.00463
17.885	-0.00287
17.89	-0.00112
17.895	0.00062
17.9	0.00237
17.905	0.00407
17.91	0.00572
17.915	0.00730
17.92	0.00885
17.925	0.01040
17.93	0.01199
17.935	0.01364
17.94	0.01536
17.945	0.01719
17.95	0.01913
17.955	0.02118
17.96	0.02333
17.965	0.02553
17.97	0.02777
17.975	0.02998
17.98	0.03216
17.985	0.03430
17.99	0.03634
17.995	0.03821
18	0.03992
18.005	0.04142
18.01	0.04272
18.015	0.04384
18.02	0.04479
18.025	0.04558
18.03	0.04617
18.035	0.04657
18.04	0.04680
18.045	0.04690
18.05	0.04690
18.055	0.04681
18.06	0.04667
18.065	0.04647
18.07	0.04627
18.075	0.04609
18.08	0.04591
18.085	0.04577
18.09	0.04568
18.095	0.04563
18.1	0.04567
18.105	0.04578
18.11	0.04597
18.115	0.04624
18.12	0.04654
18.125	0.04689
18.13	0.04726
18.135	0.04765
18.14	0.04804
18.145	0.04845
18.15	0.04884
18.155	0.04922
18.16	0.04957
18.165	0.04988
18.17	0.05015
18.175	0.05036
18.18	0.05048
18.185	0.05053
18.19	0.05042
18.195	0.05018
18.2	0.04980
18.205	0.04927
18.21	0.04858
18.215	0.04775
18.22	0.04678
18.225	0.04568
18.23	0.04443
18.235	0.04303
18.24	0.04141
18.245	0.03955
18.25	0.03747
18.255	0.03527
18.26	0.03305
18.265	0.03088
18.27	0.02883
18.275	0.02693
18.28	0.02525
18.285	0.02380
18.29	0.02257
18.295	0.02158
18.3	0.02075
18.305	0.02003
18.31	0.01937
18.315	0.01875
18.32	0.01814
18.325	0.01752
18.33	0.01687
18.335	0.01614
18.34	0.01531
18.345	0.01434
18.35	0.01318
18.355	0.01184
18.36	0.01025
18.365	0.00841
18.37	0.00630
18.375	0.00397
18.38	0.00141
18.385	-0.00138
18.39	-0.00437
18.395	-0.00756
18.4	-0.01087
18.405	-0.01426
18.41	-0.01769
18.415	-0.02112
18.42	-0.02449
18.425	-0.02774
18.43	-0.03080
18.435	-0.03360
18.44	-0.03608
18.445	-0.03823
18.45	-0.03999
18.455	-0.04131
18.46	-0.04219
18.465	-0.04262
18.47	-0.04255
18.475	-0.04199
18.48	-0.04096
18.485	-0.03953
18.49	-0.03776
18.495	-0.03578
18.5	-0.03375
18.505	-0.03174
18.51	-0.02987
18.515	-0.02821
18.52	-0.02679
18.525	-0.02570
18.53	-0.02497
18.535	-0.02461
18.54	-0.02458
18.545	-0.02487
18.55	-0.02543
18.555	-0.02621
18.56	-0.02715
18.565	-0.02818
18.57	-0.02927
18.575	-0.03039
18.58	-0.03157
18.585	-0.03283
18.59	-0.03419
18.595	-0.03569
18.6	-0.03732
18.605	-0.03912
18.61	-0.04108
18.615	-0.04314
18.62	-0.04527
18.625	-0.04739
18.63	-0.04946
18.635	-0.05144
18.64	-0.05327
18.645	-0.05489
18.65	-0.05630
18.655	-0.05747
18.66	-0.05838
18.665	-0.05904
18.67	-0.05943
18.675	-0.05955
18.68	-0.05941
18.685	-0.05903
18.69	-0.05847
18.695	-0.05778
18.7	-0.05695
18.705	-0.05604
18.71	-0.05507
18.715	-0.05407
18.72	-0.05302
18.725	-0.05195
18.73	-0.05083
18.735	-0.04963
18.74	-0.04829
18.745	-0.04676
18.75	-0.04500
18.755	-0.04298
18.76	-0.04064
18.765	-0.03803
18.77	-0.03511
18.775	-0.03192
18.78	-0.02853
18.785	-0.02494
18.79	-0.02120
18.795	-0.01740
18.8	-0.01355
18.805	-0.00969
18.81	-0.00589
18.815	-0.00212
18.82	0.00150
18.825	0.00495
18.83	0.00820
18.835	0.01127
18.84	0.01414
18.845	0.01684
18.85	0.01937
18.855	0.02172
18.86	0.02391
18.865	0.02593
18.87	0.02780
18.875	0.02956
18.88	0.03120
18.885	0.03275
18.89	0.03420
18.895	0.03551
18.9	0.03662
18.905	0.03753
18.91	0.03825
18.915	0.03880
18.92	0.03919
18.925	0.03940
18.93	0.03950
18.935	0.03953
18.94	0.03947
18.945	0.03932
18.95	0.03911
18.955	0.03882
18.96	0.03849
18.965	0.03815
18.97	0.03787
18.975	0.03767
18.98	0.03756
18.985	0.03756
18.99	0.03767
18.995	0.03791
19	0.03828
19.005	0.03875
19.01	0.03928
19.015	0.03982
19.02	0.04030
19.025	0.04073
19.03	0.04103
19.035	0.04119
19.04	0.04121
19.045	0.04108
19.05	0.04080
19.055	0.04037
19.06	0.03983
19.065	0.03915
19.07	0.03839
19.075	0.03758
19.08	0.03677
19.085	0.03598
19.09	0.03526
19.095	0.03462
19.1	0.03406
19.105	0.03352
19.11	0.03301
19.115	0.03259
19.12	0.03222
19.125	0.03187
19.13	0.03154
19.135	0.03121
19.14	0.03092
19.145	0.03065
19.15	0.03042
19.155	0.03020
19.16	0.03000
19.165	0.02985
19.17	0.02977
19.175	0.02975
19.18	0.02979
19.185	0.02989
19.19	0.03000
19.195	0.03011
19.2	0.03016
19.205	0.03017
19.21	0.03013
19.215	0.03004
19.22	0.02990
19.225	0.02970
19.23	0.02949
19.235	0.02929
19.24	0.02910
19.245	0.02896
19.25	0.02890
19.255	0.02894
19.26	0.02909
19.265	0.02935
19.27	0.02971
19.275	0.03014
19.28	0.03067
19.285	0.03126
19.29	0.03188
19.295	0.03249
19.3	0.03307
19.305	0.03361
19.31	0.03412
19.315	0.03456
19.32	0.03494
19.325	0.03523
19.33	0.03537
19.335	0.03537
19.34	0.03522
19.345	0.03489
19.35	0.03437
19.355	0.03365
19.36	0.03274
19.365	0.03161
19.37	0.03026
19.375	0.02869
19.38	0.02689
19.385	0.02483
19.39	0.02255
19.395	0.02003
19.4	0.01733
19.405	0.01442
19.41	0.01134
19.415	0.00813
19.42	0.00483
19.425	0.00149
19.43	-0.00187
19.435	-0.00521
19.44	-0.00848
19.445	-0.01166
19.45	-0.01468
19.455	-0.01755
19.46	-0.02030
19.465	-0.02290
19.47	-0.02533
19.475	-0.02757
19.48	-0.02962
19.485	-0.03144
19.49	-0.03305
19.495	-0.03448
19.5	-0.03571
19.505	-0.03677
19.51	-0.03768
19.515	-0.03847
19.52	-0.03911
19.525	-0.03962
19.53	-0.03999
19.535	-0.04025
19.54	-0.04041
19.545	-0.04048
19.55	-0.04046
19.555	-0.04039
19.56	-0.04030
19.565	-0.04020
19.57	-0.04010
19.575	-0.04001
19.58	-0.03991
19.585	-0.03978
19.59	-0.03965
19.595	-0.03949
19.6	-0.03930
19.605	-0.03908
19.61	-0.03882
19.615	-0.03853
19.62	-0.03820
19.625	-0.03783
19.63	-0.03746
19.635	-0.03705
19.64	-0.03663
19.645	-0.03618
19.65	-0.03569
19.655	-0.03519
19.66	-0.03465
19.665	-0.03408
19.67	-0.03346
19.675	-0.03283
19.68	-0.03219
19.685	-0.03156
19.69	-0.03094
19.695	-0.03036
19.7	-0.02985
19.705	-0.02944
19.71	-0.02911
19.715	-0.02885
19.72	-0.02864
19.725	-0.02845
19.73	-0.02824
19.735	-0.02799
19.74	-0.02769
19.745	-0.02734
19.75	-0.02695
19.755	-0.02647
19.76	-0.02594
19.765	-0.02533
19.77	-0.02467
19.775	-0.02397
19.78	-0.02324
19.785	-0.02250
19.79	-0.02179
19.795	-0.02115
19.8	-0.02058
19.805	-0.02014
19.81	-0.01985
19.815	-0.01970
19.82	-0.01969
19.825	-0.01986
19.83	-0.02022
19.835	-0.02079
19.84	-0.02159
19.845	-0.02262
19.85	-0.02387
19.855	-0.02531
19.86	-0.02695
19.865	-0.02874
19.87	-0.03063
19.875	-0.03260
19.88	-0.03463
19.885	-0.03671
19.89	-0.03884
19.895	-0.04097
19.9	-0.04309
19.905	-0.04518
19.91	-0.04720
19.915	-0.04913
19.92	-0.05097
19.925	-0.05270
19.93	-0.05432
19.935	-0.05582
19.94	-0.05724
19.945	-0.05864
19.95	-0.06006
19.955	-0.06149
19.96	-0.06288
19.965	-0.06423
19.97	-0.06549
19.975	-0.06669
19.98	-0.06780
19.985	-0.06885
19.99	-0.06983
19.995	-0.07074
20	-0.07159
20.005	-0.07239
20.01	-0.07317
20.015	-0.07394
20.02	-0.07475
20.025	-0.07558
20.03	-0.07649
20.035	-0.07745
20.04	-0.07845
20.045	-0.07950
20.05	-0.08051
20.055	-0.08149
20.06	-0.08234
20.065	-0.08304
20.07	-0.08357
20.075	-0.08389
20.08	-0.08398
20.085	-0.08384
20.09	-0.08348
20.095	-0.08293
20.1	-0.08222
20.105	-0.08132
20.11	-0.08029
20.115	-0.07917
20.12	-0.07799
20.125	-0.07675
20.13	-0.07548
20.135	-0.07420
20.14	-0.07292
20.145	-0.07160
20.15	-0.07024
20.155	-0.06883
20.16	-0.06737
20.165	-0.06583
20.17	-0.06418
20.175	-0.06241
20.18	-0.06053
20.185	-0.05858
20.19	-0.05659
20.195	-0.05455
20.2	-0.05246
20.205	-0.05031
20.21	-0.04812
20.215	-0.04591
20.22	-0.04365
20.225	-0.04132
20.23	-0.03894
20.235	-0.03653
20.24	-0.03407
20.245	-0.03157
20.25	-0.02901
20.255	-0.02636
20.26	-0.02369
20.265	-0.02104
20.27	-0.01845
20.275	-0.01591
20.28	-0.01343
20.285	-0.01097
20.29	-0.00853
20.295	-0.00610
20.3	-0.00370
20.305	-0.00130
20.31	0.00117
20.315	0.00367
20.32	0.00618
20.325	0.00868
20.33	0.01116
20.335	0.01364
20.34	0.01612
20.345	0.01857
20.35	0.02097
20.355	0.02332
20.36	0.02565
20.365	0.02793
20.37	0.03011
20.375	0.03219
20.38	0.03410
20.385	0.03584
20.39	0.03742
20.395	0.03883
20.4	0.04006
20.405	0.04109
20.41	0.04188
20.415	0.04243
20.42	0.04273
20.425	0.04280
20.43	0.04259
20.435	0.04212
20.44	0.04137
20.445	0.04037
20.45	0.03915
20.455	0.03772
20.46	0.03611
20.465	0.03436
20.47	0.03254
20.475	0.03069
20.48	0.02885
20.485	0.02709
20.49	0.02540
20.495	0.02381
20.5	0.02231
20.505	0.02093
20.51	0.01968
20.515	0.01854
20.52	0.01750
20.525	0.01650
20.53	0.01560
20.535	0.01485
20.54	0.01424
20.545	0.01378
20.55	0.01343
20.555	0.01321
20.56	0.01314
20.565	0.01321
20.57	0.01343
20.575	0.01375
20.58	0.01418
20.585	0.01473
20.59	0.01539
20.595	0.01618
20.6	0.01709
20.605	0.01814
20.61	0.01930
20.615	0.02061
20.62	0.02207
20.625	0.02369
20.63	0.02547
20.635	0.02739
20.64	0.02944
20.645	0.03156
20.65	0.03373
20.655	0.03588
20.66	0.03795
20.665	0.03992
20.67	0.04175
20.675	0.04335
20.68	0.04471
20.685	0.04580
20.69	0.04666
20.695	0.04724
20.7	0.04758
20.705	0.04770
20.71	0.04759
20.715	0.04725
20.72	0.04665
20.725	0.04578
20.73	0.04471
20.735	0.04342
20.74	0.04192
20.745	0.04025
20.75	0.03841
20.755	0.03643
20.76	0.03425
20.765	0.03193
20.77	0.02948
20.775	0.02695
20.78	0.02434
20.785	0.02165
20.79	0.01886
20.795	0.01605
20.8	0.01318
20.805	0.01026
20.81	0.00726
20.815	0.00419
20.82	0.00105
20.825	-0.00214
20.83	-0.00536
20.835	-0.00859
20.84	-0.01179
20.845	-0.01494
20.85	-0.01800
20.855	-0.02094
20.86	-0.02375
20.865	-0.02639
20.87	-0.02879
20.875	-0.03091
20.88	-0.03275
20.885	-0.03434
20.89	-0.03568
20.895	-0.03677
20.9	-0.03767
20.905	-0.03839
20.91	-0.03901
20.915	-0.03952
20.92	-0.03994
20.925	-0.04030
20.93	-0.04062
20.935	-0.04091
20.94	-0.04119
20.945	-0.04145
20.95	-0.04172
20.955	-0.04198
20.96	-0.04227
20.965	-0.04262
20.97	-0.04301
20.975	-0.04341
20.98	-0.04378
20.985	-0.04407
20.99	-0.04427
20.995	-0.04436
21	-0.04434
21.005	-0.04420
21.01	-0.04388
21.015	-0.04338
21.02	-0.04272
21.025	-0.04191
21.03	-0.04100
21.035	-0.04000
21.04	-0.03890
21.045	-0.03772
21.05	-0.03647
21.055	-0.03518
21.06	-0.03389
21.065	-0.03259
21.07	-0.03129
21.075	-0.02999
21.08	-0.02867
21.085	-0.02733
21.09	-0.02597
21.095	-0.02462
21.1	-0.02325
21.105	-0.02190
21.11	-0.02057
21.115	-0.01928
21.12	-0.01798
21.125	-0.01666
21.13	-0.01535
21.135	-0.01407
21.14	-0.01281
21.145	-0.01163
21.15	-0.01059
21.155	-0.00977
21.16	-0.00921
21.165	-0.00896
21.17	-0.00902
21.175	-0.00943
21.18	-0.01018
21.185	-0.01124
21.19	-0.01265
21.195	-0.01436
21.2	-0.01636
21.205	-0.01866
21.21	-0.02118
21.215	-0.02382
21.22	-0.02656
21.225	-0.02931
21.23	-0.03200
21.235	-0.03457
21.24	-0.03697
21.245	-0.03918
21.25	-0.04115
21.255	-0.04286
21.26	-0.04432
21.265	-0.04553
21.27	-0.04649
21.275	-0.04719
21.28	-0.04757
21.285	-0.04762
21.29	-0.04729
21.295	-0.04658
21.3	-0.04552
21.305	-0.04416
21.31	-0.04253
21.315	-0.04067
21.32	-0.03864
21.325	-0.03643
21.33	-0.03407
21.335	-0.03157
21.34	-0.02895
21.345	-0.02620
21.35	-0.02335
21.355	-0.02041
21.36	-0.01743
21.365	-0.01443
21.37	-0.01147
21.375	-0.00858
21.38	-0.00580
21.385	-0.00312
21.39	-0.00059
21.395	0.00184
21.4	0.00414
21.405	0.00631
21.41	0.00832
21.415	0.01018
21.42	0.01191
21.425	0.01348
21.43	0.01492
21.435	0.01625
21.44	0.01749
21.445	0.01868
21.45	0.01982
21.455	0.02092
21.46	0.02198
21.465	0.02304
21.47	0.02412
21.475	0.02524
21.48	0.02636
21.485	0.02750
21.49	0.02863
21.495	0.02972
21.5	0.03076
21.505	0.03175
21.51	0.03269
21.515	0.03360
21.52	0.03443
21.525	0.03519
21.53	0.03585
21.535	0.03637
21.54	0.03679
21.545	0.03709
21.55	0.03722
21.555	0.03720
21.56	0.03699
21.565	0.03662
21.57	0.03610
21.575	0.03543
21.58	0.03466
21.585	0.03383
21.59	0.03295
21.595	0.03209
21.6	0.03128
21.605	0.03055
21.61	0.02991
21.615	0.02937
21.62	0.02892
21.625	0.02855
21.63	0.02826
21.635	0.02802
21.64	0.02778
21.645	0.02758
21.65	0.02737
21.655	0.02715
21.66	0.02690
21.665	0.02658
21.67	0.02620
21.675	0.02575
21.68	0.02525
21.685	0.02470
21.69	0.02409
21.695	0.02345
21.7	0.02278
21.705	0.02213
21.71	0.02154
21.715	0.02099
21.72	0.02051
21.725	0.02010
21.73	0.01975
21.735	0.01945
21.74	0.01920
21.745	0.01897
21.75	0.01875
21.755	0.01853
21.76	0.01832
21.765	0.01814
21.77	0.01796
21.775	0.01778
21.78	0.01758
21.785	0.01739
21.79	0.01721
21.795	0.01707
21.8	0.01698
21.805	0.01698
21.81	0.01711
21.815	0.01737
21.82	0.01780
21.825	0.01839
21.83	0.01910
21.835	0.01989
21.84	0.02071
21.845	0.02156
21.85	0.02238
21.855	0.02317
21.86	0.02387
21.865	0.02444
21.87	0.02487
21.875	0.02511
21.88	0.02514
21.885	0.02493
21.89	0.02448
21.895	0.02379
21.9	0.02284
21.905	0.02163
21.91	0.02017
21.915	0.01845
21.92	0.01650
21.925	0.01430
21.93	0.01189
21.935	0.00925
21.94	0.00641
21.945	0.00333
21.95	0.00007
21.955	-0.00333
21.96	-0.00682
21.965	-0.01033
21.97	-0.01380
21.975	-0.01714
21.98	-0.02031
21.985	-0.02327
21.99	-0.02601
21.995	-0.02851
22	-0.03080
22.005	-0.03287
22.01	-0.03477
22.015	-0.03648
22.02	-0.03803
22.025	-0.03938
22.03	-0.04055
22.035	-0.04153
22.04	-0.04231
22.045	-0.04289
22.05	-0.04328
22.055	-0.04351
22.06	-0.04358
22.065	-0.04351
22.07	-0.04333
22.075	-0.04305
22.08	-0.04269
22.085	-0.04226
22.09	-0.04172
22.095	-0.04108
22.1	-0.04030
22.105	-0.03942
22.11	-0.03846
22.115	-0.03741
22.12	-0.03631
22.125	-0.03514
22.13	-0.03387
22.135	-0.03250
22.14	-0.03099
22.145	-0.02932
22.15	-0.02746
22.155	-0.02538
22.16	-0.02310
22.165	-0.02066
22.17	-0.01810
22.175	-0.01544
22.18	-0.01275
22.185	-0.01000
22.19	-0.00717
22.195	-0.00427
22.2	-0.00128
22.205	0.00174
22.21	0.00482
22.215	0.00790
22.22	0.01098
22.225	0.01402
22.23	0.01699
22.235	0.01987
22.24	0.02268
22.245	0.02540
22.25	0.02804
22.255	0.03064
22.26	0.03315
22.265	0.03560
22.27	0.03798
22.275	0.04022
22.28	0.04231
22.285	0.04421
22.29	0.04590
22.295	0.04739
22.3	0.04864
22.305	0.04963
22.31	0.05036
22.315	0.05081
22.32	0.05097
22.325	0.05081
22.33	0.05036
22.335	0.04960
22.34	0.04857
22.345	0.04734
22.35	0.04595
22.355	0.04442
22.36	0.04280
22.365	0.04111
22.37	0.03938
22.375	0.03761
22.38	0.03578
22.385	0.03389
22.39	0.03192
22.395	0.02988
22.4	0.02776
22.405	0.02561
22.41	0.02344
22.415	0.02125
22.42	0.01906
22.425	0.01684
22.43	0.01459
22.435	0.01228
22.44	0.00995
22.445	0.00759
22.45	0.00524
22.455	0.00290
22.46	0.00056
22.465	-0.00176
22.47	-0.00403
22.475	-0.00635
22.48	-0.00869
22.485	-0.01106
22.49	-0.01342
22.495	-0.01576
22.5	-0.01808
22.505	-0.02039
22.51	-0.02265
22.515	-0.02489
22.52	-0.02710
22.525	-0.02928
22.53	-0.03143
22.535	-0.03351
22.54	-0.03551
22.545	-0.03736
22.55	-0.03903
22.555	-0.04046
22.56	-0.04160
22.565	-0.04243
22.57	-0.04297
22.575	-0.04325
22.58	-0.04333
22.585	-0.04321
22.59	-0.04292
22.595	-0.04246
22.6	-0.04182
22.605	-0.04100
22.61	-0.03996
22.615	-0.03870
22.62	-0.03723
22.625	-0.03557
22.63	-0.03374
22.635	-0.03183
22.64	-0.02990
22.645	-0.02800
22.65	-0.02613
22.655	-0.02430
22.66	-0.02245
22.665	-0.02057
22.67	-0.01863
22.675	-0.01660
22.68	-0.01443
22.685	-0.01211
22.69	-0.00970
22.695	-0.00720
22.7	-0.00465
22.705	-0.00207
22.71	0.00050
22.715	0.00303
22.72	0.00547
22.725	0.00780
22.73	0.01002
22.735	0.01209
22.74	0.01404
22.745	0.01586
22.75	0.01756
22.755	0.01911
22.76	0.02051
22.765	0.02175
22.77	0.02285
22.775	0.02377
22.78	0.02453
22.785	0.02514
22.79	0.02558
22.795	0.02588
22.8	0.02603
22.805	0.02596
22.81	0.02568
22.815	0.02522
22.82	0.02462
22.825	0.02392
22.83	0.02317
22.835	0.02238
22.84	0.02160
22.845	0.02080
22.85	0.02000
22.855	0.01917
22.86	0.01838
22.865	0.01765
22.87	0.01700
22.875	0.01643
22.88	0.01590
22.885	0.01542
22.89	0.01496
22.895	0.01454
22.9	0.01418
22.905	0.01392
22.91	0.01374
22.915	0.01363
22.92	0.01360
22.925	0.01367
22.93	0.01387
22.935	0.01415
22.94	0.01449
22.945	0.01485
22.95	0.01517
22.955	0.01546
22.96	0.01566
22.965	0.01576
22.97	0.01576
22.975	0.01568
22.98	0.01554
22.985	0.01534
22.99	0.01506
22.995	0.01470
23	0.01431
23.005	0.01388
23.01	0.01345
23.015	0.01301
23.02	0.01256
23.025	0.01215
23.03	0.01177
23.035	0.01142
23.04	0.01112
23.045	0.01081
23.05	0.01045
23.055	0.01000
23.06	0.00945
23.065	0.00883
23.07	0.00811
23.075	0.00724
23.08	0.00619
23.085	0.00494
23.09	0.00348
23.095	0.00183
23.1	0.00002
23.105	-0.00190
23.11	-0.00386
23.115	-0.00585
23.12	-0.00782
23.125	-0.00978
23.13	-0.01171
23.135	-0.01361
23.14	-0.01544
23.145	-0.01716
23.15	-0.01879
23.155	-0.02035
23.16	-0.02183
23.165	-0.02327
23.17	-0.02462
23.175	-0.02588
23.18	-0.02707
23.185	-0.02822
23.19	-0.02935
23.195	-0.03044
23.2	-0.03145
23.205	-0.03243
23.21	-0.03336
23.215	-0.03426
23.22	-0.03511
23.225	-0.03587
23.23	-0.03652
23.235	-0.03709
23.24	-0.03756
23.245	-0.03790
23.25	-0.03811
23.255	-0.03816
23.26	-0.03809
23.265	-0.03788
23.27	-0.03753
23.275	-0.03703
23.28	-0.03641
23.285	-0.03570
23.29	-0.03491
23.295	-0.03401
23.3	-0.03302
23.305	-0.03189
23.31	-0.03066
23.315	-0.02933
23.32	-0.02787
23.325	-0.02628
23.33	-0.02461
23.335	-0.02286
23.34	-0.02105
23.345	-0.01921
23.35	-0.01729
23.355	-0.01535
23.36	-0.01339
23.365	-0.01142
23.37	-0.00941
23.375	-0.00731
23.38	-0.00515
23.385	-0.00293
23.39	-0.00071
23.395	0.00151
23.4	0.00373
23.405	0.00590
23.41	0.00798
23.415	0.00995
23.42	0.01180
23.425	0.01352
23.43	0.01516
23.435	0.01678
23.44	0.01843
23.445	0.02010
23.45	0.02175
23.455	0.02341
23.46	0.02506
23.465	0.02670
23.47	0.02835
23.475	0.03000
23.48	0.03168
23.485	0.03344
23.49	0.03526
23.495	0.03715
23.5	0.03911
23.505	0.04115
23.51	0.04329
23.515	0.04552
23.52	0.04784
23.525	0.05018
23.53	0.05256
23.535	0.05501
23.54	0.05749
23.545	0.05999
23.55	0.06247
23.555	0.06488
23.56	0.06724
23.565	0.06954
23.57	0.07178
23.575	0.07390
23.58	0.07591
23.585	0.07779
23.59	0.07956
23.595	0.08124
23.6	0.08285
23.605	0.08438
23.61	0.08586
23.615	0.08735
23.62	0.08883
23.625	0.09031
23.63	0.09175
23.635	0.09320
23.64	0.09466
23.645	0.09616
23.65	0.09762
23.655	0.09900
23.66	0.10030
23.665	0.10150
23.67	0.10257
23.675	0.10347
23.68	0.10416
23.685	0.10463
23.69	0.10490
23.695	0.10492
23.7	0.10470
23.705	0.10423
23.71	0.10355
23.715	0.10264
23.72	0.10149
23.725	0.10010
23.73	0.09851
23.735	0.09669
23.74	0.09468
23.745	0.09248
23.75	0.09013
23.755	0.08760
23.76	0.08492
23.765	0.08212
23.77	0.07920
23.775	0.07621
23.78	0.07317
23.785	0.07009
23.79	0.06697
23.795	0.06384
23.8	0.06068
23.805	0.05752
23.81	0.05432
23.815	0.05105
23.82	0.04773
23.825	0.04433
23.83	0.04088
23.835	0.03733
23.84	0.03371
23.845	0.03001
23.85	0.02621
23.855	0.02234
23.86	0.01843
23.865	0.01451
23.87	0.01058
23.875	0.00668
23.88	0.00286
23.885	-0.00083
23.89	-0.00437
23.895	-0.00779
23.9	-0.01103
23.905	-0.01412
23.91	-0.01707
23.915	-0.01991
23.92	-0.02261
23.925	-0.02521
23.93	-0.02773
23.935	-0.03017
23.94	-0.03251
23.945	-0.03476
23.95	-0.03693
23.955	-0.03902
23.96	-0.04106
23.965	-0.04303
23.97	-0.04493
23.975	-0.04672
23.98	-0.04838
23.985	-0.04991
23.99	-0.05131
23.995	-0.05256
24	-0.05369
24.005	-0.05471
24.01	-0.05561
24.015	-0.05639
24.02	-0.05703
24.025	-0.05753
24.03	-0.05788
24.035	-0.05806
24.04	-0.05808
24.045	-0.05793
24.05	-0.05765
24.055	-0.05728
24.06	-0.05684
24.065	-0.05634
24.07	-0.05576
24.075	-0.05512
24.08	-0.05441
24.085	-0.05367
24.09	-0.05292
24.095	-0.05216
24.1	-0.05141
24.105	-0.05068
24.11	-0.04998
24.115	-0.04930
24.12	-0.04861
24.125	-0.04788
24.13	-0.04708
24.135	-0.04620
24.14	-0.04522
24.145	-0.04415
24.15	-0.04301
24.155	-0.04181
24.16	-0.04059
24.165	-0.03933
24.17	-0.03804
24.175	-0.03672
24.18	-0.03537
24.185	-0.03398
24.19	-0.03260
24.195	-0.03122
24.2	-0.02984
24.205	-0.02851
24.21	-0.02726
24.215	-0.02613
24.22	-0.02514
24.225	-0.02429
24.23	-0.02359
24.235	-0.02305
24.24	-0.02264
24.245	-0.02237
24.25	-0.02222
24.255	-0.02219
24.26	-0.02226
24.265	-0.02241
24.27	-0.02262
24.275	-0.02287
24.28	-0.02320
24.285	-0.02359
24.29	-0.02402
24.295	-0.02446
24.3	-0.02492
24.305	-0.02537
24.31	-0.02579
24.315	-0.02618
24.32	-0.02657
24.325	-0.02696
24.33	-0.02738
24.335	-0.02786
24.34	-0.02837
24.345	-0.02894
24.35	-0.02958
24.355	-0.03029
24.36	-0.03107
24.365	-0.03192
24.37	-0.03285
24.375	-0.03388
24.38	-0.03493
24.385	-0.03595
24.39	-0.03687
24.395	-0.03769
24.4	-0.03835
24.405	-0.03886
24.41	-0.03920
24.415	-0.03937
24.42	-0.03938
24.425	-0.03923
24.43	-0.03897
24.435	-0.03864
24.44	-0.03825
24.445	-0.03782
24.45	-0.03737
24.455	-0.03688
24.46	-0.03637
24.465	-0.03583
24.47	-0.03529
24.475	-0.03478
24.48	-0.03425
24.485	-0.03374
24.49	-0.03326
24.495	-0.03281
24.5	-0.03239
24.505	-0.03204
24.51	-0.03175
24.515	-0.03150
24.52	-0.03128
24.525	-0.03108
24.53	-0.03088
24.535	-0.03071
24.54	-0.03056
24.545	-0.03039
24.55	-0.03026
24.555	-0.03014
24.56	-0.03007
24.565	-0.03003
24.57	-0.03004
24.575	-0.03007
24.58	-0.03007
24.585	-0.03006
24.59	-0.03008
24.595	-0.03011
24.6	-0.03014
24.605	-0.03016
24.61	-0.03014
24.615	-0.03007
24.62	-0.02993
24.625	-0.02972
24.63	-0.02939
24.635	-0.02892
24.64	-0.02831
24.645	-0.02757
24.65	-0.02673
24.655	-0.02581
24.66	-0.02481
24.665	-0.02376
24.67	-0.02264
24.675	-0.02148
24.68	-0.02027
24.685	-0.01898
24.69	-0.01766
24.695	-0.01626
24.7	-0.01484
24.705	-0.01343
24.71	-0.01204
24.715	-0.01075
24.72	-0.00958
24.725	-0.00854
24.73	-0.00765
24.735	-0.00693
24.74	-0.00635
24.745	-0.00588
24.75	-0.00546
24.755	-0.00508
24.76	-0.00468
24.765	-0.00426
24.77	-0.00379
24.775	-0.00326
24.78	-0.00268
24.785	-0.00205
24.79	-0.00140
24.795	-0.00071
24.8	-0.00002
24.805	0.00068
24.81	0.00131
24.815	0.00192
24.82	0.00242
24.825	0.00286
24.83	0.00320
24.835	0.00349
24.84	0.00369
24.845	0.00382
24.85	0.00390
24.855	0.00395
24.86	0.00394
24.865	0.00389
24.87	0.00382
24.875	0.00374
24.88	0.00367
24.885	0.00365
24.89	0.00364
24.895	0.00371
24.9	0.00385
24.905	0.00406
24.91	0.00437
24.915	0.00481
24.92	0.00535
24.925	0.00599
24.93	0.00671
24.935	0.00750
24.94	0.00830
24.945	0.00914
24.95	0.00996
24.955	0.01079
24.96	0.01160
24.965	0.01236
24.97	0.01308
24.975	0.01373
24.98	0.01434
24.985	0.01490
24.99	0.01545
24.995	0.01594
25	0.01638
25.005	0.01679
25.01	0.01712
25.015	0.01744
25.02	0.01778
25.025	0.01813
25.03	0.01850
25.035	0.01890
25.04	0.01931
25.045	0.01976
25.05	0.02021
25.055	0.02065
25.06	0.02110
25.065	0.02155
25.07	0.02206
25.075	0.02263
25.08	0.02323
25.085	0.02389
25.09	0.02454
25.095	0.02516
25.1	0.02570
25.105	0.02612
25.11	0.02641
25.115	0.02654
25.12	0.02651
25.125	0.02633
25.13	0.02603
25.135	0.02560
25.14	0.02504
25.145	0.02435
25.15	0.02352
25.155	0.02250
25.16	0.02130
25.165	0.01991
25.17	0.01831
25.175	0.01652
25.18	0.01456
25.185	0.01244
25.19	0.01013
25.195	0.00766
25.2	0.00502
25.205	0.00227
25.21	-0.00060
25.215	-0.00352
25.22	-0.00644
25.225	-0.00934
25.23	-0.01220
25.235	-0.01499
25.24	-0.01770
25.245	-0.02034
25.25	-0.02290
25.255	-0.02536
25.26	-0.02775
25.265	-0.03006
25.27	-0.03231
25.275	-0.03452
25.28	-0.03668
25.285	-0.03880
25.29	-0.04090
25.295	-0.04294
25.3	-0.04493
25.305	-0.04685
25.31	-0.04869
25.315	-0.05045
25.32	-0.05212
25.325	-0.05369
25.33	-0.05515
25.335	-0.05650
25.34	-0.05776
25.345	-0.05891
25.35	-0.05995
25.355	-0.06084
25.36	-0.06157
25.365	-0.06214
25.37	-0.06253
25.375	-0.06278
25.38	-0.06288
25.385	-0.06289
25.39	-0.06278
25.395	-0.06260
25.4	-0.06233
25.405	-0.06200
25.41	-0.06156
25.415	-0.06106
25.42	-0.06049
25.425	-0.05988
25.43	-0.05928
25.435	-0.05865
25.44	-0.05802
25.445	-0.05739
25.45	-0.05677
25.455	-0.05614
25.46	-0.05546
25.465	-0.05477
25.47	-0.05403
25.475	-0.05323
25.48	-0.05234
25.485	-0.05135
25.49	-0.05024
25.495	-0.04898
25.5	-0.04759
25.505	-0.04607
25.51	-0.04442
25.515	-0.04261
25.52	-0.04070
25.525	-0.03869
25.53	-0.03663
25.535	-0.03454
25.54	-0.03237
25.545	-0.03012
25.55	-0.02775
25.555	-0.02524
25.56	-0.02258
25.565	-0.01978
25.57	-0.01685
25.575	-0.01377
25.58	-0.01054
25.585	-0.00721
25.59	-0.00382
25.595	-0.00036
25.6	0.00313
25.605	0.00661
25.61	0.01004
25.615	0.01342
25.62	0.01678
25.625	0.02012
25.63	0.02345
25.635	0.02672
25.64	0.02993
25.645	0.03308
25.65	0.03616
25.655	0.03914
25.66	0.04203
25.665	0.04480
25.67	0.04749
25.675	0.05007
25.68	0.05252
25.685	0.05486
25.69	0.05705
25.695	0.05917
25.7	0.06116
25.705	0.06306
25.71	0.06485
25.715	0.06655
25.72	0.06817
25.725	0.06975
25.73	0.07129
25.735	0.07281
25.74	0.07431
25.745	0.07580
25.75	0.07727
25.755	0.07870
25.76	0.08008
25.765	0.08139
25.77	0.08257
25.775	0.08357
25.78	0.08439
25.785	0.08501
25.79	0.08542
25.795	0.08557
25.8	0.08549
25.805	0.08520
25.81	0.08470
25.815	0.08399
25.82	0.08311
25.825	0.08204
25.83	0.08079
25.835	0.07939
25.84	0.07791
25.845	0.07637
25.85	0.07475
25.855	0.07301
25.86	0.07115
25.865	0.06911
25.87	0.06696
25.875	0.06467
25.88	0.06225
25.885	0.05973
25.89	0.05712
25.895	0.05445
25.9	0.05173
25.905	0.04902
25.91	0.04633
25.915	0.04368
25.92	0.04109
25.925	0.03859
25.93	0.03617
25.935	0.03381
25.94	0.03153
25.945	0.02930
25.95	0.02712
25.955	0.02496
25.96	0.02281
25.965	0.02066
25.97	0.01849
25.975	0.01630
25.98	0.01409
25.985	0.01185
25.99	0.00962
25.995	0.00741
26	0.00523
26.005	0.00313
26.01	0.00113
26.015	-0.00076
26.02	-0.00250
26.025	-0.00410
26.03	-0.00553
26.035	-0.00681
26.04	-0.00797
26.045	-0.00900
26.05	-0.00992
26.055	-0.01077
26.06	-0.01157
26.065	-0.01235
26.07	-0.01309
26.075	-0.01380
26.08	-0.01453
26.085	-0.01525
26.09	-0.01600
26.095	-0.01677
26.1	-0.01754
26.105	-0.01828
26.11	-0.01895
26.115	-0.01957
26.12	-0.02008
26.125	-0.02047
26.13	-0.02068
26.135	-0.02069
26.14	-0.02045
26.145	-0.01994
26.15	-0.01919
26.155	-0.01816
26.16	-0.01688
26.165	-0.01536
26.17	-0.01361
26.175	-0.01164
26.18	-0.00950
26.185	-0.00722
26.19	-0.00483
26.195	-0.00239
26.2	0.00011
26.205	0.00261
26.21	0.00506
26.215	0.00741
26.22	0.00961
26.225	0.01162
26.23	0.01342
26.235	0.01501
26.24	0.01640
26.245	0.01760
26.25	0.01865
26.255	0.01954
26.26	0.02028
26.265	0.02092
26.27	0.02148
26.275	0.02200
26.28	0.02247
26.285	0.02295
26.29	0.02347
26.295	0.02401
26.3	0.02457
26.305	0.02513
26.31	0.02572
26.315	0.02638
26.32	0.02707
26.325	0.02778
26.33	0.02844
26.335	0.02905
26.34	0.02960
26.345	0.03011
26.35	0.03056
26.355	0.03092
26.36	0.03122
26.365	0.03144
26.37	0.03156
26.375	0.03157
26.38	0.03146
26.385	0.03122
26.39	0.03082
26.395	0.03028
26.4	0.02959
26.405	0.02881
26.41	0.02790
26.415	0.02691
26.42	0.02586
26.425	0.02480
26.43	0.02377
26.435	0.02279
26.44	0.02181
26.445	0.02084
26.45	0.01987
26.455	0.01894
26.46	0.01799
26.465	0.01702
26.47	0.01599
26.475	0.01492
26.48	0.01383
26.485	0.01275
26.49	0.01168
26.495	0.01067
26.5	0.00975
26.505	0.00890
26.51	0.00817
26.515	0.00757
26.52	0.00710
26.525	0.00674
26.53	0.00654
26.535	0.00652
26.54	0.00668
26.545	0.00700
26.55	0.00749
26.555	0.00811
26.56	0.00879
26.565	0.00951
26.57	0.01020
26.575	0.01088
26.58	0.01156
26.585	0.01222
26.59	0.01290
26.595	0.01358
26.6	0.01425
26.605	0.01488
26.61	0.01548
26.615	0.01605
26.62	0.01660
26.625	0.01710
26.63	0.01756
26.635	0.01799
26.64	0.01838
26.645	0.01867
26.65	0.01887
26.655	0.01901
26.66	0.01908
26.665	0.01906
26.67	0.01891
26.675	0.01861
26.68	0.01818
26.685	0.01763
26.69	0.01694
26.695	0.01614
26.7	0.01523
26.705	0.01425
26.71	0.01320
26.715	0.01209
26.72	0.01094
26.725	0.00975
26.73	0.00849
26.735	0.00714
26.74	0.00576
26.745	0.00436
26.75	0.00293
26.755	0.00145
26.76	0.00000
26.765	-0.00142
26.77	-0.00280
26.775	-0.00415
26.78	-0.00540
26.785	-0.00652
26.79	-0.00750
26.795	-0.00834
26.8	-0.00904
26.805	-0.00958
26.81	-0.00992
26.815	-0.01009
26.82	-0.01007
26.825	-0.00988
26.83	-0.00956
26.835	-0.00909
26.84	-0.00850
26.845	-0.00780
26.85	-0.00701
26.855	-0.00617
26.86	-0.00529
26.865	-0.00444
26.87	-0.00356
26.875	-0.00265
26.88	-0.00168
26.885	-0.00068
26.89	0.00039
26.895	0.00149
26.9	0.00267
26.905	0.00392
26.91	0.00518
26.915	0.00637
26.92	0.00751
26.925	0.00857
26.93	0.00954
26.935	0.01041
26.94	0.01120
26.945	0.01191
26.95	0.01252
26.955	0.01302
26.96	0.01344
26.965	0.01376
26.97	0.01399
26.975	0.01411
26.98	0.01417
26.985	0.01416
26.99	0.01410
26.995	0.01401
27	0.01391
27.005	0.01383
27.01	0.01375
27.015	0.01367
27.02	0.01360
27.025	0.01350
27.03	0.01334
27.035	0.01309
27.04	0.01274
27.045	0.01236
27.05	0.01193
27.055	0.01148
27.06	0.01103
27.065	0.01058
27.07	0.01014
27.075	0.00973
27.08	0.01223
27.085	0.01190
27.09	0.01161
27.095	0.01136
27.1	0.01116
27.105	0.01102
27.11	0.01095
27.115	0.01095
27.12	0.01104
27.125	0.01122
27.13	0.01146
27.135	0.01176
27.14	0.01212
27.145	0.01253
27.15	0.01293
27.155	0.01334
27.16	0.01375
27.165	0.01417
27.17	0.01459
27.175	0.01503
27.18	0.01548
27.185	0.01594
27.19	0.01639
27.195	0.01683
27.2	0.01725
27.205	0.01767
27.21	0.01806
27.215	0.01844
27.22	0.01880
27.225	0.01913
27.23	0.01941
27.235	0.01969
27.24	0.01994
27.245	0.02014
27.25	0.02032
27.255	0.02046
27.26	0.02054
27.265	0.02051
27.27	0.02038
27.275	0.02013
27.28	0.01978
27.285	0.01931
27.29	0.01875
27.295	0.01811
27.3	0.01740
27.305	0.01665
27.31	0.01586
27.315	0.01501
27.32	0.01414
27.325	0.01324
27.33	0.01234
27.335	0.01145
27.34	0.01057
27.345	0.00977
27.35	0.00905
27.355	0.00842
27.36	0.00792
27.365	0.00752
27.37	0.00724
27.375	0.00703
27.38	0.00688
27.385	0.00676
27.39	0.00665
27.395	0.00653
27.4	0.00633
27.405	0.00606
27.41	0.00570
27.415	0.00527
27.42	0.00480
27.425	0.00427
27.43	0.00369
27.435	0.00311
27.44	0.00251
27.445	0.00188
27.45	0.00122
27.455	0.00055
27.46	-0.00013
27.465	-0.00083
27.47	-0.00156
27.475	-0.00232
27.48	-0.00313
27.485	-0.00397
27.49	-0.00482
27.495	-0.00572
27.5	-0.00671
27.505	-0.00773
27.51	-0.00881
27.515	-0.00995
27.52	-0.01118
27.525	-0.01240
27.53	-0.01362
27.535	-0.01481
27.54	-0.01598
27.545	-0.01709
27.55	-0.01812
27.555	-0.01906
27.56	-0.01991
27.565	-0.02065
27.57	-0.02125
27.575	-0.02174
27.58	-0.02210
27.585	-0.02232
27.59	-0.02247
27.595	-0.02252
27.6	-0.02248
27.605	-0.02231
27.61	-0.02210
27.615	-0.02179
27.62	-0.02139
27.625	-0.02090
27.63	-0.02033
27.635	-0.01974
27.64	-0.01909
27.645	-0.01839
27.65	-0.01761
27.655	-0.01678
27.66	-0.01587
27.665	-0.01485
27.67	-0.01374
27.675	-0.01256
27.68	-0.01127
27.685	-0.00985
27.69	-0.00834
27.695	-0.00681
27.7	-0.00526
27.705	-0.00372
27.71	-0.00224
27.715	-0.00089
27.72	0.00033
27.725	0.00141
27.73	0.00231
27.735	0.00306
27.74	0.00366
27.745	0.00413
27.75	0.00447
27.755	0.00470
27.76	0.00481
27.765	0.00478
27.77	0.00464
27.775	0.00434
27.78	0.00387
27.785	0.00324
27.79	0.00247
27.795	0.00154
27.8	0.00048
27.805	-0.00069
27.81	-0.00195
27.815	-0.00329
27.82	-0.00469
27.825	-0.00612
27.83	-0.00761
27.835	-0.00914
27.84	-0.01071
27.845	-0.01230
27.85	-0.01391
27.855	-0.01554
27.86	-0.01720
27.865	-0.01887
27.87	-0.02054
27.875	-0.02218
27.88	-0.02380
27.885	-0.02538
27.89	-0.02691
27.895	-0.02840
27.9	-0.02983
27.905	-0.03116
27.91	-0.03243
27.915	-0.03363
27.92	-0.03477
27.925	-0.03585
27.93	-0.03685
27.935	-0.03776
27.94	-0.03860
27.945	-0.03935
27.95	-0.04005
27.955	-0.04065
27.96	-0.04120
27.965	-0.04172
27.97	-0.04220
27.975	-0.04264
27.98	-0.04304
27.985	-0.04342
27.99	-0.04373
27.995	-0.04397
28	-0.04411
28.005	-0.04416
28.01	-0.04413
28.015	-0.04404
28.02	-0.04387
28.025	-0.04370
28.03	-0.04352
28.035	-0.04333
28.04	-0.04312
28.045	-0.04290
28.05	-0.04270
28.055	-0.04244
28.06	-0.04216
28.065	-0.04187
28.07	-0.04156
28.075	-0.04122
28.08	-0.04087
28.085	-0.04050
28.09	-0.04017
28.095	-0.03989
28.1	-0.03968
28.105	-0.03949
28.11	-0.03934
28.115	-0.03921
28.12	-0.03913
28.125	-0.03907
28.13	-0.03903
28.135	-0.03901
28.14	-0.03899
28.145	-0.03898
28.15	-0.03897
28.155	-0.03896
28.16	-0.03893
28.165	-0.03888
28.17	-0.03882
28.175	-0.03874
28.18	-0.03866
28.185	-0.03854
28.19	-0.03843
28.195	-0.03831
28.2	-0.03820
28.205	-0.03808
28.21	-0.03799
28.215	-0.03789
28.22	-0.03781
28.225	-0.03779
28.23	-0.03780
28.235	-0.03787
28.24	-0.03800
28.245	-0.03813
28.25	-0.03829
28.255	-0.03844
28.26	-0.03862
28.265	-0.03879
28.27	-0.03896
28.275	-0.03913
28.28	-0.03929
28.285	-0.03944
28.29	-0.03958
28.295	-0.03972
28.3	-0.03985
28.305	-0.04003
28.31	-0.04019
28.315	-0.04032
28.32	-0.04045
28.325	-0.04055
28.33	-0.04065
28.335	-0.04075
28.34	-0.04080
28.345	-0.04082
28.35	-0.04080
28.355	-0.04071
28.36	-0.04057
28.365	-0.04041
28.37	-0.04023
28.375	-0.04005
28.38	-0.03986
28.385	-0.03969
28.39	-0.03951
28.395	-0.03934
28.4	-0.03918
28.405	-0.03901
28.41	-0.03884
28.415	-0.03866
28.42	-0.03849
28.425	-0.03831
28.43	-0.03815
28.435	-0.03794
28.44	-0.03771
28.445	-0.03745
28.45	-0.03715
28.455	-0.03681
28.46	-0.03644
28.465	-0.03602
28.47	-0.03559
28.475	-0.03513
28.48	-0.03461
28.485	-0.03407
28.49	-0.03352
28.495	-0.03291
28.5	-0.03230
28.505	-0.03169
28.51	-0.03106
28.515	-0.03038
28.52	-0.02966
28.525	-0.02889
28.53	-0.02803
28.535	-0.02710
28.54	-0.02608
28.545	-0.02499
28.55	-0.02384
28.555	-0.02264
28.56	-0.02140
28.565	-0.02016
28.57	-0.01891
28.575	-0.01771
28.58	-0.01664
28.585	-0.01572
28.59	-0.01499
28.595	-0.01442
28.6	-0.01391
28.605	-0.01347
28.61	-0.01308
28.615	-0.01272
28.62	-0.01238
28.625	-0.01204
28.63	-0.01173
28.635	-0.01141
28.64	-0.01112
28.645	-0.01084
28.65	-0.01057
28.655	-0.01033
28.66	-0.01008
28.665	-0.00983
28.67	-0.00959
28.675	-0.00933
28.68	-0.00906
28.685	-0.00879
28.69	-0.00850
28.695	-0.00815
28.7	-0.00780
28.705	-0.00741
28.71	-0.00698
28.715	-0.00656
28.72	-0.00610
28.725	-0.00563
28.73	-0.00518
28.735	-0.00469
28.74	-0.00419
28.745	-0.00368
28.75	-0.00315
28.755	-0.00263
28.76	-0.00211
28.765	-0.00158
28.77	-0.00107
28.775	-0.00058
28.78	-0.00008
28.785	0.00041
28.79	0.00087
28.795	0.00134
28.8	0.00179
28.805	0.00222
28.81	0.00267
28.815	0.00311
28.82	0.00358
28.825	0.00407
28.83	0.00456
28.835	0.00509
28.84	0.00563
28.845	0.00622
28.85	0.00683
28.855	0.00749
28.86	0.00818
28.865	0.00889
28.87	0.00962
28.875	0.01035
28.88	0.01110
28.885	0.01184
28.89	0.01256
28.895	0.01328
28.9	0.01397
28.905	0.01462
28.91	0.01526
28.915	0.01585
28.92	0.01641
28.925	0.01695
28.93	0.01745
28.935	0.01795
28.94	0.01839
28.945	0.01877
28.95	0.01911
28.955	0.01940
28.96	0.01963
28.965	0.01982
28.97	0.01995
28.975	0.02003
28.98	0.02008
28.985	0.02008
28.99	0.02004
28.995	0.01996
29	0.01985
29.005	0.01969
29.01	0.01952
29.015	0.01932
29.02	0.01912
29.025	0.01888
29.03	0.01864
29.035	0.01841
29.04	0.01815
29.045	0.01787
29.05	0.01761
29.055	0.01733
29.06	0.01703
29.065	0.01674
29.07	0.01646
29.075	0.01617
29.08	0.01591
29.085	0.01566
29.09	0.01544
29.095	0.01522
29.1	0.01501
29.105	0.01482
29.11	0.01465
29.115	0.01448
29.12	0.01432
29.125	0.01417
29.13	0.01400
29.135	0.01386
29.14	0.01370
29.145	0.01355
29.15	0.01340
29.155	0.01326
29.16	0.01311
29.165	0.01296
29.17	0.01281
29.175	0.01266
29.18	0.01252
29.185	0.01236
29.19	0.01220
29.195	0.01205
29.2	0.01190
29.205	0.01175
29.21	0.01161
29.215	0.01148
29.22	0.01135
29.225	0.01121
29.23	0.01110
29.235	0.01097
29.24	0.01086
29.245	0.01076
29.25	0.01066
29.255	0.01058
29.26	0.01050
29.265	0.01042
29.27	0.01037
29.275	0.01031
29.28	0.01024
29.285	0.01019
29.29	0.01015
29.295	0.01011
29.3	0.01008
29.305	0.01004
29.31	0.01002
29.315	0.01000
29.32	0.00997
29.325	0.00996
29.33	0.00995
29.335	0.00995
29.34	0.00995
29.345	0.00995
29.35	0.00996
29.355	0.00999
29.36	0.01002
29.365	0.01006
29.37	0.01010
29.375	0.01015
29.38	0.01021
29.385	0.01027
29.39	0.01032
29.395	0.01040
29.4	0.01047
29.405	0.01054
29.41	0.01062
29.415	0.01069
29.42	0.01077
29.425	0.01085
29.43	0.01094
29.435	0.01103
29.44	0.01112
29.445	0.01121
29.45	0.01129
29.455	0.01137
29.46	0.01146
29.465	0.01153
29.47	0.01162
29.475	0.01170
29.48	0.01176
29.485	0.01185
29.49	0.01193
29.495	0.01199
29.5	0.01207
29.505	0.01214
29.51	0.01220
29.515	0.01228
29.52	0.01234
29.525	0.01240
29.53	0.01245
29.535	0.01251
29.54	0.01256
29.545	0.01262
29.55	0.01266
29.555	0.01271
29.56	0.01276
29.565	0.01282
29.57	0.01285
29.575	0.01290
29.58	0.01294
29.585	0.01298
29.59	0.01301
29.595	0.01304
29.6	0.01308
29.605	0.01310
29.61	0.01311
29.615	0.01313
29.62	0.01314
29.625	0.01316
29.63	0.01318
29.635	0.01318
29.64	0.01319
29.645	0.01319
29.65	0.01319
29.655	0.01319
29.66	0.01319
29.665	0.01319
29.67	0.01319
29.675	0.01317
29.68	0.01317
29.685	0.01315
29.69	0.01314
29.695	0.01312
29.7	0.0131
29.705	0.01308
29.71	0.01305
29.715	0.01302
29.72	0.01301
29.725	0.01297
29.73	0.01294
29.735	0.0129
29.74	0.01286
29.745	0.01283
29.75	0.01278
29.755	0.01274
29.76	0.01269
29.765	0.01265
29.77	0.0126
29.775	0.01254
29.78	0.01249
29.785	0.01244
29.79	0.01238
29.795	0.01233
29.8	0.01226
29.805	0.0122
29.81	0.01214
29.815	0.01208
29.82	0.01201
29.825	0.01194
29.83	0.01187
29.835	0.0118
29.84	0.01173
29.845	0.01166
29.85	0.01157
29.855	0.0115
29.86	0.01142
29.865	0.01134
29.87	0.01127
29.875	0.01118
29.88	0.0111
29.885	0.01101
29.89	0.01093
29.895	0.01085
29.9	0.01076
29.905	0.01067
29.91	0.01058
29.915	0.01049
29.92	0.0104
29.925	0.01031
29.93	0.01021
29.935	0.01012
29.94	0.01002
29.945	0.00993
29.95	0.00983
29.955	0.00973
29.96	0.00963
29.965	0.00953
29.97	0.00943
29.975	0.00932
29.98	0.00923
29.985	0.00913
29.99	0.00902
29.995	0.00891
30	0.00881
30.005	0.0087
30.01	0.0086
30.015	0.00849
30.02	0.00837
30.025	0.00826
30.03	0.00815