t(s)	a(g)
0	0.00038
0.005	0.00038
0.01	0.00107
0.015	0.00106
0.02	0.00105
0.025	0.00104
0.03	0.00103
0.035	0.00102
0.04	0.00101
0.045	0.00100
0.05	0.00099
0.055	0.00098
0.06	0.00097
0.065	0.00096
0.07	0.00096
0.075	0.00095
0.08	0.00095
0.085	0.00096
0.09	0.00097
0.095	0.00098
0.1	0.00099
0.105	0.00100
0.11	0.00101
0.115	0.00101
0.12	0.00102
0.125	0.00102
0.13	0.00101
0.135	0.00100
0.14	0.00098
0.145	0.00096
0.15	0.00094
0.155	0.00091
0.16	0.00087
0.165	0.00084
0.17	0.00079
0.175	0.00075
0.18	0.00070
0.185	0.00065
0.19	0.00059
0.195	0.00055
0.2	0.00050
0.205	0.00044
0.21	0.00038
0.215	0.00032
0.22	0.00028
0.225	0.00023
0.23	0.00019
0.235	0.00015
0.24	0.00012
0.245	0.00009
0.25	0.00006
0.255	0.00004
0.26	0.00002
0.265	0.00000
0.27	-0.00001
0.275	-0.00001
0.28	0.00000
0.285	0.00002
0.29	0.00005
0.295	0.00008
0.3	0.00011
0.305	0.00013
0.31	0.00014
0.315	0.00014
0.32	0.00014
0.325	0.00014
0.33	0.00015
0.335	0.00019
0.34	0.00024
0.345	0.00033
0.35	0.00045
0.355	0.00059
0.36	0.00077
0.365	0.00095
0.37	0.00113
0.375	0.00132
0.38	0.00149
0.385	0.00165
0.39	0.00179
0.395	0.00192
0.4	0.00204
0.405	0.00216
0.41	0.00229
0.415	0.00241
0.42	0.00254
0.425	0.00268
0.43	0.00281
0.435	0.00293
0.44	0.00300
0.445	0.00303
0.45	0.00301
0.455	0.00290
0.46	0.00272
0.465	0.00249
0.47	0.00223
0.475	0.00198
0.48	0.00176
0.485	0.00156
0.49	0.00140
0.495	0.00128
0.5	0.00117
0.505	0.00105
0.51	0.00091
0.515	0.00074
0.52	0.00051
0.525	0.00023
0.53	-0.00011
0.535	-0.00050
0.54	-0.00093
0.545	-0.00137
0.55	-0.00180
0.555	-0.00221
0.56	-0.00253
0.565	-0.00274
0.57	-0.00275
0.575	-0.00255
0.58	-0.00211
0.585	-0.00146
0.59	-0.00068
0.595	0.00016
0.6	0.00101
0.605	0.00183
0.61	0.00261
0.615	0.00333
0.62	0.00396
0.625	0.00451
0.63	0.00494
0.635	0.00527
0.64	0.00548
0.645	0.00555
0.65	0.00550
0.655	0.00532
0.66	0.00501
0.665	0.00462
0.67	0.00417
0.675	0.00368
0.68	0.00320
0.685	0.00274
0.69	0.00230
0.695	0.00192
0.7	0.00156
0.705	0.00125
0.71	0.00099
0.715	0.00079
0.72	0.00068
0.725	0.00064
0.73	0.00068
0.735	0.00077
0.74	0.00091
0.745	0.00106
0.75	0.00121
0.755	0.00131
0.76	0.00136
0.765	0.00136
0.77	0.00129
0.775	0.00115
0.78	0.00096
0.785	0.00073
0.79	0.00045
0.795	0.00013
0.8	-0.00022
0.805	-0.00058
0.81	-0.00094
0.815	-0.00125
0.82	-0.00148
0.825	-0.00160
0.83	-0.00160
0.835	-0.00150
0.84	-0.00130
0.845	-0.00101
0.85	-0.00066
0.855	-0.00028
0.86	0.00010
0.865	0.00041
0.87	0.00066
0.875	0.00080
0.88	0.00087
0.885	0.00090
0.89	0.00088
0.895	0.00085
0.9	0.00086
0.905	0.00096
0.91	0.00121
0.915	0.00165
0.92	0.00230
0.925	0.00317
0.93	0.00421
0.935	0.00537
0.94	0.00660
0.945	0.00782
0.95	0.00894
0.955	0.00982
0.96	0.01037
0.965	0.01058
0.97	0.01048
0.975	0.01014
0.98	0.00965
0.985	0.00900
0.99	0.00823
0.995	0.00734
1	0.00636
1.005	0.00536
1.01	0.00435
1.015	0.00333
1.02	0.00232
1.025	0.00135
1.03	0.00042
1.035	-0.00047
1.04	-0.00131
1.045	-0.00213
1.05	-0.00294
1.055	-0.00374
1.06	-0.00454
1.065	-0.00529
1.07	-0.00598
1.075	-0.00647
1.08	-0.00667
1.085	-0.00655
1.09	-0.00622
1.095	-0.00581
1.1	-0.00538
1.105	-0.00498
1.11	-0.00456
1.115	-0.00415
1.12	-0.00368
1.125	-0.00314
1.13	-0.00253
1.135	-0.00187
1.14	-0.00118
1.145	-0.00047
1.15	0.00024
1.155	0.00096
1.16	0.00170
1.165	0.00242
1.17	0.00311
1.175	0.00375
1.18	0.00438
1.185	0.00499
1.19	0.00555
1.195	0.00606
1.2	0.00648
1.205	0.00680
1.21	0.00698
1.215	0.00701
1.22	0.00689
1.225	0.00663
1.23	0.00622
1.235	0.00563
1.24	0.00491
1.245	0.00410
1.25	0.00325
1.255	0.00239
1.26	0.00155
1.265	0.00077
1.27	0.00012
1.275	-0.00034
1.28	-0.00059
1.285	-0.00058
1.29	-0.00030
1.295	0.00022
1.3	0.00091
1.305	0.00168
1.31	0.00246
1.315	0.00320
1.32	0.00384
1.325	0.00434
1.33	0.00462
1.335	0.00465
1.34	0.00446
1.345	0.00409
1.35	0.00365
1.355	0.00320
1.36	0.00282
1.365	0.00256
1.37	0.00243
1.375	0.00244
1.38	0.00259
1.385	0.00284
1.39	0.00317
1.395	0.00356
1.4	0.00403
1.405	0.00453
1.41	0.00504
1.415	0.00556
1.42	0.00608
1.425	0.00657
1.43	0.00707
1.435	0.00757
1.44	0.00810
1.445	0.00864
1.45	0.00917
1.455	0.00959
1.46	0.00982
1.465	0.00981
1.47	0.00960
1.475	0.00931
1.48	0.00900
1.485	0.00873
1.49	0.00852
1.495	0.00838
1.5	0.00828
1.505	0.00820
1.51	0.00806
1.515	0.00781
1.52	0.00741
1.525	0.00686
1.53	0.00622
1.535	0.00553
1.54	0.00482
1.545	0.00415
1.55	0.00357
1.555	0.00311
1.56	0.00278
1.565	0.00260
1.57	0.00260
1.575	0.00287
1.58	0.00349
1.585	0.00443
1.59	0.00551
1.595	0.00653
1.6	0.00735
1.605	0.00790
1.61	0.00814
1.615	0.00805
1.62	0.00764
1.625	0.00696
1.63	0.00607
1.635	0.00503
1.64	0.00386
1.645	0.00257
1.65	0.00119
1.655	-0.00026
1.66	-0.00176
1.665	-0.00330
1.67	-0.00488
1.675	-0.00642
1.68	-0.00784
1.685	-0.00908
1.69	-0.01009
1.695	-0.01085
1.7	-0.01133
1.705	-0.01150
1.71	-0.01135
1.715	-0.01091
1.72	-0.01025
1.725	-0.00942
1.73	-0.00849
1.735	-0.00751
1.74	-0.00653
1.745	-0.00563
1.75	-0.00491
1.755	-0.00450
1.76	-0.00449
1.765	-0.00494
1.77	-0.00589
1.775	-0.00734
1.78	-0.00929
1.785	-0.01164
1.79	-0.01428
1.795	-0.01713
1.8	-0.02006
1.805	-0.02298
1.81	-0.02572
1.815	-0.02816
1.82	-0.03018
1.825	-0.03169
1.83	-0.03266
1.835	-0.03304
1.84	-0.03284
1.845	-0.03204
1.85	-0.03064
1.855	-0.02867
1.86	-0.02623
1.865	-0.02336
1.87	-0.02022
1.875	-0.01692
1.88	-0.01361
1.885	-0.01044
1.89	-0.00757
1.895	-0.00506
1.9	-0.00295
1.905	-0.00127
1.91	0.00005
1.915	0.00107
1.92	0.00190
1.925	0.00260
1.93	0.00323
1.935	0.00389
1.94	0.00465
1.945	0.00558
1.95	0.00664
1.955	0.00777
1.96	0.00884
1.965	0.00968
1.97	0.01019
1.975	0.01031
1.98	0.01011
1.985	0.00968
1.99	0.00914
1.995	0.00856
2	0.00801
2.005	0.00752
2.01	0.00714
2.015	0.00690
2.02	0.00686
2.025	0.00704
2.03	0.00745
2.035	0.00807
2.04	0.00887
2.045	0.00976
2.05	0.01063
2.055	0.01140
2.06	0.01203
2.065	0.01243
2.07	0.01253
2.075	0.01230
2.08	0.01177
2.085	0.01099
2.09	0.01006
2.095	0.00910
2.1	0.00822
2.105	0.00746
2.11	0.00683
2.115	0.00625
2.12	0.00563
2.125	0.00487
2.13	0.00390
2.135	0.00266
2.14	0.00116
2.145	-0.00058
2.15	-0.00242
2.155	-0.00426
2.16	-0.00599
2.165	-0.00750
2.17	-0.00871
2.175	-0.00959
2.18	-0.01010
2.185	-0.01027
2.19	-0.01012
2.195	-0.00967
2.2	-0.00892
2.205	-0.00793
2.21	-0.00674
2.215	-0.00544
2.22	-0.00410
2.225	-0.00281
2.23	-0.00162
2.235	-0.00054
2.24	0.00043
2.245	0.00131
2.25	0.00208
2.255	0.00272
2.26	0.00324
2.265	0.00365
2.27	0.00401
2.275	0.00431
2.28	0.00455
2.285	0.00468
2.29	0.00468
2.295	0.00455
2.3	0.00423
2.305	0.00369
2.31	0.00293
2.315	0.00194
2.32	0.00072
2.325	-0.00066
2.33	-0.00212
2.335	-0.00357
2.34	-0.00497
2.345	-0.00622
2.35	-0.00724
2.355	-0.00796
2.36	-0.00833
2.365	-0.00836
2.37	-0.00807
2.375	-0.00751
2.38	-0.00670
2.385	-0.00567
2.39	-0.00445
2.395	-0.00306
2.4	-0.00152
2.405	0.00017
2.41	0.00205
2.415	0.00413
2.42	0.00632
2.425	0.00851
2.43	0.01063
2.435	0.01255
2.44	0.01412
2.445	0.01527
2.45	0.01601
2.455	0.01643
2.46	0.01656
2.465	0.01643
2.47	0.01600
2.475	0.01525
2.48	0.01417
2.485	0.01277
2.49	0.01104
2.495	0.00901
2.5	0.00674
2.505	0.00436
2.51	0.00198
2.515	-0.00032
2.52	-0.00242
2.525	-0.00426
2.53	-0.00579
2.535	-0.00702
2.54	-0.00793
2.545	-0.00847
2.55	-0.00860
2.555	-0.00824
2.56	-0.00740
2.565	-0.00599
2.57	-0.00405
2.575	-0.00179
2.58	0.00055
2.585	0.00279
2.59	0.00483
2.595	0.00662
2.6	0.00807
2.605	0.00924
2.61	0.01015
2.615	0.01079
2.62	0.01120
2.625	0.01140
2.63	0.01144
2.635	0.01129
2.64	0.01098
2.645	0.01058
2.65	0.01009
2.655	0.00954
2.66	0.00893
2.665	0.00824
2.67	0.00747
2.675	0.00660
2.68	0.00563
2.685	0.00456
2.69	0.00342
2.695	0.00224
2.7	0.00106
2.705	-0.00007
2.71	-0.00112
2.715	-0.00205
2.72	-0.00287
2.725	-0.00361
2.73	-0.00435
2.735	-0.00517
2.74	-0.00614
2.745	-0.00733
2.75	-0.00877
2.755	-0.01049
2.76	-0.01250
2.765	-0.01478
2.77	-0.01729
2.775	-0.01998
2.78	-0.02277
2.785	-0.02558
2.79	-0.02830
2.795	-0.03081
2.8	-0.03301
2.805	-0.03481
2.81	-0.03618
2.815	-0.03710
2.82	-0.03751
2.825	-0.03742
2.83	-0.03685
2.835	-0.03583
2.84	-0.03443
2.845	-0.03273
2.85	-0.03082
2.855	-0.02873
2.86	-0.02652
2.865	-0.02430
2.87	-0.02213
2.875	-0.02007
2.88	-0.01819
2.885	-0.01651
2.89	-0.01507
2.895	-0.01388
2.9	-0.01292
2.905	-0.01213
2.91	-0.01147
2.915	-0.01083
2.92	-0.01016
2.925	-0.00940
2.93	-0.00846
2.935	-0.00731
2.94	-0.00593
2.945	-0.00441
2.95	-0.00286
2.955	-0.00145
2.96	-0.00023
2.965	0.00077
2.97	0.00158
2.975	0.00226
2.98	0.00286
2.985	0.00337
2.99	0.00378
2.995	0.00411
3	0.00436
3.005	0.00445
3.01	0.00435
3.015	0.00402
3.02	0.00342
3.025	0.00249
3.03	0.00122
3.035	-0.00041
3.04	-0.00237
3.045	-0.00456
3.05	-0.00697
3.055	-0.00948
3.06	-0.01200
3.065	-0.01444
3.07	-0.01665
3.075	-0.01851
3.08	-0.01990
3.085	-0.02081
3.09	-0.02135
3.095	-0.02166
3.1	-0.02188
3.105	-0.02206
3.11	-0.02227
3.115	-0.02255
3.12	-0.02294
3.125	-0.02347
3.13	-0.02416
3.135	-0.02499
3.14	-0.02598
3.145	-0.02711
3.15	-0.02831
3.155	-0.02948
3.16	-0.03054
3.165	-0.03130
3.17	-0.03165
3.175	-0.03151
3.18	-0.03086
3.185	-0.02970
3.19	-0.02805
3.195	-0.02598
3.2	-0.02358
3.205	-0.02091
3.21	-0.01806
3.215	-0.01514
3.22	-0.01220
3.225	-0.00929
3.23	-0.00645
3.235	-0.00376
3.24	-0.00128
3.245	0.00096
3.25	0.00292
3.255	0.00455
3.26	0.00580
3.265	0.00654
3.27	0.00674
3.275	0.00637
3.28	0.00544
3.285	0.00397
3.29	0.00204
3.295	-0.00021
3.3	-0.00263
3.305	-0.00509
3.31	-0.00749
3.315	-0.00970
3.32	-0.01167
3.325	-0.01336
3.33	-0.01475
3.335	-0.01585
3.34	-0.01663
3.345	-0.01705
3.35	-0.01711
3.355	-0.01684
3.36	-0.01628
3.365	-0.01554
3.37	-0.01467
3.375	-0.01369
3.38	-0.01262
3.385	-0.01150
3.39	-0.01036
3.395	-0.00923
3.4	-0.00812
3.405	-0.00698
3.41	-0.00582
3.415	-0.00463
3.42	-0.00339
3.425	-0.00210
3.43	-0.00070
3.435	0.00077
3.44	0.00229
3.445	0.00374
3.45	0.00505
3.455	0.00615
3.46	0.00696
3.465	0.00747
3.47	0.00779
3.475	0.00803
3.48	0.00829
3.485	0.00863
3.49	0.00905
3.495	0.00956
3.5	0.01013
3.505	0.01078
3.51	0.01148
3.515	0.01222
3.52	0.01302
3.525	0.01389
3.53	0.01483
3.535	0.01583
3.54	0.01688
3.545	0.01795
3.55	0.01899
3.555	0.02001
3.56	0.02095
3.565	0.02183
3.57	0.02264
3.575	0.02346
3.58	0.02434
3.585	0.02525
3.59	0.02606
3.595	0.02661
3.6	0.02678
3.605	0.02659
3.61	0.02605
3.615	0.02521
3.62	0.02412
3.625	0.02282
3.63	0.02140
3.635	0.01992
3.64	0.01841
3.645	0.01696
3.65	0.01559
3.655	0.01436
3.66	0.01332
3.665	0.01253
3.67	0.01199
3.675	0.01167
3.68	0.01155
3.685	0.01155
3.69	0.01164
3.695	0.01178
3.7	0.01198
3.705	0.01222
3.71	0.01247
3.715	0.01273
3.72	0.01294
3.725	0.01312
3.73	0.01328
3.735	0.01340
3.74	0.01345
3.745	0.01338
3.75	0.01321
3.755	0.01293
3.76	0.01253
3.765	0.01200
3.77	0.01133
3.775	0.01056
3.78	0.00970
3.785	0.00880
3.79	0.00790
3.795	0.00707
3.8	0.00633
3.805	0.00572
3.81	0.00532
3.815	0.00518
3.82	0.00533
3.825	0.00577
3.83	0.00650
3.835	0.00743
3.84	0.00851
3.845	0.00967
3.85	0.01089
3.855	0.01219
3.86	0.01351
3.865	0.01478
3.87	0.01592
3.875	0.01683
3.88	0.01740
3.885	0.01752
3.89	0.01708
3.895	0.01597
3.9	0.01413
3.905	0.01162
3.91	0.00848
3.915	0.00479
3.92	0.00066
3.925	-0.00374
3.93	-0.00824
3.935	-0.01266
3.94	-0.01685
3.945	-0.02066
3.95	-0.02399
3.955	-0.02681
3.96	-0.02907
3.965	-0.03068
3.97	-0.03154
3.975	-0.03156
3.98	-0.03079
3.985	-0.02932
3.99	-0.02732
3.995	-0.02496
4	-0.02237
4.005	-0.01970
4.01	-0.01704
4.015	-0.01448
4.02	-0.01216
4.025	-0.01018
4.03	-0.00855
4.035	-0.00728
4.04	-0.00639
4.045	-0.00589
4.05	-0.00577
4.055	-0.00604
4.06	-0.00662
4.065	-0.00743
4.07	-0.00830
4.075	-0.00905
4.08	-0.00954
4.085	-0.00972
4.09	-0.00972
4.095	-0.00968
4.1	-0.00968
4.105	-0.00968
4.11	-0.00970
4.115	-0.00976
4.12	-0.00986
4.125	-0.01002
4.13	-0.01018
4.135	-0.01028
4.14	-0.01023
4.145	-0.00997
4.15	-0.00944
4.155	-0.00861
4.16	-0.00745
4.165	-0.00592
4.17	-0.00396
4.175	-0.00158
4.18	0.00121
4.185	0.00427
4.19	0.00748
4.195	0.01069
4.2	0.01372
4.205	0.01638
4.21	0.01859
4.215	0.02022
4.22	0.02123
4.225	0.02157
4.23	0.02123
4.235	0.02022
4.24	0.01859
4.245	0.01643
4.25	0.01392
4.255	0.01128
4.26	0.00864
4.265	0.00615
4.27	0.00393
4.275	0.00206
4.28	0.00057
4.285	-0.00051
4.29	-0.00116
4.295	-0.00140
4.3	-0.00122
4.305	-0.00067
4.31	0.00027
4.315	0.00152
4.32	0.00305
4.325	0.00476
4.33	0.00658
4.335	0.00838
4.34	0.01007
4.345	0.01156
4.35	0.01276
4.355	0.01364
4.36	0.01417
4.365	0.01434
4.37	0.01416
4.375	0.01365
4.38	0.01285
4.385	0.01178
4.39	0.01050
4.395	0.00906
4.4	0.00751
4.405	0.00587
4.41	0.00419
4.415	0.00251
4.42	0.00087
4.425	-0.00068
4.43	-0.00208
4.435	-0.00331
4.44	-0.00437
4.445	-0.00524
4.45	-0.00599
4.455	-0.00671
4.46	-0.00752
4.465	-0.00841
4.47	-0.00927
4.475	-0.00996
4.48	-0.01040
4.485	-0.01055
4.49	-0.01040
4.495	-0.00995
4.5	-0.00919
4.505	-0.00817
4.51	-0.00699
4.515	-0.00568
4.52	-0.00427
4.525	-0.00279
4.53	-0.00128
4.535	0.00026
4.54	0.00175
4.545	0.00316
4.55	0.00448
4.555	0.00568
4.56	0.00670
4.565	0.00754
4.57	0.00827
4.575	0.00901
4.58	0.00985
4.585	0.01079
4.59	0.01169
4.595	0.01241
4.6	0.01283
4.605	0.01290
4.61	0.01258
4.615	0.01189
4.62	0.01091
4.625	0.00968
4.63	0.00828
4.635	0.00685
4.64	0.00550
4.645	0.00429
4.65	0.00331
4.655	0.00260
4.66	0.00221
4.665	0.00209
4.67	0.00217
4.675	0.00236
4.68	0.00257
4.685	0.00274
4.69	0.00283
4.695	0.00284
4.7	0.00277
4.705	0.00265
4.71	0.00248
4.715	0.00227
4.72	0.00205
4.725	0.00185
4.73	0.00168
4.735	0.00156
4.74	0.00146
4.745	0.00135
4.75	0.00122
4.755	0.00104
4.76	0.00077
4.765	0.00041
4.77	0.00003
4.775	-0.00037
4.78	-0.00073
4.785	-0.00101
4.79	-0.00118
4.795	-0.00126
4.8	-0.00122
4.805	-0.00107
4.81	-0.00082
4.815	-0.00049
4.82	-0.00012
4.825	0.00023
4.83	0.00041
4.835	0.00039
4.84	0.00016
4.845	-0.00023
4.85	-0.00078
4.855	-0.00150
4.86	-0.00238
4.865	-0.00339
4.87	-0.00455
4.875	-0.00584
4.88	-0.00722
4.885	-0.00866
4.89	-0.01013
4.895	-0.01160
4.9	-0.01301
4.905	-0.01430
4.91	-0.01535
4.915	-0.01611
4.92	-0.01651
4.925	-0.01653
4.93	-0.01619
4.935	-0.01554
4.94	-0.01469
4.945	-0.01376
4.95	-0.01291
4.955	-0.01229
4.96	-0.01208
4.965	-0.01226
4.97	-0.01271
4.975	-0.01333
4.98	-0.01402
4.985	-0.01474
4.99	-0.01544
4.995	-0.01615
5	-0.01685
5.005	-0.01757
5.01	-0.01830
5.015	-0.01903
5.02	-0.01967
5.025	-0.02020
5.03	-0.02057
5.035	-0.02079
5.04	-0.02083
5.045	-0.02075
5.05	-0.02057
5.055	-0.02035
5.06	-0.02010
5.065	-0.01985
5.07	-0.01955
5.075	-0.01911
5.08	-0.01836
5.085	-0.01728
5.09	-0.01596
5.095	-0.01453
5.1	-0.01309
5.105	-0.01174
5.11	-0.01052
5.115	-0.00943
5.12	-0.00844
5.125	-0.00752
5.13	-0.00666
5.135	-0.00583
5.14	-0.00497
5.145	-0.00405
5.15	-0.00311
5.155	-0.00216
5.16	-0.00122
5.165	-0.00029
5.17	0.00063
5.175	0.00149
5.18	0.00225
5.185	0.00285
5.19	0.00329
5.195	0.00353
5.2	0.00356
5.205	0.00340
5.21	0.00309
5.215	0.00262
5.22	0.00197
5.225	0.00119
5.23	0.00031
5.235	-0.00061
5.24	-0.00150
5.245	-0.00239
5.25	-0.00325
5.255	-0.00409
5.26	-0.00488
5.265	-0.00563
5.27	-0.00631
5.275	-0.00690
5.28	-0.00742
5.285	-0.00788
5.29	-0.00827
5.295	-0.00856
5.3	-0.00868
5.305	-0.00858
5.31	-0.00824
5.315	-0.00766
5.32	-0.00685
5.325	-0.00582
5.33	-0.00462
5.335	-0.00328
5.34	-0.00183
5.345	-0.00030
5.35	0.00128
5.355	0.00288
5.36	0.00449
5.365	0.00610
5.37	0.00772
5.375	0.00937
5.38	0.01107
5.385	0.01283
5.39	0.01472
5.395	0.01676
5.4	0.01896
5.405	0.02134
5.41	0.02389
5.415	0.02656
5.42	0.02931
5.425	0.03214
5.43	0.03497
5.435	0.03775
5.44	0.04037
5.445	0.04271
5.45	0.04464
5.455	0.04602
5.46	0.04675
5.465	0.04686
5.47	0.04653
5.475	0.04589
5.48	0.04503
5.485	0.04402
5.49	0.04292
5.495	0.04179
5.5	0.04065
5.505	0.03955
5.51	0.03847
5.515	0.03740
5.52	0.03634
5.525	0.03523
5.53	0.03401
5.535	0.03259
5.54	0.03090
5.545	0.02886
5.55	0.02644
5.555	0.02361
5.56	0.02040
5.565	0.01695
5.57	0.01347
5.575	0.01024
5.58	0.00744
5.585	0.00504
5.59	0.00291
5.595	0.00090
5.6	-0.00112
5.605	-0.00323
5.61	-0.00544
5.615	-0.00773
5.62	-0.01009
5.625	-0.01248
5.63	-0.01490
5.635	-0.01728
5.64	-0.01958
5.645	-0.02174
5.65	-0.02368
5.655	-0.02532
5.66	-0.02658
5.665	-0.02739
5.67	-0.02769
5.675	-0.02748
5.68	-0.02675
5.685	-0.02552
5.69	-0.02381
5.695	-0.02167
5.7	-0.01917
5.705	-0.01634
5.71	-0.01319
5.715	-0.00974
5.72	-0.00600
5.725	-0.00203
5.73	0.00216
5.735	0.00650
5.74	0.01097
5.745	0.01550
5.75	0.02008
5.755	0.02469
5.76	0.02930
5.765	0.03386
5.77	0.03835
5.775	0.04271
5.78	0.04688
5.785	0.05075
5.79	0.05429
5.795	0.05750
5.8	0.06037
5.805	0.06287
5.81	0.06494
5.815	0.06655
5.82	0.06767
5.825	0.06827
5.83	0.06830
5.835	0.06772
5.84	0.06652
5.845	0.06465
5.85	0.06213
5.855	0.05894
5.86	0.05509
5.865	0.05058
5.87	0.04543
5.875	0.03970
5.88	0.03347
5.885	0.02681
5.89	0.01984
5.895	0.01266
5.9	0.00545
5.905	-0.00162
5.91	-0.00841
5.915	-0.01476
5.92	-0.02058
5.925	-0.02581
5.93	-0.03038
5.935	-0.03425
5.94	-0.03746
5.945	-0.03998
5.95	-0.04180
5.955	-0.04300
5.96	-0.04367
5.965	-0.04385
5.97	-0.04350
5.975	-0.04253
5.98	-0.04091
5.985	-0.03869
5.99	-0.03594
5.995	-0.03273
6	-0.02918
6.005	-0.02541
6.01	-0.02158
6.015	-0.01782
6.02	-0.01423
6.025	-0.01086
6.03	-0.00777
6.035	-0.00501
6.04	-0.00265
6.045	-0.00069
6.05	0.00087
6.055	0.00207
6.06	0.00293
6.065	0.00354
6.07	0.00396
6.075	0.00434
6.08	0.00484
6.085	0.00558
6.09	0.00653
6.095	0.00758
6.1	0.00864
6.105	0.00967
6.11	0.01064
6.115	0.01156
6.12	0.01238
6.125	0.01304
6.13	0.01349
6.135	0.01371
6.14	0.01365
6.145	0.01330
6.15	0.01267
6.155	0.01181
6.16	0.01074
6.165	0.00950
6.17	0.00813
6.175	0.00661
6.18	0.00493
6.185	0.00311
6.19	0.00117
6.195	-0.00081
6.2	-0.00278
6.205	-0.00467
6.21	-0.00645
6.215	-0.00813
6.22	-0.00972
6.225	-0.01121
6.23	-0.01253
6.235	-0.01359
6.24	-0.01432
6.245	-0.01467
6.25	-0.01461
6.255	-0.01420
6.26	-0.01355
6.265	-0.01279
6.27	-0.01206
6.275	-0.01149
6.28	-0.01120
6.285	-0.01121
6.29	-0.01159
6.295	-0.01232
6.3	-0.01337
6.305	-0.01471
6.31	-0.01634
6.315	-0.01822
6.32	-0.02030
6.325	-0.02255
6.33	-0.02494
6.335	-0.02749
6.34	-0.03021
6.345	-0.03313
6.35	-0.03618
6.355	-0.03928
6.36	-0.04234
6.365	-0.04528
6.37	-0.04796
6.375	-0.05027
6.38	-0.05210
6.385	-0.05343
6.39	-0.05428
6.395	-0.05461
6.4	-0.05444
6.405	-0.05382
6.41	-0.05281
6.415	-0.05144
6.42	-0.04971
6.425	-0.04768
6.43	-0.04544
6.435	-0.04310
6.44	-0.04070
6.445	-0.03834
6.45	-0.03614
6.455	-0.03419
6.46	-0.03257
6.465	-0.03123
6.47	-0.03004
6.475	-0.02885
6.48	-0.02753
6.485	-0.02600
6.49	-0.02419
6.495	-0.02212
6.5	-0.01983
6.505	-0.01733
6.51	-0.01465
6.515	-0.01175
6.52	-0.00865
6.525	-0.00537
6.53	-0.00193
6.535	0.00167
6.54	0.00535
6.545	0.00908
6.55	0.01282
6.555	0.01652
6.56	0.02019
6.565	0.02378
6.57	0.02726
6.575	0.03065
6.58	0.03392
6.585	0.03700
6.59	0.03967
6.595	0.04175
6.6	0.04314
6.605	0.04381
6.61	0.04382
6.615	0.04324
6.62	0.04217
6.625	0.04068
6.63	0.03889
6.635	0.03686
6.64	0.03472
6.645	0.03256
6.65	0.03046
6.655	0.02849
6.66	0.02676
6.665	0.02533
6.67	0.02424
6.675	0.02355
6.68	0.02330
6.685	0.02350
6.69	0.02416
6.695	0.02527
6.7	0.02684
6.705	0.02888
6.71	0.03141
6.715	0.03440
6.72	0.03778
6.725	0.04145
6.73	0.04523
6.735	0.04903
6.74	0.05274
6.745	0.05628
6.75	0.05957
6.755	0.06257
6.76	0.06523
6.765	0.06751
6.77	0.06934
6.775	0.07068
6.78	0.07144
6.785	0.07157
6.79	0.07102
6.795	0.06977
6.8	0.06780
6.805	0.06515
6.81	0.06190
6.815	0.05816
6.82	0.05401
6.825	0.04956
6.83	0.04494
6.835	0.04025
6.84	0.03562
6.845	0.03119
6.85	0.02705
6.855	0.02327
6.86	0.01987
6.865	0.01687
6.87	0.01429
6.875	0.01218
6.88	0.01053
6.885	0.00934
6.89	0.00862
6.895	0.00834
6.9	0.00848
6.905	0.00896
6.91	0.00970
6.915	0.01062
6.92	0.01166
6.925	0.01277
6.93	0.01391
6.935	0.01499
6.94	0.01589
6.945	0.01655
6.95	0.01686
6.955	0.01668
6.96	0.01592
6.965	0.01461
6.97	0.01284
6.975	0.01080
6.98	0.00862
6.985	0.00639
6.99	0.00409
6.995	0.00168
7	-0.00086
7.005	-0.00356
7.01	-0.00646
7.015	-0.00964
7.02	-0.01317
7.025	-0.01716
7.03	-0.02168
7.035	-0.02676
7.04	-0.03240
7.045	-0.03857
7.05	-0.04513
7.055	-0.05193
7.06	-0.05883
7.065	-0.06558
7.07	-0.07190
7.075	-0.07749
7.08	-0.08211
7.085	-0.08562
7.09	-0.08804
7.095	-0.08950
7.1	-0.09010
7.105	-0.08992
7.11	-0.08897
7.115	-0.08730
7.12	-0.08496
7.125	-0.08202
7.13	-0.07853
7.135	-0.07455
7.14	-0.07016
7.145	-0.06544
7.15	-0.06053
7.155	-0.05549
7.16	-0.05039
7.165	-0.04526
7.17	-0.04013
7.175	-0.03502
7.18	-0.02980
7.185	-0.02436
7.19	-0.01862
7.195	-0.01254
7.2	-0.00610
7.205	0.00067
7.21	0.00764
7.215	0.01468
7.22	0.02161
7.225	0.02831
7.23	0.03465
7.235	0.04044
7.24	0.04550
7.245	0.04969
7.25	0.05296
7.255	0.05531
7.26	0.05675
7.265	0.05737
7.27	0.05719
7.275	0.05622
7.28	0.05449
7.285	0.05201
7.29	0.04888
7.295	0.04513
7.3	0.04080
7.305	0.03597
7.31	0.03076
7.315	0.02526
7.32	0.01956
7.325	0.01378
7.33	0.00806
7.335	0.00257
7.34	-0.00260
7.345	-0.00734
7.35	-0.01157
7.355	-0.01532
7.36	-0.01862
7.365	-0.02152
7.37	-0.02408
7.375	-0.02636
7.38	-0.02848
7.385	-0.03050
7.39	-0.03251
7.395	-0.03451
7.4	-0.03650
7.405	-0.03841
7.41	-0.04020
7.415	-0.04181
7.42	-0.04319
7.425	-0.04436
7.43	-0.04530
7.435	-0.04604
7.44	-0.04666
7.445	-0.04725
7.45	-0.04786
7.455	-0.04854
7.46	-0.04930
7.465	-0.05015
7.47	-0.05093
7.475	-0.05149
7.48	-0.05167
7.485	-0.05135
7.49	-0.05051
7.495	-0.04914
7.5	-0.04724
7.505	-0.04480
7.51	-0.04185
7.515	-0.03845
7.52	-0.03470
7.525	-0.03076
7.53	-0.02677
7.535	-0.02283
7.54	-0.01908
7.545	-0.01563
7.55	-0.01261
7.555	-0.01013
7.56	-0.00823
7.565	-0.00686
7.57	-0.00599
7.575	-0.00552
7.58	-0.00531
7.585	-0.00522
7.59	-0.00521
7.595	-0.00539
7.6	-0.00583
7.605	-0.00660
7.61	-0.00770
7.615	-0.00920
7.62	-0.01108
7.625	-0.01330
7.63	-0.01583
7.635	-0.01862
7.64	-0.02158
7.645	-0.02466
7.65	-0.02779
7.655	-0.03094
7.66	-0.03407
7.665	-0.03713
7.67	-0.04006
7.675	-0.04280
7.68	-0.04533
7.685	-0.04761
7.69	-0.04956
7.695	-0.05112
7.7	-0.05225
7.705	-0.05294
7.71	-0.05318
7.715	-0.05298
7.72	-0.05235
7.725	-0.05134
7.73	-0.04994
7.735	-0.04818
7.74	-0.04605
7.745	-0.04361
7.75	-0.04083
7.755	-0.03775
7.76	-0.03436
7.765	-0.03068
7.77	-0.02673
7.775	-0.02255
7.78	-0.01818
7.785	-0.01373
7.79	-0.00932
7.795	-0.00500
7.8	-0.00089
7.805	0.00297
7.81	0.00657
7.815	0.00991
7.82	0.01301
7.825	0.01592
7.83	0.01869
7.835	0.02140
7.84	0.02414
7.845	0.02702
7.85	0.03012
7.855	0.03354
7.86	0.03729
7.865	0.04136
7.87	0.04567
7.875	0.05011
7.88	0.05463
7.885	0.05917
7.89	0.06367
7.895	0.06805
7.9	0.07229
7.905	0.07636
7.91	0.08024
7.915	0.08393
7.92	0.08745
7.925	0.09095
7.93	0.09449
7.935	0.09809
7.94	0.10173
7.945	0.10540
7.95	0.10903
7.955	0.11247
7.96	0.11561
7.965	0.11840
7.97	0.12087
7.975	0.12318
7.98	0.12546
7.985	0.12784
7.99	0.13035
7.995	0.13296
8	0.13555
8.005	0.13802
8.01	0.14030
8.015	0.14232
8.02	0.14407
8.025	0.14561
8.03	0.14702
8.035	0.14833
8.04	0.14953
8.045	0.15057
8.05	0.15141
8.055	0.15196
8.06	0.15215
8.065	0.15194
8.07	0.15131
8.075	0.15026
8.08	0.14889
8.085	0.14724
8.09	0.14525
8.095	0.14279
8.1	0.13978
8.105	0.13614
8.11	0.13192
8.115	0.12717
8.12	0.12196
8.125	0.11634
8.13	0.11038
8.135	0.10414
8.14	0.09770
8.145	0.09121
8.15	0.08476
8.155	0.07853
8.16	0.07264
8.165	0.06721
8.17	0.06232
8.175	0.05806
8.18	0.05450
8.185	0.05165
8.19	0.04951
8.195	0.04802
8.2	0.04705
8.205	0.04648
8.21	0.04613
8.215	0.04589
8.22	0.04562
8.225	0.04527
8.23	0.04480
8.235	0.04421
8.24	0.04350
8.245	0.04271
8.25	0.04190
8.255	0.04110
8.26	0.04039
8.265	0.03979
8.27	0.03924
8.275	0.03868
8.28	0.03801
8.285	0.03712
8.29	0.03591
8.295	0.03432
8.3	0.03235
8.305	0.03002
8.31	0.02738
8.315	0.02451
8.32	0.02147
8.325	0.01837
8.33	0.01525
8.335	0.01217
8.34	0.00915
8.345	0.00623
8.35	0.00342
8.355	0.00068
8.36	-0.00203
8.365	-0.00476
8.37	-0.00756
8.375	-0.01045
8.38	-0.01344
8.385	-0.01649
8.39	-0.01958
8.395	-0.02268
8.4	-0.02578
8.405	-0.02890
8.41	-0.03209
8.415	-0.03533
8.42	-0.03870
8.425	-0.04221
8.43	-0.04596
8.435	-0.05004
8.44	-0.05457
8.445	-0.05966
8.45	-0.06542
8.455	-0.07192
8.46	-0.07917
8.465	-0.08712
8.47	-0.09556
8.475	-0.10424
8.48	-0.11286
8.485	-0.12125
8.49	-0.12924
8.495	-0.13672
8.5	-0.14357
8.505	-0.14973
8.51	-0.15514
8.515	-0.15979
8.52	-0.16367
8.525	-0.16690
8.53	-0.16951
8.535	-0.17150
8.54	-0.17291
8.545	-0.17385
8.55	-0.17444
8.555	-0.17478
8.56	-0.17497
8.565	-0.17509
8.57	-0.17514
8.575	-0.17509
8.58	-0.17483
8.585	-0.17432
8.59	-0.17355
8.595	-0.17253
8.6	-0.17132
8.605	-0.16998
8.61	-0.16851
8.615	-0.16690
8.62	-0.16514
8.625	-0.16326
8.63	-0.16123
8.635	-0.15898
8.64	-0.15643
8.645	-0.15354
8.65	-0.15030
8.655	-0.14668
8.66	-0.14270
8.665	-0.13841
8.67	-0.13381
8.675	-0.12890
8.68	-0.12366
8.685	-0.11805
8.69	-0.11205
8.695	-0.10562
8.7	-0.09872
8.705	-0.09135
8.71	-0.08354
8.715	-0.07535
8.72	-0.06686
8.725	-0.05822
8.73	-0.04957
8.735	-0.04108
8.74	-0.03288
8.745	-0.02513
8.75	-0.01790
8.755	-0.01121
8.76	-0.00509
8.765	0.00044
8.77	0.00534
8.775	0.00953
8.78	0.01296
8.785	0.01554
8.79	0.01720
8.795	0.01784
8.8	0.01736
8.805	0.01571
8.81	0.01290
8.815	0.00899
8.82	0.00415
8.825	-0.00139
8.83	-0.00738
8.835	-0.01362
8.84	-0.01988
8.845	-0.02597
8.85	-0.03171
8.855	-0.03697
8.86	-0.04174
8.865	-0.04604
8.87	-0.04993
8.875	-0.05347
8.88	-0.05674
8.885	-0.05984
8.89	-0.06286
8.895	-0.06578
8.9	-0.06855
8.905	-0.07109
8.91	-0.07327
8.915	-0.07493
8.92	-0.07588
8.925	-0.07598
8.93	-0.07510
8.935	-0.07315
8.94	-0.07008
8.945	-0.06589
8.95	-0.06068
8.955	-0.05468
8.96	-0.04809
8.965	-0.04106
8.97	-0.03370
8.975	-0.02609
8.98	-0.01838
8.985	-0.01078
8.99	-0.00358
8.995	0.00307
9	0.00903
9.005	0.01420
9.01	0.01851
9.015	0.02190
9.02	0.02426
9.025	0.02558
9.03	0.02584
9.035	0.02507
9.04	0.02327
9.045	0.02048
9.05	0.01674
9.055	0.01220
9.06	0.00702
9.065	0.00140
9.07	-0.00445
9.075	-0.01022
9.08	-0.01556
9.085	-0.02021
9.09	-0.02402
9.095	-0.02694
9.1	-0.02888
9.105	-0.02974
9.11	-0.02939
9.115	-0.02777
9.12	-0.02480
9.125	-0.02047
9.13	-0.01480
9.135	-0.00791
9.14	0.00005
9.145	0.00888
9.15	0.01834
9.155	0.02815
9.16	0.03809
9.165	0.04790
9.17	0.05735
9.175	0.06623
9.18	0.07442
9.185	0.08177
9.19	0.08818
9.195	0.09357
9.2	0.09789
9.205	0.10107
9.21	0.10301
9.215	0.10368
9.22	0.10305
9.225	0.10113
9.23	0.09794
9.235	0.09353
9.24	0.08802
9.245	0.08156
9.25	0.07431
9.255	0.06659
9.26	0.05872
9.265	0.05102
9.27	0.04380
9.275	0.03734
9.28	0.03191
9.285	0.02775
9.29	0.02506
9.295	0.02397
9.3	0.02456
9.305	0.02684
9.31	0.03074
9.315	0.03613
9.32	0.04281
9.325	0.05054
9.33	0.05895
9.335	0.06769
9.34	0.07637
9.345	0.08468
9.35	0.09232
9.355	0.09911
9.36	0.10490
9.365	0.10962
9.37	0.11318
9.375	0.11553
9.38	0.11670
9.385	0.11678
9.39	0.11592
9.395	0.11422
9.4	0.11175
9.405	0.10856
9.41	0.10472
9.415	0.10037
9.42	0.09564
9.425	0.09064
9.43	0.08547
9.435	0.08016
9.44	0.07475
9.445	0.06925
9.45	0.06363
9.455	0.05784
9.46	0.05182
9.465	0.04564
9.47	0.03948
9.475	0.03362
9.48	0.02824
9.485	0.02349
9.49	0.01940
9.495	0.01599
9.5	0.01324
9.505	0.01113
9.51	0.00961
9.515	0.00866
9.52	0.00824
9.525	0.00837
9.53	0.00906
9.535	0.01029
9.54	0.01203
9.545	0.01427
9.55	0.01697
9.555	0.02003
9.56	0.02330
9.565	0.02660
9.57	0.02976
9.575	0.03262
9.58	0.03496
9.585	0.03659
9.59	0.03735
9.595	0.03712
9.6	0.03591
9.605	0.03384
9.61	0.03106
9.615	0.02780
9.62	0.02423
9.625	0.02043
9.63	0.01649
9.635	0.01246
9.64	0.00837
9.645	0.00428
9.65	0.00023
9.655	-0.00374
9.66	-0.00760
9.665	-0.01133
9.67	-0.01491
9.675	-0.01830
9.68	-0.02137
9.685	-0.02404
9.69	-0.02630
9.695	-0.02806
9.7	-0.02928
9.705	-0.02992
9.71	-0.02997
9.715	-0.02944
9.72	-0.02832
9.725	-0.02663
9.73	-0.02441
9.735	-0.02174
9.74	-0.01875
9.745	-0.01553
9.75	-0.01229
9.755	-0.00922
9.76	-0.00648
9.765	-0.00423
9.77	-0.00261
9.775	-0.00173
9.78	-0.00167
9.785	-0.00248
9.79	-0.00421
9.795	-0.00687
9.8	-0.01042
9.805	-0.01480
9.81	-0.01990
9.815	-0.02563
9.82	-0.03185
9.825	-0.03843
9.83	-0.04517
9.835	-0.05194
9.84	-0.05857
9.845	-0.06492
9.85	-0.07086
9.855	-0.07630
9.86	-0.08116
9.865	-0.08537
9.87	-0.08882
9.875	-0.09149
9.88	-0.09331
9.885	-0.09423
9.89	-0.09419
9.895	-0.09320
9.9	-0.09130
9.905	-0.08844
9.91	-0.08467
9.915	-0.08005
9.92	-0.07464
9.925	-0.06851
9.93	-0.06177
9.935	-0.05458
9.94	-0.04717
9.945	-0.03987
9.95	-0.03305
9.955	-0.02706
9.96	-0.02210
9.965	-0.01820
9.97	-0.01542
9.975	-0.01380
9.98	-0.01337
9.985	-0.01409
9.99	-0.01597
9.995	-0.01896
10	-0.02294
10.005	-0.02774
10.01	-0.03318
10.015	-0.03908
10.02	-0.04522
10.025	-0.05139
10.03	-0.05740
10.035	-0.06304
10.04	-0.06813
10.045	-0.07256
10.05	-0.07619
10.055	-0.07884
10.06	-0.08040
10.065	-0.08068
10.07	-0.07947
10.075	-0.07651
10.08	-0.07168
10.085	-0.06505
10.09	-0.05684
10.095	-0.04725
10.1	-0.03643
10.105	-0.02455
10.11	-0.01176
10.115	0.00176
10.12	0.01589
10.125	0.03044
10.13	0.04527
10.135	0.06021
10.14	0.07508
10.145	0.08972
10.15	0.10400
10.155	0.11778
10.16	0.13092
10.165	0.14325
10.17	0.15465
10.175	0.16495
10.18	0.17402
10.185	0.18176
10.19	0.18809
10.195	0.19304
10.2	0.19662
10.205	0.19890
10.21	0.19991
10.215	0.19966
10.22	0.19816
10.225	0.19544
10.23	0.19149
10.235	0.18630
10.24	0.17987
10.245	0.17215
10.25	0.16313
10.255	0.15284
10.26	0.14132
10.265	0.12863
10.27	0.11486
10.275	0.10017
10.28	0.08472
10.285	0.06870
10.29	0.05234
10.295	0.03592
10.3	0.01967
10.305	0.00386
10.31	-0.01129
10.315	-0.02561
10.32	-0.03897
10.325	-0.05128
10.33	-0.06239
10.335	-0.07218
10.34	-0.08057
10.345	-0.08747
10.35	-0.09283
10.355	-0.09663
10.36	-0.09892
10.365	-0.09979
10.37	-0.09940
10.375	-0.09785
10.38	-0.09527
10.385	-0.09184
10.39	-0.08771
10.395	-0.08311
10.4	-0.07823
10.405	-0.07332
10.41	-0.06861
10.415	-0.06423
10.42	-0.06033
10.425	-0.05694
10.43	-0.05405
10.435	-0.05162
10.44	-0.04959
10.445	-0.04798
10.45	-0.04677
10.455	-0.04601
10.46	-0.04563
10.465	-0.04547
10.47	-0.04529
10.475	-0.04489
10.48	-0.04410
10.485	-0.04277
10.49	-0.04077
10.495	-0.03803
10.5	-0.03453
10.505	-0.03038
10.51	-0.02565
10.515	-0.02044
10.52	-0.01492
10.525	-0.00934
10.53	-0.00395
10.535	0.00103
10.54	0.00540
10.545	0.00901
10.55	0.01173
10.555	0.01346
10.56	0.01415
10.565	0.01385
10.57	0.01268
10.575	0.01083
10.58	0.00846
10.585	0.00566
10.59	0.00239
10.595	-0.00136
10.6	-0.00551
10.605	-0.00988
10.61	-0.01428
10.615	-0.01848
10.62	-0.02227
10.625	-0.02546
10.63	-0.02790
10.635	-0.02943
10.64	-0.02996
10.645	-0.02941
10.65	-0.02775
10.655	-0.02502
10.66	-0.02133
10.665	-0.01680
10.67	-0.01157
10.675	-0.00585
10.68	0.00015
10.685	0.00619
10.69	0.01200
10.695	0.01728
10.7	0.02176
10.705	0.02512
10.71	0.02706
10.715	0.02734
10.72	0.02575
10.725	0.02209
10.73	0.01623
10.735	0.00813
10.74	-0.00214
10.745	-0.01440
10.75	-0.02837
10.755	-0.04364
10.76	-0.05972
10.765	-0.07601
10.77	-0.09191
10.775	-0.10680
10.78	-0.12014
10.785	-0.13143
10.79	-0.14029
10.795	-0.14648
10.8	-0.14982
10.805	-0.15020
10.81	-0.14765
10.815	-0.14232
10.82	-0.13442
10.825	-0.12424
10.83	-0.11218
10.835	-0.09873
10.84	-0.08446
10.845	-0.06987
10.85	-0.05550
10.855	-0.04191
10.86	-0.02950
10.865	-0.01859
10.87	-0.00949
10.875	-0.00239
10.88	0.00263
10.885	0.00563
10.89	0.00671
10.895	0.00604
10.9	0.00379
10.905	0.00022
10.91	-0.00439
10.915	-0.00977
10.92	-0.01567
10.925	-0.02185
10.93	-0.02808
10.935	-0.03415
10.94	-0.03991
10.945	-0.04528
10.95	-0.05026
10.955	-0.05485
10.96	-0.05905
10.965	-0.06274
10.97	-0.06574
10.975	-0.06786
10.98	-0.06899
10.985	-0.06903
10.99	-0.06794
10.995	-0.06566
11	-0.06217
11.005	-0.05747
11.01	-0.05163
11.015	-0.04477
11.02	-0.03703
11.025	-0.02856
11.03	-0.01958
11.035	-0.01031
11.04	-0.00100
11.045	0.00816
11.05	0.01706
11.055	0.02557
11.06	0.03371
11.065	0.04151
11.07	0.04916
11.075	0.05697
11.08	0.06522
11.085	0.07399
11.09	0.08317
11.095	0.09271
11.1	0.10253
11.105	0.11253
11.11	0.12252
11.115	0.13231
11.12	0.14166
11.125	0.15036
11.13	0.15814
11.135	0.16472
11.14	0.16979
11.145	0.17310
11.15	0.17443
11.155	0.17353
11.16	0.17019
11.165	0.16424
11.17	0.15561
11.175	0.14432
11.18	0.13048
11.185	0.11437
11.19	0.09635
11.195	0.07684
11.2	0.05633
11.205	0.03535
11.21	0.01444
11.215	-0.00588
11.22	-0.02509
11.225	-0.04275
11.23	-0.05847
11.235	-0.07201
11.24	-0.08319
11.245	-0.09192
11.25	-0.09818
11.255	-0.10204
11.26	-0.10361
11.265	-0.10306
11.27	-0.10066
11.275	-0.09671
11.28	-0.09160
11.285	-0.08560
11.29	-0.07897
11.295	-0.07193
11.3	-0.06467
11.305	-0.05741
11.31	-0.05035
11.315	-0.04370
11.32	-0.03767
11.325	-0.03233
11.33	-0.02774
11.335	-0.02390
11.34	-0.02084
11.345	-0.01851
11.35	-0.01687
11.355	-0.01579
11.36	-0.01514
11.365	-0.01479
11.37	-0.01463
11.375	-0.01458
11.38	-0.01457
11.385	-0.01455
11.39	-0.01454
11.395	-0.01463
11.4	-0.01492
11.405	-0.01552
11.41	-0.01651
11.415	-0.01802
11.42	-0.02011
11.425	-0.02283
11.43	-0.02616
11.435	-0.02997
11.44	-0.03408
11.445	-0.03829
11.45	-0.04239
11.455	-0.04619
11.46	-0.04939
11.465	-0.05166
11.47	-0.05261
11.475	-0.05197
11.48	-0.04955
11.485	-0.04532
11.49	-0.03935
11.495	-0.03181
11.5	-0.02293
11.505	-0.01301
11.51	-0.00235
11.515	0.00870
11.52	0.01982
11.525	0.03070
11.53	0.04106
11.535	0.05072
11.54	0.05959
11.545	0.06761
11.55	0.07474
11.555	0.08099
11.56	0.08640
11.565	0.09103
11.57	0.09500
11.575	0.09842
11.58	0.10133
11.585	0.10360
11.59	0.10508
11.595	0.10568
11.6	0.10531
11.605	0.10396
11.61	0.10161
11.615	0.09827
11.62	0.09391
11.625	0.08851
11.63	0.08208
11.635	0.07468
11.64	0.06638
11.645	0.05723
11.65	0.04734
11.655	0.03686
11.66	0.02596
11.665	0.01486
11.67	0.00375
11.675	-0.00716
11.68	-0.01766
11.685	-0.02755
11.69	-0.03663
11.695	-0.04474
11.7	-0.05175
11.705	-0.05753
11.71	-0.06196
11.715	-0.06495
11.72	-0.06647
11.725	-0.06650
11.73	-0.06505
11.735	-0.06217
11.74	-0.05792
11.745	-0.05243
11.75	-0.04586
11.755	-0.03842
11.76	-0.03033
11.765	-0.02180
11.77	-0.01310
11.775	-0.00448
11.78	0.00377
11.785	0.01139
11.79	0.01810
11.795	0.02372
11.8	0.02813
11.805	0.03128
11.81	0.03314
11.815	0.03372
11.82	0.03310
11.825	0.03137
11.83	0.02862
11.835	0.02499
11.84	0.02061
11.845	0.01561
11.85	0.01010
11.855	0.00421
11.86	-0.00191
11.865	-0.00803
11.87	-0.01394
11.875	-0.01941
11.88	-0.02423
11.885	-0.02816
11.89	-0.03105
11.895	-0.03273
11.9	-0.03313
11.905	-0.03219
11.91	-0.03001
11.915	-0.02668
11.92	-0.02234
11.925	-0.01714
11.93	-0.01120
11.935	-0.00466
11.94	0.00228
11.945	0.00942
11.95	0.01656
11.955	0.02350
11.96	0.03011
11.965	0.03636
11.97	0.04221
11.975	0.04764
11.98	0.05257
11.985	0.05693
11.99	0.06067
11.995	0.06369
12	0.06593
12.005	0.06728
12.01	0.06764
12.015	0.06689
12.02	0.06502
12.025	0.06204
12.03	0.05800
12.035	0.05300
12.04	0.04708
12.045	0.04036
12.05	0.03298
12.055	0.02514
12.06	0.01696
12.065	0.00859
12.07	0.00019
12.075	-0.00804
12.08	-0.01597
12.085	-0.02363
12.09	-0.03118
12.095	-0.03874
12.1	-0.04636
12.105	-0.05403
12.11	-0.06169
12.115	-0.06926
12.12	-0.07664
12.125	-0.08361
12.13	-0.09003
12.135	-0.09575
12.14	-0.10066
12.145	-0.10470
12.15	-0.10781
12.155	-0.10996
12.16	-0.11119
12.165	-0.11158
12.17	-0.11127
12.175	-0.11036
12.18	-0.10897
12.185	-0.10726
12.19	-0.10536
12.195	-0.10343
12.2	-0.10153
12.205	-0.09971
12.21	-0.09792
12.215	-0.09606
12.22	-0.09405
12.225	-0.09180
12.23	-0.08924
12.235	-0.08630
12.24	-0.08289
12.245	-0.07893
12.25	-0.07438
12.255	-0.06925
12.26	-0.06358
12.265	-0.05742
12.27	-0.05082
12.275	-0.04379
12.28	-0.03635
12.285	-0.02852
12.29	-0.02035
12.295	-0.01189
12.3	-0.00320
12.305	0.00572
12.31	0.01482
12.315	0.02409
12.32	0.03344
12.325	0.04276
12.33	0.05197
12.335	0.06098
12.34	0.06972
12.345	0.07817
12.35	0.08622
12.355	0.09382
12.36	0.10092
12.365	0.10746
12.37	0.11346
12.375	0.11896
12.38	0.12398
12.385	0.12855
12.39	0.13270
12.395	0.13647
12.4	0.13986
12.405	0.14295
12.41	0.14577
12.415	0.14837
12.42	0.15076
12.425	0.15295
12.43	0.15488
12.435	0.15648
12.44	0.15763
12.445	0.15815
12.45	0.15786
12.455	0.15655
12.46	0.15404
12.465	0.15026
12.47	0.14525
12.475	0.13910
12.48	0.13190
12.485	0.12371
12.49	0.11460
12.495	0.10463
12.5	0.09392
12.505	0.08254
12.51	0.07059
12.515	0.05812
12.52	0.04523
12.525	0.03194
12.53	0.01831
12.535	0.00437
12.54	-0.00981
12.545	-0.02419
12.55	-0.03873
12.555	-0.05333
12.56	-0.06781
12.565	-0.08200
12.57	-0.09566
12.575	-0.10848
12.58	-0.12009
12.585	-0.13029
12.59	-0.13909
12.595	-0.14657
12.6	-0.15283
12.605	-0.15792
12.61	-0.16191
12.615	-0.16488
12.62	-0.16690
12.625	-0.16801
12.63	-0.16825
12.635	-0.16763
12.64	-0.16619
12.645	-0.16394
12.65	-0.16087
12.655	-0.15701
12.66	-0.15225
12.665	-0.14654
12.67	-0.13980
12.675	-0.13200
12.68	-0.12325
12.685	-0.11367
12.69	-0.10346
12.695	-0.09277
12.7	-0.08167
12.705	-0.07020
12.71	-0.05853
12.715	-0.04687
12.72	-0.03542
12.725	-0.02425
12.73	-0.01339
12.735	-0.00296
12.74	0.00696
12.745	0.01626
12.75	0.02493
12.755	0.03295
12.76	0.04031
12.765	0.04697
12.77	0.05288
12.775	0.05802
12.78	0.06239
12.785	0.06602
12.79	0.06893
12.795	0.07118
12.8	0.07283
12.805	0.07396
12.81	0.07466
12.815	0.07502
12.82	0.07511
12.825	0.07498
12.83	0.07472
12.835	0.07439
12.84	0.07402
12.845	0.07364
12.85	0.07327
12.855	0.07288
12.86	0.07244
12.865	0.07193
12.87	0.07129
12.875	0.07049
12.88	0.06954
12.885	0.06847
12.89	0.06728
12.895	0.06595
12.9	0.06452
12.905	0.06305
12.91	0.06164
12.915	0.06041
12.92	0.05945
12.925	0.05882
12.93	0.05853
12.935	0.05855
12.94	0.05882
12.945	0.05926
12.95	0.05971
12.955	0.06000
12.96	0.06000
12.965	0.05969
12.97	0.05910
12.975	0.05837
12.98	0.05756
12.985	0.05678
12.99	0.05609
12.995	0.05554
13	0.05518
13.005	0.05506
13.01	0.05522
13.015	0.05565
13.02	0.05634
13.025	0.05724
13.03	0.05828
13.035	0.05938
13.04	0.06046
13.045	0.06144
13.05	0.06229
13.055	0.06296
13.06	0.06347
13.065	0.06388
13.07	0.06431
13.075	0.06483
13.08	0.06547
13.085	0.06615
13.09	0.06658
13.095	0.06647
13.1	0.06562
13.105	0.06383
13.11	0.06096
13.115	0.05693
13.12	0.05169
13.125	0.04527
13.13	0.03779
13.135	0.02942
13.14	0.02039
13.145	0.01094
13.15	0.00136
13.155	-0.00812
13.16	-0.01726
13.165	-0.02587
13.17	-0.03379
13.175	-0.04092
13.18	-0.04721
13.185	-0.05261
13.19	-0.05712
13.195	-0.06082
13.2	-0.06377
13.205	-0.06607
13.21	-0.06779
13.215	-0.06904
13.22	-0.06993
13.225	-0.07052
13.23	-0.07084
13.235	-0.07095
13.24	-0.07088
13.245	-0.07068
13.25	-0.07037
13.255	-0.06996
13.26	-0.06947
13.265	-0.06892
13.27	-0.06838
13.275	-0.06791
13.28	-0.06759
13.285	-0.06746
13.29	-0.06758
13.295	-0.06800
13.3	-0.06876
13.305	-0.06994
13.31	-0.07157
13.315	-0.07363
13.32	-0.07606
13.325	-0.07880
13.33	-0.08180
13.335	-0.08501
13.34	-0.08835
13.345	-0.09180
13.35	-0.09531
13.355	-0.09884
13.36	-0.10235
13.365	-0.10580
13.37	-0.10915
13.375	-0.11237
13.38	-0.11543
13.385	-0.11824
13.39	-0.12073
13.395	-0.12279
13.4	-0.12432
13.405	-0.12517
13.41	-0.12522
13.415	-0.12429
13.42	-0.12225
13.425	-0.11899
13.43	-0.11447
13.435	-0.10867
13.44	-0.10162
13.445	-0.09344
13.45	-0.08431
13.455	-0.07449
13.46	-0.06420
13.465	-0.05355
13.47	-0.04263
13.475	-0.03150
13.48	-0.02028
13.485	-0.00911
13.49	0.00187
13.495	0.01256
13.5	0.02287
13.505	0.03274
13.51	0.04211
13.515	0.05094
13.52	0.05923
13.525	0.06698
13.53	0.07420
13.535	0.08087
13.54	0.08696
13.545	0.09239
13.55	0.09710
13.555	0.10112
13.56	0.10449
13.565	0.10732
13.57	0.10969
13.575	0.11179
13.58	0.11371
13.585	0.11542
13.59	0.11679
13.595	0.11774
13.6	0.11826
13.605	0.11840
13.61	0.11822
13.615	0.11785
13.62	0.11736
13.625	0.11686
13.63	0.11640
13.635	0.11600
13.64	0.11564
13.645	0.11525
13.65	0.11473
13.655	0.11401
13.66	0.11294
13.665	0.11138
13.67	0.10923
13.675	0.10641
13.68	0.10280
13.685	0.09824
13.69	0.09255
13.695	0.08567
13.7	0.07765
13.705	0.06861
13.71	0.05873
13.715	0.04824
13.72	0.03740
13.725	0.02645
13.73	0.01569
13.735	0.00536
13.74	-0.00435
13.745	-0.01329
13.75	-0.02136
13.755	-0.02847
13.76	-0.03457
13.765	-0.03967
13.77	-0.04379
13.775	-0.04697
13.78	-0.04924
13.785	-0.05064
13.79	-0.05119
13.795	-0.05091
13.8	-0.04986
13.805	-0.04806
13.81	-0.04554
13.815	-0.04232
13.82	-0.03842
13.825	-0.03388
13.83	-0.02871
13.835	-0.02300
13.84	-0.01677
13.845	-0.01009
13.85	-0.00308
13.855	0.00418
13.86	0.01156
13.865	0.01897
13.87	0.02632
13.875	0.03352
13.88	0.04047
13.885	0.04713
13.89	0.05343
13.895	0.05932
13.9	0.06475
13.905	0.06967
13.91	0.07405
13.915	0.07789
13.92	0.08116
13.925	0.08393
13.93	0.08620
13.935	0.08801
13.94	0.08932
13.945	0.09013
13.95	0.09041
13.955	0.09015
13.96	0.08934
13.965	0.08808
13.97	0.08657
13.975	0.08499
13.98	0.08345
13.985	0.08197
13.99	0.08055
13.995	0.07914
14	0.07765
14.005	0.07601
14.01	0.07413
14.015	0.07196
14.02	0.06934
14.025	0.06611
14.03	0.06216
14.035	0.05742
14.04	0.05183
14.045	0.04536
14.05	0.03803
14.055	0.02979
14.06	0.02068
14.065	0.01076
14.07	0.00027
14.075	-0.01047
14.08	-0.02111
14.085	-0.03145
14.09	-0.04144
14.095	-0.05107
14.1	-0.06029
14.105	-0.06903
14.11	-0.07720
14.115	-0.08471
14.12	-0.09145
14.125	-0.09739
14.13	-0.10250
14.135	-0.10680
14.14	-0.11036
14.145	-0.11323
14.15	-0.11551
14.155	-0.11733
14.16	-0.11883
14.165	-0.12012
14.17	-0.12134
14.175	-0.12252
14.18	-0.12371
14.185	-0.12492
14.19	-0.12619
14.195	-0.12751
14.2	-0.12891
14.205	-0.13035
14.21	-0.13182
14.215	-0.13328
14.22	-0.13469
14.225	-0.13604
14.23	-0.13730
14.235	-0.13838
14.24	-0.13920
14.245	-0.13967
14.25	-0.13973
14.255	-0.13933
14.26	-0.13844
14.265	-0.13697
14.27	-0.13488
14.275	-0.13212
14.28	-0.12865
14.285	-0.12449
14.29	-0.11959
14.295	-0.11399
14.3	-0.10773
14.305	-0.10082
14.31	-0.09335
14.315	-0.08542
14.32	-0.07710
14.325	-0.06849
14.33	-0.05968
14.335	-0.05078
14.34	-0.04187
14.345	-0.03301
14.35	-0.02421
14.355	-0.01548
14.36	-0.00681
14.365	0.00177
14.37	0.01023
14.375	0.01852
14.38	0.02657
14.385	0.03429
14.39	0.04162
14.395	0.04849
14.4	0.05486
14.405	0.06071
14.41	0.06596
14.415	0.07060
14.42	0.07464
14.425	0.07807
14.43	0.08092
14.435	0.08308
14.44	0.08445
14.445	0.08493
14.45	0.08442
14.455	0.08281
14.46	0.08003
14.465	0.07601
14.47	0.07073
14.475	0.06430
14.48	0.05694
14.485	0.04894
14.49	0.04050
14.495	0.03182
14.5	0.02304
14.505	0.01432
14.51	0.00576
14.515	-0.00257
14.52	-0.01058
14.525	-0.01823
14.53	-0.02551
14.535	-0.03245
14.54	-0.03909
14.545	-0.04550
14.55	-0.05172
14.555	-0.05786
14.56	-0.06397
14.565	-0.07003
14.57	-0.07592
14.575	-0.08149
14.58	-0.08644
14.585	-0.09045
14.59	-0.09324
14.595	-0.09463
14.6	-0.09470
14.605	-0.09368
14.61	-0.09174
14.615	-0.08901
14.62	-0.08567
14.625	-0.08189
14.63	-0.07780
14.635	-0.07350
14.64	-0.06909
14.645	-0.06467
14.65	-0.06026
14.655	-0.05590
14.66	-0.05158
14.665	-0.04733
14.67	-0.04316
14.675	-0.03910
14.68	-0.03515
14.685	-0.03134
14.69	-0.02765
14.695	-0.02406
14.7	-0.02052
14.705	-0.01704
14.71	-0.01363
14.715	-0.01024
14.72	-0.00683
14.725	-0.00333
14.73	0.00030
14.735	0.00407
14.74	0.00801
14.745	0.01211
14.75	0.01639
14.755	0.02077
14.76	0.02518
14.765	0.02959
14.77	0.03397
14.775	0.03824
14.78	0.04235
14.785	0.04621
14.79	0.04978
14.795	0.05297
14.8	0.05573
14.805	0.05799
14.81	0.05969
14.815	0.06076
14.82	0.06118
14.825	0.06098
14.83	0.06012
14.835	0.05862
14.84	0.05644
14.845	0.05367
14.85	0.05038
14.855	0.04665
14.86	0.04258
14.865	0.03829
14.87	0.03389
14.875	0.02947
14.88	0.02515
14.885	0.02102
14.89	0.01717
14.895	0.01370
14.9	0.01070
14.905	0.00824
14.91	0.00636
14.915	0.00506
14.92	0.00424
14.925	0.00374
14.93	0.00338
14.935	0.00296
14.94	0.00232
14.945	0.00140
14.95	0.00020
14.955	-0.00119
14.96	-0.00266
14.965	-0.00421
14.97	-0.00576
14.975	-0.00728
14.98	-0.00879
14.985	-0.01029
14.99	-0.01181
14.995	-0.01337
15	-0.01500
15.005	-0.01679
15.01	-0.01877
15.015	-0.02093
15.02	-0.02328
15.025	-0.02575
15.03	-0.02826
15.035	-0.03077
15.04	-0.03321
15.045	-0.03551
15.05	-0.03761
15.055	-0.03938
15.06	-0.04065
15.065	-0.04130
15.07	-0.04128
15.075	-0.04073
15.08	-0.03991
15.085	-0.03896
15.09	-0.03803
15.095	-0.03718
15.1	-0.03650
15.105	-0.03603
15.11	-0.03576
15.115	-0.03567
15.12	-0.03572
15.125	-0.03587
15.13	-0.03611
15.135	-0.03641
15.14	-0.03677
15.145	-0.03719
15.15	-0.03766
15.155	-0.03814
15.16	-0.03862
15.165	-0.03910
15.17	-0.03956
15.175	-0.04000
15.18	-0.04037
15.185	-0.04069
15.19	-0.04092
15.195	-0.04104
15.2	-0.04099
15.205	-0.04070
15.21	-0.04010
15.215	-0.03906
15.22	-0.03751
15.225	-0.03536
15.23	-0.03254
15.235	-0.02896
15.24	-0.02460
15.245	-0.01944
15.25	-0.01357
15.255	-0.00710
15.26	-0.00014
15.265	0.00722
15.27	0.01488
15.275	0.02273
15.28	0.03069
15.285	0.03866
15.29	0.04653
15.295	0.05417
15.3	0.06144
15.305	0.06824
15.31	0.07452
15.315	0.08029
15.32	0.08553
15.325	0.09023
15.33	0.09437
15.335	0.09802
15.34	0.10125
15.345	0.10413
15.35	0.10669
15.355	0.10896
15.36	0.11100
15.365	0.11283
15.37	0.11450
15.375	0.11602
15.38	0.11741
15.385	0.11873
15.39	0.11998
15.395	0.12117
15.4	0.12230
15.405	0.12335
15.41	0.12432
15.415	0.12515
15.42	0.12579
15.425	0.12618
15.43	0.12628
15.435	0.12605
15.44	0.12539
15.445	0.12419
15.45	0.12229
15.455	0.11953
15.46	0.11582
15.465	0.11124
15.47	0.10592
15.475	0.09997
15.48	0.09347
15.485	0.08644
15.49	0.07893
15.495	0.07100
15.5	0.06271
15.505	0.05412
15.51	0.04526
15.515	0.03619
15.52	0.02695
15.525	0.01761
15.53	0.00831
15.535	-0.00084
15.54	-0.00967
15.545	-0.01802
15.55	-0.02572
15.555	-0.03264
15.56	-0.03865
15.565	-0.04361
15.57	-0.04741
15.575	-0.04993
15.58	-0.05108
15.585	-0.05089
15.59	-0.04956
15.595	-0.04739
15.6	-0.04461
15.605	-0.04145
15.61	-0.03802
15.615	-0.03441
15.62	-0.03070
15.625	-0.02695
15.63	-0.02318
15.635	-0.01942
15.64	-0.01577
15.645	-0.01223
15.65	-0.00885
15.655	-0.00570
15.66	-0.00283
15.665	-0.00028
15.67	0.00196
15.675	0.00391
15.68	0.00558
15.685	0.00700
15.69	0.00821
15.695	0.00928
15.7	0.01031
15.705	0.01139
15.71	0.01256
15.715	0.01382
15.72	0.01515
15.725	0.01654
15.73	0.01798
15.735	0.01940
15.74	0.02074
15.745	0.02189
15.75	0.02278
15.755	0.02336
15.76	0.02362
15.765	0.02350
15.77	0.02299
15.775	0.02203
15.78	0.02065
15.785	0.01886
15.79	0.01676
15.795	0.01440
15.8	0.01184
15.805	0.00913
15.81	0.00637
15.815	0.00368
15.82	0.00114
15.825	-0.00113
15.83	-0.00307
15.835	-0.00464
15.84	-0.00577
15.845	-0.00644
15.85	-0.00662
15.855	-0.00630
15.86	-0.00552
15.865	-0.00427
15.87	-0.00257
15.875	-0.00046
15.88	0.00197
15.885	0.00463
15.89	0.00740
15.895	0.01018
15.9	0.01289
15.905	0.01543
15.91	0.01769
15.915	0.01966
15.92	0.02129
15.925	0.02258
15.93	0.02354
15.935	0.02416
15.94	0.02444
15.945	0.02440
15.95	0.02399
15.955	0.02314
15.96	0.02183
15.965	0.02014
15.97	0.01824
15.975	0.01628
15.98	0.01439
15.985	0.01262
15.99	0.01099
15.995	0.00953
16	0.00821
16.005	0.00696
16.01	0.00569
16.015	0.00436
16.02	0.00289
16.025	0.00124
16.03	-0.00062
16.035	-0.00270
16.04	-0.00500
16.045	-0.00751
16.05	-0.01022
16.055	-0.01310
16.06	-0.01608
16.065	-0.01904
16.07	-0.02186
16.075	-0.02437
16.08	-0.02645
16.085	-0.02811
16.09	-0.02946
16.095	-0.03064
16.1	-0.03172
16.105	-0.03269
16.11	-0.03353
16.115	-0.03420
16.12	-0.03465
16.125	-0.03484
16.13	-0.03477
16.135	-0.03443
16.14	-0.03383
16.145	-0.03295
16.15	-0.03177
16.155	-0.03029
16.16	-0.02849
16.165	-0.02642
16.17	-0.02412
16.175	-0.02163
16.18	-0.01903
16.185	-0.01640
16.19	-0.01381
16.195	-0.01132
16.2	-0.00903
16.205	-0.00704
16.21	-0.00545
16.215	-0.00429
16.22	-0.00360
16.225	-0.00340
16.23	-0.00368
16.235	-0.00443
16.24	-0.00561
16.245	-0.00716
16.25	-0.00903
16.255	-0.01117
16.26	-0.01355
16.265	-0.01613
16.27	-0.01886
16.275	-0.02170
16.28	-0.02461
16.285	-0.02752
16.29	-0.03038
16.295	-0.03317
16.3	-0.03584
16.305	-0.03831
16.31	-0.04056
16.315	-0.04258
16.32	-0.04439
16.325	-0.04604
16.33	-0.04757
16.335	-0.04899
16.34	-0.05036
16.345	-0.05173
16.35	-0.05314
16.355	-0.05459
16.36	-0.05617
16.365	-0.05789
16.37	-0.05978
16.375	-0.06179
16.38	-0.06391
16.385	-0.06609
16.39	-0.06829
16.395	-0.07051
16.4	-0.07267
16.405	-0.07475
16.41	-0.07674
16.415	-0.07862
16.42	-0.08030
16.425	-0.08175
16.43	-0.08292
16.435	-0.08375
16.44	-0.08423
16.445	-0.08436
16.45	-0.08419
16.455	-0.08380
16.46	-0.08325
16.465	-0.08245
16.47	-0.08123
16.475	-0.07937
16.48	-0.07673
16.485	-0.07327
16.49	-0.06894
16.495	-0.06378
16.5	-0.05786
16.505	-0.05129
16.51	-0.04423
16.515	-0.03689
16.52	-0.02953
16.525	-0.02241
16.53	-0.01582
16.535	-0.00997
16.54	-0.00503
16.545	-0.00111
16.55	0.00170
16.555	0.00333
16.56	0.00383
16.565	0.00329
16.57	0.00194
16.575	-0.00002
16.58	-0.00234
16.585	-0.00490
16.59	-0.00766
16.595	-0.01066
16.6	-0.01389
16.605	-0.01728
16.61	-0.02076
16.615	-0.02426
16.62	-0.02768
16.625	-0.03092
16.63	-0.03396
16.635	-0.03674
16.64	-0.03924
16.645	-0.04146
16.65	-0.04342
16.655	-0.04510
16.66	-0.04656
16.665	-0.04782
16.67	-0.04894
16.675	-0.04996
16.68	-0.05090
16.685	-0.05180
16.69	-0.05264
16.695	-0.05340
16.7	-0.05406
16.705	-0.05464
16.71	-0.05513
16.715	-0.05551
16.72	-0.05580
16.725	-0.05601
16.73	-0.05617
16.735	-0.05630
16.74	-0.05637
16.745	-0.05640
16.75	-0.05649
16.755	-0.05675
16.76	-0.05724
16.765	-0.05803
16.77	-0.05918
16.775	-0.06069
16.78	-0.06249
16.785	-0.06453
16.79	-0.06673
16.795	-0.06899
16.8	-0.07120
16.805	-0.07321
16.81	-0.07491
16.815	-0.07622
16.82	-0.07709
16.825	-0.07742
16.83	-0.07716
16.835	-0.07627
16.84	-0.07473
16.845	-0.07256
16.85	-0.06985
16.855	-0.06665
16.86	-0.06305
16.865	-0.05913
16.87	-0.05497
16.875	-0.05064
16.88	-0.04618
16.885	-0.04159
16.89	-0.03686
16.895	-0.03203
16.9	-0.02712
16.905	-0.02219
16.91	-0.01728
16.915	-0.01238
16.92	-0.00745
16.925	-0.00243
16.93	0.00272
16.935	0.00799
16.94	0.01337
16.945	0.01877
16.95	0.02409
16.955	0.02918
16.96	0.03388
16.965	0.03813
16.97	0.04196
16.975	0.04541
16.98	0.04856
16.985	0.05140
16.99	0.05396
16.995	0.05621
17	0.05808
17.005	0.05954
17.01	0.06057
17.015	0.06117
17.02	0.06142
17.025	0.06135
17.03	0.06110
17.035	0.06077
17.04	0.06044
17.045	0.06024
17.05	0.06025
17.055	0.06060
17.06	0.06143
17.065	0.06284
17.07	0.06498
17.075	0.06793
17.08	0.07178
17.085	0.07643
17.09	0.08167
17.095	0.08720
17.1	0.09281
17.105	0.09839
17.11	0.10384
17.115	0.10905
17.12	0.11394
17.125	0.11848
17.13	0.12263
17.135	0.12634
17.14	0.12956
17.145	0.13226
17.15	0.13449
17.155	0.13623
17.16	0.13755
17.165	0.13845
17.17	0.13895
17.175	0.13909
17.18	0.13890
17.185	0.13840
17.19	0.13760
17.195	0.13648
17.2	0.13504
17.205	0.13326
17.21	0.13115
17.215	0.12866
17.22	0.12580
17.225	0.12256
17.23	0.11894
17.235	0.11492
17.24	0.11056
17.245	0.10592
17.25	0.10107
17.255	0.09606
17.26	0.09093
17.265	0.08577
17.27	0.08068
17.275	0.07574
17.28	0.07106
17.285	0.06669
17.29	0.06271
17.295	0.05915
17.3	0.05600
17.305	0.05324
17.31	0.05087
17.315	0.04887
17.32	0.04722
17.325	0.04586
17.33	0.04478
17.335	0.04387
17.34	0.04308
17.345	0.04237
17.35	0.04172
17.355	0.04109
17.36	0.04039
17.365	0.03956
17.37	0.03853
17.375	0.03726
17.38	0.03570
17.385	0.03382
17.39	0.03162
17.395	0.02910
17.4	0.02630
17.405	0.02328
17.41	0.02011
17.415	0.01687
17.42	0.01367
17.425	0.01060
17.43	0.00772
17.435	0.00506
17.44	0.00264
17.445	0.00044
17.45	-0.00158
17.455	-0.00352
17.46	-0.00544
17.465	-0.00730
17.47	-0.00899
17.475	-0.01036
17.48	-0.01132
17.485	-0.01180
17.49	-0.01179
17.495	-0.01131
17.5	-0.01039
17.505	-0.00904
17.51	-0.00731
17.515	-0.00525
17.52	-0.00287
17.525	-0.00017
17.53	0.00279
17.535	0.00595
17.54	0.00922
17.545	0.01248
17.55	0.01568
17.555	0.01876
17.56	0.02168
17.565	0.02448
17.57	0.02726
17.575	0.03017
17.58	0.03335
17.585	0.03676
17.59	0.04024
17.595	0.04362
17.6	0.04685
17.605	0.04989
17.61	0.05268
17.615	0.05522
17.62	0.05753
17.625	0.05963
17.63	0.06147
17.635	0.06302
17.64	0.06429
17.645	0.06526
17.65	0.06593
17.655	0.06630
17.66	0.06630
17.665	0.06587
17.67	0.06494
17.675	0.06348
17.68	0.06144
17.685	0.05885
17.69	0.05569
17.695	0.05198
17.7	0.04770
17.705	0.04288
17.71	0.03753
17.715	0.03168
17.72	0.02538
17.725	0.01871
17.73	0.01173
17.735	0.00451
17.74	-0.00279
17.745	-0.01005
17.75	-0.01719
17.755	-0.02414
17.76	-0.03083
17.765	-0.03722
17.77	-0.04324
17.775	-0.04885
17.78	-0.05405
17.785	-0.05882
17.79	-0.06313
17.795	-0.06700
17.8	-0.07044
17.805	-0.07348
17.81	-0.07612
17.815	-0.07841
17.82	-0.08033
17.825	-0.08190
17.83	-0.08315
17.835	-0.08410
17.84	-0.08475
17.845	-0.08513
17.85	-0.08524
17.855	-0.08506
17.86	-0.08458
17.865	-0.08383
17.87	-0.08286
17.875	-0.08170
17.88	-0.08039
17.885	-0.07897
17.89	-0.07747
17.895	-0.07596
17.9	-0.07448
17.905	-0.07300
17.91	-0.07152
17.915	-0.07007
17.92	-0.06862
17.925	-0.06718
17.93	-0.06579
17.935	-0.06444
17.94	-0.06315
17.945	-0.06198
17.95	-0.06102
17.955	-0.06044
17.96	-0.06029
17.965	-0.06057
17.97	-0.06111
17.975	-0.06174
17.98	-0.06228
17.985	-0.06262
17.99	-0.06267
17.995	-0.06235
18	-0.06161
18.005	-0.06036
18.01	-0.05855
18.015	-0.05617
18.02	-0.05322
18.025	-0.04972
18.03	-0.04569
18.035	-0.04118
18.04	-0.03622
18.045	-0.03090
18.05	-0.02531
18.055	-0.01958
18.06	-0.01375
18.065	-0.00790
18.07	-0.00200
18.075	0.00408
18.08	0.01045
18.085	0.01706
18.09	0.02367
18.095	0.02999
18.1	0.03585
18.105	0.04115
18.11	0.04584
18.115	0.04987
18.12	0.05328
18.125	0.05613
18.13	0.05852
18.135	0.06050
18.14	0.06212
18.145	0.06343
18.15	0.06446
18.155	0.06525
18.16	0.06584
18.165	0.06625
18.17	0.06648
18.175	0.06652
18.18	0.06639
18.185	0.06617
18.19	0.06587
18.195	0.06547
18.2	0.06490
18.205	0.06406
18.21	0.06289
18.215	0.06138
18.22	0.05957
18.225	0.05751
18.23	0.05522
18.235	0.05270
18.24	0.04996
18.245	0.04702
18.25	0.04387
18.255	0.04051
18.26	0.03695
18.265	0.03322
18.27	0.02932
18.275	0.02531
18.28	0.02122
18.285	0.01710
18.29	0.01299
18.295	0.00896
18.3	0.00507
18.305	0.00131
18.31	-0.00223
18.315	-0.00550
18.32	-0.00844
18.325	-0.01103
18.33	-0.01326
18.335	-0.01508
18.34	-0.01648
18.345	-0.01745
18.35	-0.01801
18.355	-0.01819
18.36	-0.01796
18.365	-0.01733
18.37	-0.01634
18.375	-0.01502
18.38	-0.01341
18.385	-0.01151
18.39	-0.00930
18.395	-0.00677
18.4	-0.00390
18.405	-0.00064
18.41	0.00304
18.415	0.00717
18.42	0.01172
18.425	0.01667
18.43	0.02201
18.435	0.02768
18.44	0.03360
18.445	0.03965
18.45	0.04567
18.455	0.05146
18.46	0.05692
18.465	0.06199
18.47	0.06677
18.475	0.07133
18.48	0.07574
18.485	0.07999
18.49	0.08411
18.495	0.08807
18.5	0.09182
18.505	0.09529
18.51	0.09844
18.515	0.10122
18.52	0.10358
18.525	0.10549
18.53	0.10695
18.535	0.10793
18.54	0.10841
18.545	0.10844
18.55	0.10807
18.555	0.10734
18.56	0.10630
18.565	0.10505
18.57	0.10373
18.575	0.10247
18.58	0.10142
18.585	0.10062
18.59	0.09991
18.595	0.09912
18.6	0.09816
18.605	0.09704
18.61	0.09573
18.615	0.09422
18.62	0.09248
18.625	0.09049
18.63	0.08824
18.635	0.08572
18.64	0.08294
18.645	0.07996
18.65	0.07676
18.655	0.07331
18.66	0.06961
18.665	0.06562
18.67	0.06133
18.675	0.05676
18.68	0.05196
18.685	0.04688
18.69	0.04150
18.695	0.03581
18.7	0.02986
18.705	0.02369
18.71	0.01733
18.715	0.01085
18.72	0.00432
18.725	-0.00220
18.73	-0.00866
18.735	-0.01499
18.74	-0.02117
18.745	-0.02712
18.75	-0.03275
18.755	-0.03801
18.76	-0.04282
18.765	-0.04712
18.77	-0.05091
18.775	-0.05419
18.78	-0.05697
18.785	-0.05929
18.79	-0.06121
18.795	-0.06274
18.8	-0.06390
18.805	-0.06471
18.81	-0.06521
18.815	-0.06540
18.82	-0.06527
18.825	-0.06485
18.83	-0.06414
18.835	-0.06317
18.84	-0.06196
18.845	-0.06054
18.85	-0.05900
18.855	-0.05739
18.86	-0.05582
18.865	-0.05431
18.87	-0.05290
18.875	-0.05163
18.88	-0.05045
18.885	-0.04935
18.89	-0.04826
18.895	-0.04712
18.9	-0.04587
18.905	-0.04451
18.91	-0.04300
18.915	-0.04130
18.92	-0.03939
18.925	-0.03729
18.93	-0.03502
18.935	-0.03265
18.94	-0.03028
18.945	-0.02805
18.95	-0.02616
18.955	-0.02480
18.96	-0.02405
18.965	-0.02390
18.97	-0.02418
18.975	-0.02482
18.98	-0.02570
18.985	-0.02676
18.99	-0.02792
18.995	-0.02917
19	-0.03047
19.005	-0.03175
19.01	-0.03301
19.015	-0.03420
19.02	-0.03527
19.025	-0.03622
19.03	-0.03702
19.035	-0.03768
19.04	-0.03821
19.045	-0.03859
19.05	-0.03887
19.055	-0.03902
19.06	-0.03904
19.065	-0.03890
19.07	-0.03853
19.075	-0.03785
19.08	-0.03680
19.085	-0.03549
19.09	-0.03408
19.095	-0.03277
19.1	-0.03164
19.105	-0.03073
19.11	-0.02999
19.115	-0.02936
19.12	-0.02880
19.125	-0.02826
19.13	-0.02771
19.135	-0.02714
19.14	-0.02651
19.145	-0.02579
19.15	-0.02502
19.155	-0.02426
19.16	-0.02355
19.165	-0.02290
19.17	-0.02228
19.175	-0.02172
19.18	-0.02116
19.185	-0.02057
19.19	-0.01994
19.195	-0.01924
19.2	-0.01849
19.205	-0.01765
19.21	-0.01671
19.215	-0.01570
19.22	-0.01461
19.225	-0.01344
19.23	-0.01222
19.235	-0.01093
19.24	-0.00957
19.245	-0.00815
19.25	-0.00667
19.255	-0.00514
19.26	-0.00358
19.265	-0.00203
19.27	-0.00051
19.275	0.00098
19.28	0.00244
19.285	0.00382
19.29	0.00509
19.295	0.00618
19.3	0.00710
19.305	0.00782
19.31	0.00833
19.315	0.00865
19.32	0.00872
19.325	0.00854
19.33	0.00806
19.335	0.00729
19.34	0.00623
19.345	0.00492
19.35	0.00337
19.355	0.00156
19.36	-0.00047
19.365	-0.00263
19.37	-0.00484
19.375	-0.00705
19.38	-0.00920
19.385	-0.01123
19.39	-0.01312
19.395	-0.01482
19.4	-0.01632
19.405	-0.01756
19.41	-0.01846
19.415	-0.01896
19.42	-0.01906
19.425	-0.01873
19.43	-0.01800
19.435	-0.01691
19.44	-0.01553
19.445	-0.01400
19.45	-0.01246
19.455	-0.01107
19.46	-0.00993
19.465	-0.00905
19.47	-0.00837
19.475	-0.00782
19.48	-0.00732
19.485	-0.00680
19.49	-0.00625
19.495	-0.00565
19.5	-0.00506
19.505	-0.00455
19.51	-0.00418
19.515	-0.00401
19.52	-0.00408
19.525	-0.00432
19.53	-0.00465
19.535	-0.00502
19.54	-0.00538
19.545	-0.00567
19.55	-0.00580
19.555	-0.00568
19.56	-0.00524
19.565	-0.00436
19.57	-0.00293
19.575	-0.00085
19.58	0.00195
19.585	0.00540
19.59	0.00929
19.595	0.01340
19.6	0.01756
19.605	0.02165
19.61	0.02556
19.615	0.02921
19.62	0.03254
19.625	0.03550
19.63	0.03808
19.635	0.04028
19.64	0.04209
19.645	0.04352
19.65	0.04456
19.655	0.04524
19.66	0.04558
19.665	0.04559
19.67	0.04531
19.675	0.04475
19.68	0.04391
19.685	0.04277
19.69	0.04134
19.695	0.03962
19.7	0.03760
19.705	0.03525
19.71	0.03257
19.715	0.02962
19.72	0.02647
19.725	0.02315
19.73	0.01968
19.735	0.01612
19.74	0.01254
19.745	0.00894
19.75	0.00536
19.755	0.00185
19.76	-0.00158
19.765	-0.00489
19.77	-0.00812
19.775	-0.01123
19.78	-0.01415
19.785	-0.01688
19.79	-0.01941
19.795	-0.02174
19.8	-0.02385
19.805	-0.02578
19.81	-0.02755
19.815	-0.02918
19.82	-0.03066
19.825	-0.03198
19.83	-0.03314
19.835	-0.03412
19.84	-0.03488
19.845	-0.03543
19.85	-0.03585
19.855	-0.03614
19.86	-0.03633
19.865	-0.03644
19.87	-0.03650
19.875	-0.03651
19.88	-0.03650
19.885	-0.03643
19.89	-0.03631
19.895	-0.03609
19.9	-0.03575
19.905	-0.03533
19.91	-0.03487
19.915	-0.03434
19.92	-0.03369
19.925	-0.03281
19.93	-0.03171
19.935	-0.03037
19.94	-0.02885
19.945	-0.02723
19.95	-0.02562
19.955	-0.02418
19.96	-0.02300
19.965	-0.02201
19.97	-0.02115
19.975	-0.02031
19.98	-0.01948
19.985	-0.01859
19.99	-0.01767
19.995	-0.01666
20	-0.01556
20.005	-0.01439
20.01	-0.01317
20.015	-0.01184
20.02	-0.01038
20.025	-0.00882
20.03	-0.00716
20.035	-0.00545
20.04	-0.00370
20.045	-0.00195
20.05	-0.00022
20.055	0.00150
20.06	0.00327
20.065	0.00516
20.07	0.00729
20.075	0.00983
20.08	0.01288
20.085	0.01638
20.09	0.02012
20.095	0.02392
20.1	0.02763
20.105	0.03118
20.11	0.03452
20.115	0.03761
20.12	0.04041
20.125	0.04295
20.13	0.04524
20.135	0.04730
20.14	0.04911
20.145	0.05072
20.15	0.05212
20.155	0.05329
20.16	0.05426
20.165	0.05505
20.17	0.05567
20.175	0.05610
20.18	0.05636
20.185	0.05645
20.19	0.05639
20.195	0.05621
20.2	0.05594
20.205	0.05559
20.21	0.05515
20.215	0.05464
20.22	0.05405
20.225	0.05342
20.23	0.05271
20.235	0.05192
20.24	0.05105
20.245	0.05016
20.25	0.04931
20.255	0.04850
20.26	0.04772
20.265	0.04699
20.27	0.04637
20.275	0.04583
20.28	0.04532
20.285	0.04478
20.29	0.04418
20.295	0.04348
20.3	0.04265
20.305	0.04163
20.31	0.04033
20.315	0.03875
20.32	0.03688
20.325	0.03468
20.33	0.03209
20.335	0.02911
20.34	0.02574
20.345	0.02201
20.35	0.01793
20.355	0.01359
20.36	0.00904
20.365	0.00433
20.37	-0.00054
20.375	-0.00559
20.38	-0.01082
20.385	-0.01618
20.39	-0.02164
20.395	-0.02713
20.4	-0.03256
20.405	-0.03787
20.41	-0.04299
20.415	-0.04788
20.42	-0.05246
20.425	-0.05667
20.43	-0.06048
20.435	-0.06388
20.44	-0.06692
20.445	-0.06963
20.45	-0.07215
20.455	-0.07457
20.46	-0.07695
20.465	-0.07921
20.47	-0.08122
20.475	-0.08281
20.48	-0.08394
20.485	-0.08459
20.49	-0.08474
20.495	-0.08437
20.5	-0.08351
20.505	-0.08223
20.51	-0.08062
20.515	-0.07877
20.52	-0.07674
20.525	-0.07465
20.53	-0.07257
20.535	-0.07061
20.54	-0.06880
20.545	-0.06714
20.55	-0.06562
20.555	-0.06421
20.56	-0.06287
20.565	-0.06149
20.57	-0.06000
20.575	-0.05824
20.58	-0.05612
20.585	-0.05366
20.59	-0.05103
20.595	-0.04833
20.6	-0.04564
20.605	-0.04302
20.61	-0.04048
20.615	-0.03802
20.62	-0.03560
20.625	-0.03320
20.63	-0.03078
20.635	-0.02831
20.64	-0.02575
20.645	-0.02307
20.65	-0.02025
20.655	-0.01733
20.66	-0.01436
20.665	-0.01134
20.67	-0.00833
20.675	-0.00533
20.68	-0.00239
20.685	0.00042
20.69	0.00311
20.695	0.00563
20.7	0.00801
20.705	0.01025
20.71	0.01242
20.715	0.01454
20.72	0.01664
20.725	0.01873
20.73	0.02083
20.735	0.02298
20.74	0.02523
20.745	0.02757
20.75	0.02996
20.755	0.03240
20.76	0.03492
20.765	0.03748
20.77	0.04002
20.775	0.04252
20.78	0.04492
20.785	0.04720
20.79	0.04928
20.795	0.05113
20.8	0.05274
20.805	0.05413
20.81	0.05528
20.815	0.05616
20.82	0.05674
20.825	0.05701
20.83	0.05696
20.835	0.05661
20.84	0.05593
20.845	0.05490
20.85	0.05358
20.855	0.05201
20.86	0.05022
20.865	0.04820
20.87	0.04597
20.875	0.04357
20.88	0.04105
20.885	0.03843
20.89	0.03575
20.895	0.03305
20.9	0.03044
20.905	0.02802
20.91	0.02588
20.915	0.02411
20.92	0.02273
20.925	0.02175
20.93	0.02117
20.935	0.02096
20.94	0.02114
20.945	0.02165
20.95	0.02233
20.955	0.02307
20.96	0.02381
20.965	0.02465
20.97	0.02568
20.975	0.02697
20.98	0.02853
20.985	0.03031
20.99	0.03222
20.995	0.03417
21	0.03610
21.005	0.03798
21.01	0.03982
21.015	0.04155
21.02	0.04317
21.025	0.04469
21.03	0.04612
21.035	0.04745
21.04	0.04860
21.045	0.04952
21.05	0.05026
21.055	0.05089
21.06	0.05146
21.065	0.05204
21.07	0.05269
21.075	0.05351
21.08	0.05454
21.085	0.05563
21.09	0.05657
21.095	0.05715
21.1	0.05729
21.105	0.05693
21.11	0.05603
21.115	0.05458
21.12	0.05258
21.125	0.05006
21.13	0.04708
21.135	0.04367
21.14	0.03991
21.145	0.03587
21.15	0.03164
21.155	0.02726
21.16	0.02276
21.165	0.01817
21.17	0.01355
21.175	0.00896
21.18	0.00448
21.185	0.00019
21.19	-0.00388
21.195	-0.00766
21.2	-0.01109
21.205	-0.01415
21.21	-0.01683
21.215	-0.01917
21.22	-0.02126
21.225	-0.02317
21.23	-0.02495
21.235	-0.02663
21.24	-0.02826
21.245	-0.02987
21.25	-0.03146
21.255	-0.03305
21.26	-0.03465
21.265	-0.03630
21.27	-0.03803
21.275	-0.03983
21.28	-0.04172
21.285	-0.04369
21.29	-0.04578
21.295	-0.04798
21.3	-0.05023
21.305	-0.05252
21.31	-0.05477
21.315	-0.05693
21.32	-0.05898
21.325	-0.06084
21.33	-0.06255
21.335	-0.06407
21.34	-0.06540
21.345	-0.06651
21.35	-0.06737
21.355	-0.06798
21.36	-0.06835
21.365	-0.06851
21.37	-0.06845
21.375	-0.06818
21.38	-0.06768
21.385	-0.06698
21.39	-0.06605
21.395	-0.06491
21.4	-0.06355
21.405	-0.06197
21.41	-0.06017
21.415	-0.05818
21.42	-0.05594
21.425	-0.05349
21.43	-0.05081
21.435	-0.04792
21.44	-0.04487
21.445	-0.04181
21.45	-0.03888
21.455	-0.03627
21.46	-0.03407
21.465	-0.03221
21.47	-0.03058
21.475	-0.02907
21.48	-0.02760
21.485	-0.02615
21.49	-0.02478
21.495	-0.02351
21.5	-0.02233
21.505	-0.02127
21.51	-0.02032
21.515	-0.01950
21.52	-0.01881
21.525	-0.01826
21.53	-0.01785
21.535	-0.01757
21.54	-0.01743
21.545	-0.01745
21.55	-0.01760
21.555	-0.01785
21.56	-0.01817
21.565	-0.01853
21.57	-0.01883
21.575	-0.01893
21.58	-0.01875
21.585	-0.01831
21.59	-0.01776
21.595	-0.01724
21.6	-0.01687
21.605	-0.01663
21.61	-0.01658
21.615	-0.01670
21.62	-0.01695
21.625	-0.01729
21.63	-0.01764
21.635	-0.01792
21.64	-0.01806
21.645	-0.01802
21.65	-0.01776
21.655	-0.01728
21.66	-0.01661
21.665	-0.01577
21.67	-0.01472
21.675	-0.01348
21.68	-0.01211
21.685	-0.01065
21.69	-0.00912
21.695	-0.00758
21.7	-0.00607
21.705	-0.00463
21.71	-0.00332
21.715	-0.00218
21.72	-0.00120
21.725	-0.00043
21.73	0.00007
21.735	0.00030
21.74	0.00027
21.745	0.00001
21.75	-0.00044
21.755	-0.00107
21.76	-0.00185
21.765	-0.00275
21.77	-0.00375
21.775	-0.00485
21.78	-0.00602
21.785	-0.00727
21.79	-0.00859
21.795	-0.00996
21.8	-0.01138
21.805	-0.01279
21.81	-0.01417
21.815	-0.01553
21.82	-0.01688
21.825	-0.01820
21.83	-0.01950
21.835	-0.02080
21.84	-0.02212
21.845	-0.02348
21.85	-0.02482
21.855	-0.02615
21.86	-0.02749
21.865	-0.02880
21.87	-0.03006
21.875	-0.03121
21.88	-0.03228
21.885	-0.03328
21.89	-0.03420
21.895	-0.03505
21.9	-0.03585
21.905	-0.03659
21.91	-0.03729
21.915	-0.03789
21.92	-0.03838
21.925	-0.03870
21.93	-0.03884
21.935	-0.03879
21.94	-0.03853
21.945	-0.03814
21.95	-0.03781
21.955	-0.03770
21.96	-0.03794
21.965	-0.03857
21.97	-0.03947
21.975	-0.04053
21.98	-0.04162
21.985	-0.04264
21.99	-0.04356
21.995	-0.04432
22	-0.04490
22.005	-0.04528
22.01	-0.04550
22.015	-0.04562
22.02	-0.04574
22.025	-0.04590
22.03	-0.04619
22.035	-0.04664
22.04	-0.04731
22.045	-0.04820
22.05	-0.04921
22.055	-0.05030
22.06	-0.05144
22.065	-0.05252
22.07	-0.05348
22.075	-0.05415
22.08	-0.05443
22.085	-0.05429
22.09	-0.05384
22.095	-0.05323
22.1	-0.05254
22.105	-0.05177
22.11	-0.05081
22.115	-0.04957
22.12	-0.04802
22.125	-0.04616
22.13	-0.04403
22.135	-0.04168
22.14	-0.03913
22.145	-0.03641
22.15	-0.03347
22.155	-0.03031
22.16	-0.02692
22.165	-0.02332
22.17	-0.01952
22.175	-0.01558
22.18	-0.01152
22.185	-0.00741
22.19	-0.00328
22.195	0.00086
22.2	0.00502
22.205	0.00916
22.21	0.01325
22.215	0.01725
22.22	0.02116
22.225	0.02495
22.23	0.02855
22.235	0.03191
22.24	0.03502
22.245	0.03787
22.25	0.04046
22.255	0.04280
22.26	0.04493
22.265	0.04687
22.27	0.04865
22.275	0.05027
22.28	0.05171
22.285	0.05292
22.29	0.05389
22.295	0.05460
22.3	0.05505
22.305	0.05527
22.31	0.05530
22.315	0.05514
22.32	0.05484
22.325	0.05442
22.33	0.05394
22.335	0.05343
22.34	0.05288
22.345	0.05228
22.35	0.05158
22.355	0.05076
22.36	0.04982
22.365	0.04872
22.37	0.04746
22.375	0.04603
22.38	0.04441
22.385	0.04258
22.39	0.04050
22.395	0.03817
22.4	0.03555
22.405	0.03263
22.41	0.02944
22.415	0.02600
22.42	0.02235
22.425	0.01852
22.43	0.01458
22.435	0.01059
22.44	0.00658
22.445	0.00256
22.45	-0.00150
22.455	-0.00568
22.46	-0.00999
22.465	-0.01436
22.47	-0.01868
22.475	-0.02286
22.48	-0.02685
22.485	-0.03058
22.49	-0.03406
22.495	-0.03727
22.5	-0.04025
22.505	-0.04300
22.51	-0.04552
22.515	-0.04775
22.52	-0.04967
22.525	-0.05132
22.53	-0.05272
22.535	-0.05392
22.54	-0.05496
22.545	-0.05594
22.55	-0.05685
22.555	-0.05772
22.56	-0.05849
22.565	-0.05917
22.57	-0.05968
22.575	-0.05998
22.58	-0.05998
22.585	-0.05971
22.59	-0.05931
22.595	-0.05902
22.6	-0.05893
22.605	-0.05905
22.61	-0.05937
22.615	-0.05985
22.62	-0.06039
22.625	-0.06089
22.63	-0.06134
22.635	-0.06170
22.64	-0.06195
22.645	-0.06210
22.65	-0.06219
22.655	-0.06225
22.66	-0.06231
22.665	-0.06239
22.67	-0.06247
22.675	-0.06257
22.68	-0.06267
22.685	-0.06276
22.69	-0.06283
22.695	-0.06288
22.7	-0.06296
22.705	-0.06306
22.71	-0.06321
22.715	-0.06338
22.72	-0.06352
22.725	-0.06361
22.73	-0.06366
22.735	-0.06368
22.74	-0.06368
22.745	-0.06365
22.75	-0.06359
22.755	-0.06344
22.76	-0.06323
22.765	-0.06301
22.77	-0.06279
22.775	-0.06261
22.78	-0.06248
22.785	-0.06238
22.79	-0.06233
22.795	-0.06231
22.8	-0.06232
22.805	-0.06236
22.81	-0.06248
22.815	-0.06271
22.82	-0.06301
22.825	-0.06336
22.83	-0.06374
22.835	-0.06414
22.84	-0.06459
22.845	-0.06511
22.85	-0.06569
22.855	-0.06634
22.86	-0.06701
22.865	-0.06768
22.87	-0.06836
22.875	-0.06905
22.88	-0.06972
22.885	-0.07039
22.89	-0.07102
22.895	-0.07162
22.9	-0.07219
22.905	-0.07268
22.91	-0.07310
22.915	-0.07339
22.92	-0.07351
22.925	-0.07346
22.93	-0.07320
22.935	-0.07271
22.94	-0.07206
22.945	-0.07134
22.95	-0.07068
22.955	-0.07023
22.96	-0.07007
22.965	-0.07017
22.97	-0.07047
22.975	-0.07085
22.98	-0.07116
22.985	-0.07133
22.99	-0.07133
22.995	-0.07115
23	-0.07082
23.005	-0.07040
23.01	-0.06991
23.015	-0.06939
23.02	-0.06882
23.025	-0.06818
23.03	-0.06746
23.035	-0.06663
23.04	-0.06572
23.045	-0.06474
23.05	-0.06367
23.055	-0.06252
23.06	-0.06126
23.065	-0.05983
23.07	-0.05810
23.075	-0.05590
23.08	-0.05313
23.085	-0.04982
23.09	-0.04613
23.095	-0.04227
23.1	-0.03836
23.105	-0.03443
23.11	-0.03050
23.115	-0.02659
23.12	-0.02268
23.125	-0.01875
23.13	-0.01478
23.135	-0.01076
23.14	-0.00667
23.145	-0.00250
23.15	0.00168
23.155	0.00584
23.16	0.00999
23.165	0.01409
23.17	0.01813
23.175	0.02205
23.18	0.02586
23.185	0.02952
23.19	0.03302
23.195	0.03634
23.2	0.03947
23.205	0.04236
23.21	0.04506
23.215	0.04756
23.22	0.04989
23.225	0.05205
23.23	0.05406
23.235	0.05593
23.24	0.05763
23.245	0.05915
23.25	0.06042
23.255	0.06141
23.26	0.06214
23.265	0.06261
23.27	0.06281
23.275	0.06275
23.28	0.06247
23.285	0.06202
23.29	0.06146
23.295	0.06085
23.3	0.06024
23.305	0.05967
23.31	0.05916
23.315	0.05873
23.32	0.05839
23.325	0.05812
23.33	0.05788
23.335	0.05766
23.34	0.05751
23.345	0.05740
23.35	0.05733
23.355	0.05729
23.36	0.05726
23.365	0.05723
23.37	0.05717
23.375	0.05707
23.38	0.05692
23.385	0.05671
23.39	0.05641
23.395	0.05603
23.4	0.05558
23.405	0.05507
23.41	0.05451
23.415	0.05392
23.42	0.05327
23.425	0.05258
23.43	0.05185
23.435	0.05108
23.44	0.05030
23.445	0.04945
23.45	0.04844
23.455	0.04714
23.46	0.04551
23.465	0.04357
23.47	0.04146
23.475	0.03935
23.48	0.03734
23.485	0.03549
23.49	0.03380
23.495	0.03227
23.5	0.03093
23.505	0.02976
23.51	0.02878
23.515	0.02798
23.52	0.02737
23.525	0.02693
23.53	0.02666
23.535	0.02647
23.54	0.02630
23.545	0.02614
23.55	0.02601
23.555	0.02594
23.56	0.02597
23.565	0.02620
23.57	0.02675
23.575	0.02779
23.58	0.02940
23.585	0.03153
23.59	0.03401
23.595	0.03670
23.6	0.03953
23.605	0.04244
23.61	0.04537
23.615	0.04829
23.62	0.05117
23.625	0.05396
23.63	0.05664
23.635	0.05917
23.64	0.06155
23.645	0.06376
23.65	0.06580
23.655	0.06768
23.66	0.06944
23.665	0.07112
23.67	0.07269
23.675	0.07415
23.68	0.07553
23.685	0.07684
23.69	0.07811
23.695	0.07933
23.7	0.08048
23.705	0.08154
23.71	0.08249
23.715	0.08330
23.72	0.08394
23.725	0.08438
23.73	0.08458
23.735	0.08455
23.74	0.08423
23.745	0.08365
23.75	0.08277
23.755	0.08158
23.76	0.08011
23.765	0.07835
23.77	0.07633
23.775	0.07405
23.78	0.07157
23.785	0.06891
23.79	0.06615
23.795	0.06332
23.8	0.06044
23.805	0.05751
23.81	0.05453
23.815	0.05152
23.82	0.04848
23.825	0.04541
23.83	0.04235
23.835	0.03926
23.84	0.03617
23.845	0.03309
23.85	0.03003
23.855	0.02703
23.86	0.02404
23.865	0.02103
23.87	0.01797
23.875	0.01481
23.88	0.01155
23.885	0.00815
23.89	0.00456
23.895	0.00083
23.9	-0.00301
23.905	-0.00689
23.91	-0.01080
23.915	-0.01472
23.92	-0.01865
23.925	-0.02252
23.93	-0.02631
23.935	-0.03002
23.94	-0.03371
23.945	-0.03746
23.95	-0.04136
23.955	-0.04547
23.96	-0.04990
23.965	-0.05463
23.97	-0.05952
23.975	-0.06436
23.98	-0.06902
23.985	-0.07344
23.99	-0.07758
23.995	-0.08148
24	-0.08516
24.005	-0.08864
24.01	-0.09199
24.015	-0.09522
24.02	-0.09836
24.025	-0.10140
24.03	-0.10432
24.035	-0.10707
24.04	-0.10965
24.045	-0.11202
24.05	-0.11414
24.055	-0.11597
24.06	-0.11745
24.065	-0.11853
24.07	-0.11918
24.075	-0.11931
24.08	-0.11885
24.085	-0.11786
24.09	-0.11651
24.095	-0.11498
24.1	-0.11332
24.105	-0.11156
24.11	-0.10970
24.115	-0.10780
24.12	-0.10583
24.125	-0.10376
24.13	-0.10161
24.135	-0.09939
24.14	-0.09709
24.145	-0.09472
24.15	-0.09226
24.155	-0.08972
24.16	-0.08709
24.165	-0.08436
24.17	-0.08149
24.175	-0.07849
24.18	-0.07538
24.185	-0.07214
24.19	-0.06881
24.195	-0.06538
24.2	-0.06185
24.205	-0.05821
24.21	-0.05443
24.215	-0.05049
24.22	-0.04640
24.225	-0.04215
24.23	-0.03778
24.235	-0.03332
24.24	-0.02876
24.245	-0.02417
24.25	-0.01953
24.255	-0.01494
24.26	-0.01042
24.265	-0.00601
24.27	-0.00170
24.275	0.00249
24.28	0.00657
24.285	0.01052
24.29	0.01433
24.295	0.01799
24.3	0.02155
24.305	0.02504
24.31	0.02850
24.315	0.03196
24.32	0.03538
24.325	0.03876
24.33	0.04210
24.335	0.04539
24.34	0.04858
24.345	0.05172
24.35	0.05485
24.355	0.05798
24.36	0.06111
24.365	0.06424
24.37	0.06735
24.375	0.07041
24.38	0.07340
24.385	0.07630
24.39	0.07912
24.395	0.08186
24.4	0.08451
24.405	0.08713
24.41	0.08977
24.415	0.09249
24.42	0.09534
24.425	0.09831
24.43	0.10140
24.435	0.10463
24.44	0.10791
24.445	0.11112
24.45	0.11412
24.455	0.11680
24.46	0.11912
24.465	0.12116
24.47	0.12302
24.475	0.12484
24.48	0.12667
24.485	0.12857
24.49	0.13051
24.495	0.13247
24.5	0.13442
24.505	0.13632
24.51	0.13812
24.515	0.13983
24.52	0.14142
24.525	0.14286
24.53	0.14413
24.535	0.14521
24.54	0.14609
24.545	0.14675
24.55	0.14719
24.555	0.14742
24.56	0.14747
24.565	0.14746
24.57	0.14742
24.575	0.14747
24.58	0.14765
24.585	0.14793
24.59	0.14812
24.595	0.14806
24.6	0.14765
24.605	0.14683
24.61	0.14558
24.615	0.14394
24.62	0.14186
24.625	0.13936
24.63	0.13651
24.635	0.13334
24.64	0.12987
24.645	0.12616
24.65	0.12226
24.655	0.11819
24.66	0.11399
24.665	0.10971
24.67	0.10540
24.675	0.10109
24.68	0.09680
24.685	0.09253
24.69	0.08836
24.695	0.08436
24.7	0.08054
24.705	0.07695
24.71	0.07358
24.715	0.07047
24.72	0.06764
24.725	0.06510
24.73	0.06280
24.735	0.06071
24.74	0.05875
24.745	0.05685
24.75	0.05497
24.755	0.05306
24.76	0.05106
24.765	0.04896
24.77	0.04674
24.775	0.04438
24.78	0.04184
24.785	0.03913
24.79	0.03631
24.795	0.03338
24.8	0.03038
24.805	0.02732
24.81	0.02428
24.815	0.02127
24.82	0.01831
24.825	0.01541
24.83	0.01260
24.835	0.00994
24.84	0.00743
24.845	0.00509
24.85	0.00293
24.855	0.00096
24.86	-0.00078
24.865	-0.00231
24.87	-0.00358
24.875	-0.00457
24.88	-0.00527
24.885	-0.00567
24.89	-0.00579
24.895	-0.00562
24.9	-0.00520
24.905	-0.00457
24.91	-0.00374
24.915	-0.00269
24.92	-0.00140
24.925	0.00010
24.93	0.00178
24.935	0.00359
24.94	0.00548
24.945	0.00740
24.95	0.00923
24.955	0.01084
24.96	0.01212
24.965	0.01308
24.97	0.01379
24.975	0.01436
24.98	0.01485
24.985	0.01534
24.99	0.01584
24.995	0.01635
25	0.01687
25.005	0.01736
25.01	0.01782
25.015	0.01818
25.02	0.01838
25.025	0.01841
25.03	0.01824
25.035	0.01787
25.04	0.01733
25.045	0.01661
25.05	0.01571
25.055	0.01464
25.06	0.01346
25.065	0.01220
25.07	0.01092
25.075	0.00974
25.08	0.00878
25.085	0.00806
25.09	0.00744
25.095	0.00673
25.1	0.00583
25.105	0.00471
25.11	0.00335
25.115	0.00177
25.12	0.00005
25.125	-0.00180
25.13	-0.00368
25.135	-0.00554
25.14	-0.00731
25.145	-0.00897
25.15	-0.01049
25.155	-0.01183
25.16	-0.01291
25.165	-0.01374
25.17	-0.01432
25.175	-0.01460
25.18	-0.01456
25.185	-0.01423
25.19	-0.01364
25.195	-0.01285
25.2	-0.01192
25.205	-0.01090
25.21	-0.00985
25.215	-0.00879
25.22	-0.00779
25.225	-0.00688
25.23	-0.00607
25.235	-0.00539
25.24	-0.00488
25.245	-0.00454
25.25	-0.00437
25.255	-0.00438
25.26	-0.00455
25.265	-0.00486
25.27	-0.00529
25.275	-0.00583
25.28	-0.00645
25.285	-0.00712
25.29	-0.00779
25.295	-0.00846
25.3	-0.00914
25.305	-0.00980
25.31	-0.01043
25.315	-0.01101
25.32	-0.01152
25.325	-0.01198
25.33	-0.01235
25.335	-0.01263
25.34	-0.01284
25.345	-0.01302
25.35	-0.01320
25.355	-0.01342
25.36	-0.01370
25.365	-0.01407
25.37	-0.01454
25.375	-0.01508
25.38	-0.01570
25.385	-0.01641
25.39	-0.01727
25.395	-0.01829
25.4	-0.01943
25.405	-0.02069
25.41	-0.02204
25.415	-0.02341
25.42	-0.02473
25.425	-0.02597
25.43	-0.02707
25.435	-0.02804
25.44	-0.02885
25.445	-0.02954
25.45	-0.03012
25.455	-0.03068
25.46	-0.03129
25.465	-0.03190
25.47	-0.03238
25.475	-0.03259
25.48	-0.03245
25.485	-0.03193
25.49	-0.03106
25.495	-0.02990
25.5	-0.02851
25.505	-0.02696
25.51	-0.02525
25.515	-0.02340
25.52	-0.02147
25.525	-0.01951
25.53	-0.01757
25.535	-0.01566
25.54	-0.01383
25.545	-0.01214
25.55	-0.01061
25.555	-0.00922
25.56	-0.00795
25.565	-0.00678
25.57	-0.00563
25.575	-0.00441
25.58	-0.00301
25.585	-0.00140
25.59	0.00029
25.595	0.00187
25.6	0.00326
25.605	0.00442
25.61	0.00535
25.615	0.00606
25.62	0.00659
25.625	0.00698
25.63	0.00730
25.635	0.00759
25.64	0.00788
25.645	0.00820
25.65	0.00862
25.655	0.00918
25.66	0.00988
25.665	0.01071
25.67	0.01166
25.675	0.01272
25.68	0.01386
25.685	0.01509
25.69	0.01641
25.695	0.01777
25.7	0.01915
25.705	0.02055
25.71	0.02195
25.715	0.02335
25.72	0.02476
25.725	0.02615
25.73	0.02750
25.735	0.02878
25.74	0.02998
25.745	0.03107
25.75	0.03201
25.755	0.03282
25.76	0.03352
25.765	0.03416
25.77	0.03480
25.775	0.03546
25.78	0.03614
25.785	0.03678
25.79	0.03737
25.795	0.03785
25.8	0.03830
25.805	0.03873
25.81	0.03914
25.815	0.03953
25.82	0.03983
25.825	0.04003
25.83	0.04015
25.835	0.04019
25.84	0.04012
25.845	0.03995
25.85	0.03965
25.855	0.03920
25.86	0.03858
25.865	0.03785
25.87	0.03702
25.875	0.03606
25.88	0.03499
25.885	0.03381
25.89	0.03255
25.895	0.03125
25.9	0.02991
25.905	0.02858
25.91	0.02730
25.915	0.02613
25.92	0.02509
25.925	0.02423
25.93	0.02356
25.935	0.02310
25.94	0.02282
25.945	0.02264
25.95	0.02246
25.955	0.02218
25.96	0.02170
25.965	0.02102
25.97	0.02021
25.975	0.01944
25.98	0.01877
25.985	0.01823
25.99	0.01786
25.995	0.01762
26	0.01751
26.005	0.01747
26.01	0.01747
26.015	0.01745
26.02	0.01736
26.025	0.01719
26.03	0.01695
26.035	0.01664
26.04	0.01625
26.045	0.01575
26.05	0.01512
26.055	0.01439
26.06	0.01361
26.065	0.01284
26.07	0.01216
26.075	0.01165
26.08	0.01137
26.085	0.01133
26.09	0.01141
26.095	0.01149
26.1	0.01148
26.105	0.01134
26.11	0.01104
26.115	0.01061
26.12	0.01008
26.125	0.00949
26.13	0.00885
26.135	0.00817
26.14	0.00747
26.145	0.00674
26.15	0.00600
26.155	0.00525
26.16	0.00448
26.165	0.00371
26.17	0.00293
26.175	0.00213
26.18	0.00133
26.185	0.00053
26.19	-0.00029
26.195	-0.00112
26.2	-0.00194
26.205	-0.00275
26.21	-0.00353
26.215	-0.00425
26.22	-0.00492
26.225	-0.00554
26.23	-0.00612
26.235	-0.00671
26.24	-0.00731
26.245	-0.00794
26.25	-0.00860
26.255	-0.00930
26.26	-0.01004
26.265	-0.01086
26.27	-0.01175
26.275	-0.01265
26.28	-0.01357
26.285	-0.01451
26.29	-0.01546
26.295	-0.01643
26.3	-0.01740
26.305	-0.01832
26.31	-0.01917
26.315	-0.01993
26.32	-0.02059
26.325	-0.02114
26.33	-0.02158
26.335	-0.02189
26.34	-0.02207
26.345	-0.02212
26.35	-0.02210
26.355	-0.02205
26.36	-0.02199
26.365	-0.02194
26.37	-0.02197
26.375	-0.02210
26.38	-0.02238
26.385	-0.02281
26.39	-0.02332
26.395	-0.02390
26.4	-0.02453
26.405	-0.02524
26.41	-0.02603
26.415	-0.02688
26.42	-0.02775
26.425	-0.02860
26.43	-0.02942
26.435	-0.03020
26.44	-0.03099
26.445	-0.03178
26.45	-0.03264
26.455	-0.03367
26.46	-0.03492
26.465	-0.03639
26.47	-0.03798
26.475	-0.03954
26.48	-0.04092
26.485	-0.04208
26.49	-0.04298
26.495	-0.04352
26.5	-0.04369
26.505	-0.04348
26.51	-0.04293
26.515	-0.04208
26.52	-0.04103
26.525	-0.03989
26.53	-0.03873
26.535	-0.03766
26.54	-0.03673
26.545	-0.03600
26.55	-0.03549
26.555	-0.03521
26.56	-0.03515
26.565	-0.03528
26.57	-0.03551
26.575	-0.03568
26.58	-0.03568
26.585	-0.03542
26.59	-0.03502
26.595	-0.03460
26.6	-0.03427
26.605	-0.03407
26.61	-0.03400
26.615	-0.03405
26.62	-0.03417
26.625	-0.03428
26.63	-0.03432
26.635	-0.03425
26.64	-0.03401
26.645	-0.03358
26.65	-0.03293
26.655	-0.03210
26.66	-0.03113
26.665	-0.03007
26.67	-0.02893
26.675	-0.02774
26.68	-0.02651
26.685	-0.02528
26.69	-0.02406
26.695	-0.02285
26.7	-0.02166
26.705	-0.02051
26.71	-0.01942
26.715	-0.01839
26.72	-0.01740
26.725	-0.01644
26.73	-0.01553
26.735	-0.01470
26.74	-0.01397
26.745	-0.01332
26.75	-0.01276
26.755	-0.01230
26.76	-0.01198
26.765	-0.01179
26.77	-0.01168
26.775	-0.01164
26.78	-0.01165
26.785	-0.01172
26.79	-0.01183
26.795	-0.01197
26.8	-0.01214
26.805	-0.01238
26.81	-0.01263
26.815	-0.01283
26.82	-0.01292
26.825	-0.01289
26.83	-0.01270
26.835	-0.01229
26.84	-0.01166
26.845	-0.01081
26.85	-0.00975
26.855	-0.00850
26.86	-0.00706
26.865	-0.00545
26.87	-0.00372
26.875	-0.00194
26.88	-0.00018
26.885	0.00153
26.89	0.00317
26.895	0.00470
26.9	0.00610
26.905	0.00737
26.91	0.00853
26.915	0.00957
26.92	0.01050
26.925	0.01134
26.93	0.01211
26.935	0.01281
26.94	0.01344
26.945	0.01391
26.95	0.01419
26.955	0.01418
26.96	0.01381
26.965	0.01307
26.97	0.01207
26.975	0.01094
26.98	0.00977
26.985	0.00864
26.99	0.00752
26.995	0.00641
27	0.00533
27.005	0.00428
27.01	0.00329
27.015	0.00243
27.02	0.00173
27.025	0.00119
27.03	0.00078
27.035	0.00048
27.04	0.00020
27.045	-0.00009
27.05	-0.00222
27.055	-0.00273
27.06	-0.00328
27.065	-0.00378
27.07	-0.00415
27.075	-0.00425
27.08	-0.00392
27.085	-0.00311
27.09	-0.00194
27.095	-0.00062
27.1	0.00068
27.105	0.00192
27.11	0.00310
27.115	0.00418
27.12	0.00517
27.125	0.00609
27.13	0.00697
27.135	0.00783
27.14	0.00870
27.145	0.00960
27.15	0.01055
27.155	0.01153
27.16	0.01250
27.165	0.01341
27.17	0.01425
27.175	0.01497
27.18	0.01557
27.185	0.01603
27.19	0.01634
27.195	0.01650
27.2	0.01651
27.205	0.01637
27.21	0.01608
27.215	0.01566
27.22	0.01515
27.225	0.01456
27.23	0.01390
27.235	0.01320
27.24	0.01252
27.245	0.01188
27.25	0.01128
27.255	0.01076
27.26	0.01034
27.265	0.01001
27.27	0.00973
27.275	0.00948
27.28	0.00923
27.285	0.00896
27.29	0.00867
27.295	0.00835
27.3	0.00803
27.305	0.00767
27.31	0.00728
27.315	0.00688
27.32	0.00643
27.325	0.00592
27.33	0.00535
27.335	0.00473
27.34	0.00407
27.345	0.00336
27.35	0.00260
27.355	0.00181
27.36	0.00097
27.365	0.00009
27.37	-0.00086
27.375	-0.00190
27.38	-0.00305
27.385	-0.00427
27.39	-0.00556
27.395	-0.00693
27.4	-0.00838
27.405	-0.00990
27.41	-0.01149
27.415	-0.01312
27.42	-0.01473
27.425	-0.01629
27.43	-0.01782
27.435	-0.01932
27.44	-0.02088
27.445	-0.02252
27.45	-0.02432
27.455	-0.02639
27.46	-0.02884
27.465	-0.03170
27.47	-0.03480
27.475	-0.03801
27.48	-0.04118
27.485	-0.04419
27.49	-0.04695
27.495	-0.04943
27.5	-0.05164
27.505	-0.05359
27.51	-0.05524
27.515	-0.05666
27.52	-0.05782
27.525	-0.05873
27.53	-0.05947
27.535	-0.06007
27.54	-0.06055
27.545	-0.06098
27.55	-0.06142
27.555	-0.06188
27.56	-0.06237
27.565	-0.06285
27.57	-0.06328
27.575	-0.06358
27.58	-0.06358
27.585	-0.06318
27.59	-0.06244
27.595	-0.06153
27.6	-0.06056
27.605	-0.05957
27.61	-0.05861
27.615	-0.05769
27.62	-0.05679
27.625	-0.05586
27.63	-0.05491
27.635	-0.05396
27.64	-0.05297
27.645	-0.05187
27.65	-0.05067
27.655	-0.04945
27.66	-0.04824
27.665	-0.04710
27.67	-0.04606
27.675	-0.04510
27.68	-0.04415
27.685	-0.04319
27.69	-0.04226
27.695	-0.04137
27.7	-0.04048
27.705	-0.03960
27.71	-0.03874
27.715	-0.03790
27.72	-0.03706
27.725	-0.03618
27.73	-0.03525
27.735	-0.03426
27.74	-0.03320
27.745	-0.03208
27.75	-0.03092
27.755	-0.02970
27.76	-0.02843
27.765	-0.02710
27.77	-0.02572
27.775	-0.02431
27.78	-0.02288
27.785	-0.02143
27.79	-0.01998
27.795	-0.01856
27.8	-0.01719
27.805	-0.01587
27.81	-0.01463
27.815	-0.01349
27.82	-0.01246
27.825	-0.01151
27.83	-0.01066
27.835	-0.00992
27.84	-0.00927
27.845	-0.00873
27.85	-0.00831
27.855	-0.00803
27.86	-0.00792
27.865	-0.00797
27.87	-0.00819
27.875	-0.00855
27.88	-0.00903
27.885	-0.00960
27.89	-0.01027
27.895	-0.01096
27.9	-0.01163
27.905	-0.01223
27.91	-0.01271
27.915	-0.01304
27.92	-0.01321
27.925	-0.01326
27.93	-0.01319
27.935	-0.01308
27.94	-0.01298
27.945	-0.01297
27.95	-0.01314
27.955	-0.01362
27.96	-0.01444
27.965	-0.01555
27.97	-0.01685
27.975	-0.01823
27.98	-0.01960
27.985	-0.02097
27.99	-0.02235
27.995	-0.02372
28	-0.02510
28.005	-0.02652
28.01	-0.02803
28.015	-0.02959
28.02	-0.03124
28.025	-0.03296
28.03	-0.03476
28.035	-0.03664
28.04	-0.03856
28.045	-0.04052
28.05	-0.04250
28.055	-0.04447
28.06	-0.04637
28.065	-0.04812
28.07	-0.04962
28.075	-0.05074
28.08	-0.05139
28.085	-0.05160
28.09	-0.05148
28.095	-0.05117
28.1	-0.05073
28.105	-0.05020
28.11	-0.04961
28.115	-0.04893
28.12	-0.04819
28.125	-0.04736
28.13	-0.04645
28.135	-0.04547
28.14	-0.04442
28.145	-0.04330
28.15	-0.04213
28.155	-0.04090
28.16	-0.03960
28.165	-0.03823
28.17	-0.03681
28.175	-0.03533
28.18	-0.03381
28.185	-0.03226
28.19	-0.03069
28.195	-0.02913
28.2	-0.02757
28.205	-0.02600
28.21	-0.02444
28.215	-0.02289
28.22	-0.02129
28.225	-0.01964
28.23	-0.01795
28.235	-0.01621
28.24	-0.01447
28.245	-0.01273
28.25	-0.01098
28.255	-0.00924
28.26	-0.00752
28.265	-0.00581
28.27	-0.00410
28.275	-0.00239
28.28	-0.00069
28.285	0.00101
28.29	0.00268
28.295	0.00431
28.3	0.00586
28.305	0.00734
28.31	0.00873
28.315	0.01006
28.32	0.01134
28.325	0.01256
28.33	0.01370
28.335	0.01476
28.34	0.01577
28.345	0.01671
28.35	0.01760
28.355	0.01841
28.36	0.01920
28.365	0.01994
28.37	0.02065
28.375	0.02132
28.38	0.02196
28.385	0.02257
28.39	0.02316
28.395	0.02373
28.4	0.02429
28.405	0.02480
28.41	0.02527
28.415	0.02571
28.42	0.02614
28.425	0.02654
28.43	0.02693
28.435	0.02729
28.44	0.02759
28.445	0.02781
28.45	0.02786
28.455	0.02772
28.46	0.02736
28.465	0.02683
28.47	0.02620
28.475	0.02555
28.48	0.02490
28.485	0.02427
28.49	0.02368
28.495	0.02309
28.5	0.02250
28.505	0.02188
28.51	0.02120
28.515	0.02048
28.52	0.01967
28.525	0.01876
28.53	0.01772
28.535	0.01652
28.54	0.01513
28.545	0.01350
28.55	0.01163
28.555	0.00955
28.56	0.00733
28.565	0.00509
28.57	0.00302
28.575	0.00128
28.58	-0.00009
28.585	-0.00122
28.59	-0.00225
28.595	-0.00324
28.6	-0.00419
28.605	-0.00515
28.61	-0.00612
28.615	-0.00711
28.62	-0.00812
28.625	-0.00912
28.63	-0.01009
28.635	-0.01102
28.64	-0.01187
28.645	-0.01265
28.65	-0.01333
28.655	-0.01391
28.66	-0.01434
28.665	-0.01463
28.67	-0.01480
28.675	-0.01482
28.68	-0.01472
28.685	-0.01450
28.69	-0.01416
28.695	-0.01373
28.7	-0.01325
28.705	-0.01270
28.71	-0.01210
28.715	-0.01146
28.72	-0.01081
28.725	-0.01015
28.73	-0.00950
28.735	-0.00886
28.74	-0.00821
28.745	-0.00757
28.75	-0.00694
28.755	-0.00634
28.76	-0.00575
28.765	-0.00518
28.77	-0.00462
28.775	-0.00405
28.78	-0.00347
28.785	-0.00289
28.79	-0.00228
28.795	-0.00166
28.8	-0.00102
28.805	-0.00036
28.81	0.00032
28.815	0.00103
28.82	0.00175
28.825	0.00248
28.83	0.00320
28.835	0.00393
28.84	0.00466
28.845	0.00540
28.85	0.00614
28.855	0.00687
28.86	0.00760
28.865	0.00834
28.87	0.00911
28.875	0.00989
28.88	0.01067
28.885	0.01143
28.89	0.01214
28.895	0.01278
28.9	0.01329
28.905	0.01368
28.91	0.01397
28.915	0.01419
28.92	0.01439
28.925	0.01457
28.93	0.01475
28.935	0.01492
28.94	0.01510
28.945	0.01529
28.95	0.01548
28.955	0.01566
28.96	0.01582
28.965	0.01597
28.97	0.01607
28.975	0.01614
28.98	0.01616
28.985	0.01612
28.99	0.01603
28.995	0.01589
29	0.01571
29.005	0.01552
29.01	0.01531
29.015	0.01513
29.02	0.01499
29.025	0.01488
29.03	0.01480
29.035	0.01470
29.04	0.01454
29.045	0.01435
29.05	0.01410
29.055	0.01382
29.06	0.01349
29.065	0.01313
29.07	0.01275
29.075	0.01235
29.08	0.01193
29.085	0.01149
29.09	0.01104
29.095	0.01058
29.1	0.01013
29.105	0.00968
29.11	0.00923
29.115	0.00878
29.12	0.00837
29.125	0.00798
29.13	0.00762
29.135	0.00730
29.14	0.00700
29.145	0.00675
29.15	0.00653
29.155	0.00635
29.16	0.00623
29.165	0.00615
29.17	0.00610
29.175	0.00610
29.18	0.00614
29.185	0.00621
29.19	0.00631
29.195	0.00644
29.2	0.00658
29.205	0.00675
29.21	0.00694
29.215	0.00715
29.22	0.00736
29.225	0.00760
29.23	0.00783
29.235	0.00808
29.24	0.00833
29.245	0.00859
29.25	0.00885
29.255	0.00912
29.26	0.00939
29.265	0.00965
29.27	0.00992
29.275	0.01017
29.28	0.01042
29.285	0.01067
29.29	0.01091
29.295	0.01114
29.3	0.01137
29.305	0.01159
29.31	0.01182
29.315	0.01202
29.32	0.01223
29.325	0.01243
29.33	0.01261
29.335	0.01278
29.34	0.01293
29.345	0.01307
29.35	0.01319
29.355	0.01328
29.36	0.01337
29.365	0.01346
29.37	0.01353
29.375	0.01359
29.38	0.01365
29.385	0.01370
29.39	0.01373
29.395	0.01375
29.4	0.01375
29.405	0.01373
29.41	0.01369
29.415	0.01365
29.42	0.01362
29.425	0.01357
29.43	0.01355
29.435	0.01351
29.44	0.01348
29.445	0.01346
29.45	0.01343
29.455	0.01340
29.46	0.01337
29.465	0.01335
29.47	0.01332
29.475	0.01328
29.48	0.01325
29.485	0.01321
29.49	0.01317
29.495	0.01312
29.5	0.01308
29.505	0.01302
29.51	0.01298
29.515	0.01292
29.52	0.01289
29.525	0.01285
29.53	0.01282
29.535	0.01277
29.54	0.01274
29.545	0.01268
29.55	0.01263
29.555	0.01257
29.56	0.01251
29.565	0.01244
29.57	0.01238
29.575	0.01229
29.58	0.01222
29.585	0.01215
29.59	0.01207
29.595	0.01199
29.6	0.01191
29.605	0.01183
29.61	0.01174
29.615	0.01166
29.62	0.01157
29.625	0.01148
29.63	0.01139
29.635	0.0113
29.64	0.01121
29.645	0.01111
29.65	0.01102
29.655	0.01092
29.66	0.01082
29.665	0.01071
29.67	0.01061
29.675	0.0105
29.68	0.0104
29.685	0.0103
29.69	0.0102
29.695	0.01009
29.7	0.00998
29.705	0.00987
29.71	0.00977
29.715	0.00967
29.72	0.00956
29.725	0.00945
29.73	0.00935
29.735	0.00924
29.74	0.00914
29.745	0.00904
29.75	0.00893
29.755	0.00883
29.76	0.00873
29.765	0.00862
29.77	0.00852
29.775	0.00842
29.78	0.00832
29.785	0.00822
29.79	0.00811
29.795	0.00801
29.8	0.0079
29.805	0.0078
29.81	0.0077
29.815	0.00761
29.82	0.0075
29.825	0.0074
29.83	0.0073
29.835	0.00719
29.84	0.00709
29.845	0.00699
29.85	0.00689
29.855	0.0068
29.86	0.00669
29.865	0.00659
29.87	0.00649
29.875	0.00639
29.88	0.00629
29.885	0.00619
29.89	0.00609
29.895	0.00599
29.9	0.00589
29.905	0.00579
29.91	0.00569
29.915	0.00559
29.92	0.00549
29.925	0.00539
29.93	0.00529
29.935	0.00518
29.94	0.00509
29.945	0.00499
29.95	0.00489
29.955	0.00479
29.96	0.00469
29.965	0.00459
29.97	0.00449
29.975	0.00439
29.98	0.00429
29.985	0.00419
29.99	0.0041
29.995	0.00399
30	0.00389
30.005	0.00379
30.01	0.00369
30.015	0.00359
30.02	0.00349
30.025	0.00339
30.03	0.00329