t(s)	a(g)
0	0.00000
0.01	0.00002
0.02	0.00002
0.03	0.00002
0.04	0.00002
0.05	0.00002
0.06	0.00002
0.07	0.00002
0.08	0.00003
0.09	0.00002
0.1	0.00002
0.11	0.00002
0.12	0.00003
0.13	0.00002
0.14	0.00003
0.15	0.00002
0.16	0.00002
0.17	0.00002
0.18	0.00002
0.19	0.00002
0.2	0.00001
0.21	0.00001
0.22	0.00003
0.23	0.00002
0.24	0.00002
0.25	0.00007
0.26	0.00002
0.27	-0.00003
0.28	0.00004
0.29	0.00000
0.3	0.00004
0.31	0.00003
0.32	0.00001
0.33	0.00003
0.34	0.00000
0.35	0.00004
0.36	0.00002
0.37	0.00002
0.38	0.00005
0.39	-0.00001
0.4	-0.00009
0.41	0.00001
0.42	0.00008
0.43	0.00005
0.44	0.00002
0.45	-0.00001
0.46	-0.00001
0.47	0.00003
0.48	0.00003
0.49	0.00004
0.5	0.00006
0.51	0.00010
0.52	0.00004
0.53	-0.00001
0.54	0.00004
0.55	-0.00011
0.56	0.00002
0.57	0.00024
0.58	-0.00001
0.59	-0.00001
0.6	0.00015
0.61	0.00005
0.62	0.00005
0.63	0.00000
0.64	0.00007
0.65	0.00005
0.66	0.00004
0.67	0.00002
0.68	-0.00005
0.69	0.00005
0.7	0.00011
0.71	0.00014
0.72	0.00017
0.73	0.00026
0.74	0.00013
0.75	0.00008
0.76	-0.00005
0.77	0.00023
0.78	0.00010
0.79	0.00016
0.8	0.00012
0.81	0.00005
0.82	0.00013
0.83	-0.00007
0.84	-0.00008
0.85	-0.00005
0.86	-0.00005
0.87	0.00011
0.88	0.00000
0.89	0.00016
0.9	0.00021
0.91	-0.00011
0.92	-0.00005
0.93	-0.00030
0.94	-0.00024
0.95	0.00011
0.96	-0.00005
0.97	-0.00019
0.98	-0.00027
0.99	-0.00018
1	0.00016
1.01	0.00020
1.02	0.00006
1.03	-0.00020
1.04	0.00077
1.05	0.00012
1.06	-0.00046
1.07	-0.00006
1.08	-0.00041
1.09	0.00000
1.1	0.00024
1.11	0.00009
1.12	0.00022
1.13	0.00014
1.14	-0.00026
1.15	0.00001
1.16	-0.00022
1.17	-0.00068
1.18	-0.00031
1.19	0.00031
1.2	-0.00004
1.21	0.00018
1.22	-0.00002
1.23	0.00034
1.24	-0.00009
1.25	-0.00033
1.26	-0.00037
1.27	-0.00011
1.28	0.00025
1.29	0.00031
1.3	0.00000
1.31	0.00030
1.32	0.00003
1.33	-0.00006
1.34	0.00002
1.35	0.00028
1.36	-0.00033
1.37	0.00038
1.38	-0.00044
1.39	-0.00022
1.4	-0.00025
1.41	0.00025
1.42	-0.00019
1.43	-0.00040
1.44	-0.00025
1.45	-0.00061
1.46	0.00041
1.47	0.00048
1.48	-0.00122
1.49	-0.00129
1.5	0.00012
1.51	0.00080
1.52	-0.00006
1.53	0.00004
1.54	0.00043
1.55	-0.00044
1.56	-0.00126
1.57	-0.00008
1.58	-0.00108
1.59	-0.00063
1.6	-0.00095
1.61	0.00017
1.62	-0.00059
1.63	-0.00033
1.64	0.00099
1.65	0.00098
1.66	0.00059
1.67	-0.00032
1.68	-0.00052
1.69	-0.00011
1.7	0.00005
1.71	-0.00018
1.72	0.00027
1.73	0.00014
1.74	0.00052
1.75	0.00019
1.76	-0.00026
1.77	-0.00011
1.78	-0.00097
1.79	0.00000
1.8	0.00014
1.81	-0.00002
1.82	0.00042
1.83	0.00026
1.84	0.00013
1.85	0.00019
1.86	0.00016
1.87	-0.00118
1.88	0.00031
1.89	0.00061
1.9	-0.00026
1.91	-0.00025
1.92	-0.00075
1.93	-0.00023
1.94	0.00070
1.95	0.00032
1.96	-0.00070
1.97	-0.00016
1.98	-0.00025
1.99	0.00168
2	0.00046
2.01	-0.00086
2.02	0.00032
2.03	0.00010
2.04	0.00044
2.05	-0.00057
2.06	0.00151
2.07	0.00084
2.08	-0.00017
2.09	0.00049
2.1	-0.00054
2.11	-0.00113
2.12	-0.00070
2.13	-0.00125
2.14	-0.00080
2.15	0.00009
2.16	-0.00014
2.17	0.00119
2.18	-0.00067
2.19	-0.00198
2.2	0.00089
2.21	-0.00111
2.22	-0.00158
2.23	-0.00101
2.24	-0.00030
2.25	-0.00061
2.26	0.00016
2.27	-0.00061
2.28	-0.00035
2.29	0.00034
2.3	0.00102
2.31	-0.00151
2.32	-0.00127
2.33	-0.00155
2.34	-0.00056
2.35	-0.00057
2.36	-0.00145
2.37	-0.00006
2.38	-0.00006
2.39	-0.00060
2.4	-0.00027
2.41	0.00030
2.42	-0.00023
2.43	0.00133
2.44	-0.00089
2.45	-0.00074
2.46	-0.00013
2.47	0.00010
2.48	-0.00021
2.49	0.00019
2.5	0.00151
2.51	0.00003
2.52	0.00036
2.53	0.00037
2.54	-0.00076
2.55	0.00066
2.56	0.00050
2.57	0.00053
2.58	0.00005
2.59	-0.00012
2.6	0.00055
2.61	0.00161
2.62	0.00100
2.63	-0.00100
2.64	-0.00069
2.65	-0.00032
2.66	0.00046
2.67	-0.00053
2.68	-0.00016
2.69	0.00146
2.7	0.00061
2.71	-0.00074
2.72	0.00041
2.73	0.00057
2.74	0.00034
2.75	-0.00075
2.76	-0.00043
2.77	-0.00047
2.78	-0.00012
2.79	-0.00022
2.8	-0.00093
2.81	-0.00020
2.82	-0.00012
2.83	0.00101
2.84	0.00071
2.85	-0.00041
2.86	-0.00057
2.87	0.00241
2.88	0.00096
2.89	-0.00046
2.9	0.00047
2.91	0.00031
2.92	-0.00055
2.93	0.00029
2.94	-0.00014
2.95	-0.00005
2.96	-0.00121
2.97	-0.00095
2.98	-0.00156
2.99	-0.00226
3	-0.00116
3.01	0.00007
3.02	-0.00117
3.03	-0.00156
3.04	-0.00091
3.05	0.00107
3.06	0.00090
3.07	0.00112
3.08	-0.00036
3.09	0.00040
3.1	0.00002
3.11	-0.00019
3.12	0.00038
3.13	-0.00281
3.14	-0.00011
3.15	0.00136
3.16	-0.00060
3.17	0.00154
3.18	0.00112
3.19	-0.00048
3.2	-0.00115
3.21	-0.00141
3.22	0.00082
3.23	0.00051
3.24	0.00077
3.25	0.00097
3.26	0.00067
3.27	0.00040
3.28	0.00075
3.29	0.00088
3.3	0.00056
3.31	-0.00015
3.32	0.00067
3.33	0.00153
3.34	0.00134
3.35	-0.00009
3.36	-0.00014
3.37	-0.00005
3.38	0.00027
3.39	-0.00075
3.4	0.00055
3.41	0.00054
3.42	0.00033
3.43	0.00129
3.44	-0.00027
3.45	0.00097
3.46	0.00132
3.47	-0.00014
3.48	0.00065
3.49	-0.00071
3.5	0.00038
3.51	-0.00038
3.52	-0.00170
3.53	0.00074
3.54	0.00240
3.55	0.00053
3.56	-0.00021
3.57	0.00047
3.58	0.00151
3.59	0.00140
3.6	0.00023
3.61	-0.00032
3.62	-0.00173
3.63	-0.00061
3.64	-0.00048
3.65	0.00032
3.66	-0.00039
3.67	0.00029
3.68	0.00053
3.69	-0.00014
3.7	-0.00029
3.71	0.00153
3.72	0.00024
3.73	-0.00023
3.74	0.00047
3.75	0.00032
3.76	-0.00014
3.77	0.00044
3.78	0.00068
3.79	-0.00086
3.8	-0.00052
3.81	-0.00122
3.82	0.00024
3.83	0.00022
3.84	-0.00028
3.85	-0.00064
3.86	0.00257
3.87	0.00223
3.88	0.00096
3.89	0.00113
3.9	0.00069
3.91	-0.00041
3.92	-0.00104
3.93	-0.00005
3.94	0.00069
3.95	0.00060
3.96	-0.00027
3.97	0.00023
3.98	-0.00138
3.99	0.00158
4	0.00164
4.01	0.00057
4.02	-0.00011
4.03	-0.00131
4.04	-0.00032
4.05	-0.00104
4.06	-0.00071
4.07	0.00016
4.08	-0.00016
4.09	0.00039
4.1	-0.00050
4.11	0.00166
4.12	0.00141
4.13	-0.00111
4.14	-0.00018
4.15	0.00102
4.16	-0.00041
4.17	-0.00124
4.18	-0.00088
4.19	-0.00060
4.2	-0.00171
4.21	-0.00111
4.22	0.00002
4.23	-0.00093
4.24	-0.00035
4.25	0.00274
4.26	0.00048
4.27	0.00018
4.28	-0.00068
4.29	0.00023
4.3	0.00244
4.31	0.00038
4.32	0.00000
4.33	0.00006
4.34	-0.00065
4.35	-0.00021
4.36	0.00180
4.37	-0.00088
4.38	0.00008
4.39	0.00149
4.4	-0.00018
4.41	-0.00200
4.42	0.00040
4.43	0.00191
4.44	0.00163
4.45	0.00084
4.46	-0.00035
4.47	0.00142
4.48	0.00210
4.49	-0.00183
4.5	0.00062
4.51	0.00123
4.52	0.00084
4.53	0.00154
4.54	-0.00135
4.55	0.00051
4.56	-0.00114
4.57	-0.00164
4.58	-0.00183
4.59	-0.00051
4.6	0.00074
4.61	0.00108
4.62	0.00069
4.63	-0.00153
4.64	-0.00172
4.65	0.00132
4.66	0.00124
4.67	0.00061
4.68	0.00106
4.69	-0.00224
4.7	-0.00106
4.71	-0.00094
4.72	-0.00202
4.73	0.00009
4.74	-0.00070
4.75	0.00140
4.76	0.00148
4.77	-0.00067
4.78	0.00026
4.79	0.00030
4.8	-0.00144
4.81	-0.00083
4.82	-0.00015
4.83	-0.00035
4.84	0.00101
4.85	-0.00179
4.86	-0.00084
4.87	0.00113
4.88	0.00068
4.89	0.00068
4.9	-0.00060
4.91	-0.00111
4.92	-0.00009
4.93	-0.00158
4.94	0.00112
4.95	-0.00042
4.96	-0.00032
4.97	0.00060
4.98	-0.00005
4.99	-0.00276
5	-0.00002
5.01	0.00215
5.02	0.00109
5.03	0.00070
5.04	0.00024
5.05	-0.00043
5.06	-0.00238
5.07	-0.00010
5.08	-0.00255
5.09	-0.00054
5.1	0.00050
5.11	0.00050
5.12	0.00041
5.13	0.00152
5.14	0.00081
5.15	0.00144
5.16	0.00167
5.17	0.00178
5.18	0.00321
5.19	0.00041
5.2	0.00054
5.21	0.00090
5.22	0.00156
5.23	0.00149
5.24	0.00181
5.25	0.00339
5.26	-0.00074
5.27	-0.00195
5.28	0.00121
5.29	-0.00065
5.3	0.00124
5.31	0.00020
5.32	-0.00006
5.33	0.00113
5.34	-0.00131
5.35	0.00014
5.36	0.00041
5.37	-0.00023
5.38	-0.00017
5.39	0.00042
5.4	0.00255
5.41	0.00269
5.42	0.00153
5.43	-0.00035
5.44	0.00000
5.45	0.00086
5.46	-0.00236
5.47	-0.00259
5.48	0.00050
5.49	-0.00172
5.5	-0.00221
5.51	0.00030
5.52	0.00437
5.53	0.00460
5.54	0.00104
5.55	-0.00108
5.56	-0.00044
5.57	-0.00285
5.58	-0.00303
5.59	-0.00295
5.6	-0.00367
5.61	-0.00180
5.62	-0.00075
5.63	-0.00102
5.64	-0.00050
5.65	-0.00056
5.66	0.00044
5.67	0.00087
5.68	0.00019
5.69	-0.00036
5.7	-0.00014
5.71	0.00051
5.72	0.00149
5.73	0.00443
5.74	0.00490
5.75	0.00005
5.76	-0.00086
5.77	-0.00125
5.78	-0.00452
5.79	-0.00311
5.8	-0.00312
5.81	-0.00160
5.82	0.00116
5.83	0.00093
5.84	0.00087
5.85	-0.00213
5.86	-0.00167
5.87	0.00473
5.88	0.00037
5.89	-0.00343
5.9	0.00199
5.91	0.00058
5.92	0.00054
5.93	0.00221
5.94	0.00270
5.95	0.00473
5.96	0.00642
5.97	0.00458
5.98	0.00317
5.99	0.00360
6	0.00659
6.01	0.00626
6.02	0.00267
6.03	0.00452
6.04	0.00257
6.05	0.00068
6.06	0.00069
6.07	-0.00160
6.08	0.00098
6.09	0.00028
6.1	-0.00041
6.11	0.00422
6.12	0.00355
6.13	0.00287
6.14	0.00291
6.15	0.00067
6.16	0.00265
6.17	0.00212
6.18	0.00147
6.19	0.00111
6.2	0.00013
6.21	0.00016
6.22	-0.00093
6.23	-0.00560
6.24	-0.00654
6.25	-0.00530
6.26	-0.00699
6.27	-0.00536
6.28	-0.00208
6.29	0.00029
6.3	0.00057
6.31	0.00138
6.32	-0.00023
6.33	0.00005
6.34	-0.00127
6.35	-0.00176
6.36	-0.00341
6.37	0.00257
6.38	0.00376
6.39	-0.00374
6.4	-0.00320
6.41	-0.00337
6.42	-0.00299
6.43	-0.00124
6.44	-0.00509
6.45	-0.00216
6.46	0.00234
6.47	0.00122
6.48	-0.00104
6.49	-0.00233
6.5	-0.00252
6.51	0.00094
6.52	-0.00023
6.53	-0.00128
6.54	-0.00137
6.55	-0.00140
6.56	-0.00479
6.57	-0.00633
6.58	-0.00496
6.59	-0.00163
6.6	-0.00203
6.61	0.00198
6.62	0.00261
6.63	0.00328
6.64	0.00617
6.65	0.00356
6.66	0.00392
6.67	0.00664
6.68	0.00358
6.69	0.00003
6.7	0.00068
6.71	-0.00024
6.72	-0.00295
6.73	0.00173
6.74	0.00149
6.75	0.00142
6.76	0.00246
6.77	-0.00049
6.78	0.00047
6.79	0.00025
6.8	0.00154
6.81	0.00536
6.82	0.00586
6.83	0.00777
6.84	0.00971
6.85	0.01001
6.86	0.00842
6.87	0.00770
6.88	0.00689
6.89	0.00509
6.9	0.00491
6.91	0.00360
6.92	0.00385
6.93	0.00703
6.94	0.00558
6.95	0.00559
6.96	-0.00100
6.97	-0.00743
6.98	-0.00812
6.99	-0.00678
7	-0.00392
7.01	-0.00291
7.02	-0.00490
7.03	-0.00622
7.04	-0.00438
7.05	-0.00473
7.06	-0.00520
7.07	-0.00702
7.08	-0.00496
7.09	-0.00207
7.1	-0.00113
7.11	-0.00381
7.12	-0.00374
7.13	-0.00463
7.14	-0.00485
7.15	-0.00144
7.16	-0.00235
7.17	-0.00322
7.18	-0.00250
7.19	-0.00164
7.2	-0.00076
7.21	-0.00208
7.22	-0.00321
7.23	-0.00088
7.24	-0.00275
7.25	-0.00430
7.26	-0.00108
7.27	-0.00273
7.28	-0.00094
7.29	0.00583
7.3	0.00486
7.31	0.00280
7.32	0.00617
7.33	0.00245
7.34	0.00142
7.35	0.00110
7.36	0.00122
7.37	0.00527
7.38	0.00812
7.39	0.00848
7.4	0.00680
7.41	0.00622
7.42	0.00402
7.43	-0.00115
7.44	-0.00237
7.45	-0.00146
7.46	0.00027
7.47	0.00095
7.48	-0.00079
7.49	-0.00041
7.5	-0.00347
7.51	-0.00976
7.52	-0.01052
7.53	-0.00796
7.54	-0.00158
7.55	0.00044
7.56	-0.00068
7.57	0.00092
7.58	-0.00072
7.59	0.00040
7.6	0.00135
7.61	0.00166
7.62	0.00313
7.63	0.00409
7.64	0.00343
7.65	0.00459
7.66	0.00443
7.67	0.00112
7.68	0.00373
7.69	0.00318
7.7	0.00282
7.71	-0.00031
7.72	-0.00205
7.73	-0.00103
7.74	-0.00311
7.75	-0.00195
7.76	-0.00380
7.77	-0.00315
7.78	0.00045
7.79	-0.00399
7.8	-0.00527
7.81	-0.00616
7.82	-0.00422
7.83	0.00471
7.84	0.00254
7.85	-0.00023
7.86	0.00428
7.87	0.00140
7.88	-0.00005
7.89	0.00194
7.9	-0.00272
7.91	-0.00122
7.92	0.00135
7.93	-0.00235
7.94	0.00169
7.95	0.00084
7.96	0.00203
7.97	-0.00144
7.98	-0.00030
7.99	0.00171
8	-0.00078
8.01	-0.00519
8.02	-0.00436
8.03	0.00263
8.04	0.00681
8.05	0.00477
8.06	0.00355
8.07	0.00069
8.08	0.00061
8.09	-0.00180
8.1	0.00329
8.11	0.00091
8.12	-0.00203
8.13	-0.00159
8.14	-0.00194
8.15	-0.00175
8.16	-0.00027
8.17	0.00198
8.18	0.00578
8.19	0.00352
8.2	0.00035
8.21	-0.00018
8.22	-0.00390
8.23	-0.00446
8.24	-0.00546
8.25	-0.00604
8.26	-0.00537
8.27	-0.00695
8.28	-0.00839
8.29	-0.00431
8.3	-0.00321
8.31	-0.00403
8.32	0.00120
8.33	0.00158
8.34	0.00089
8.35	0.00162
8.36	-0.00242
8.37	-0.00241
8.38	0.00014
8.39	0.00015
8.4	-0.00075
8.41	-0.00329
8.42	-0.00147
8.43	-0.00010
8.44	-0.00293
8.45	-0.00421
8.46	-0.00395
8.47	-0.00247
8.48	-0.00068
8.49	-0.00247
8.5	-0.00247
8.51	0.00008
8.52	0.00250
8.53	0.00185
8.54	0.00058
8.55	0.00161
8.56	0.00131
8.57	0.00176
8.58	0.00357
8.59	0.00320
8.6	0.00347
8.61	0.00789
8.62	0.00509
8.63	0.00331
8.64	0.00161
8.65	0.00112
8.66	0.00071
8.67	-0.00712
8.68	-0.00923
8.69	-0.01204
8.7	-0.01340
8.71	-0.01371
8.72	-0.01335
8.73	-0.01514
8.74	-0.01504
8.75	-0.01069
8.76	-0.00564
8.77	-0.00906
8.78	-0.01179
8.79	-0.00987
8.8	-0.00642
8.81	-0.00329
8.82	-0.00242
8.83	-0.00481
8.84	0.00214
8.85	-0.00125
8.86	-0.00411
8.87	-0.00013
8.88	-0.00059
8.89	0.00464
8.9	0.01166
8.91	0.00960
8.92	0.00898
8.93	0.01268
8.94	0.01065
8.95	0.00823
8.96	0.00740
8.97	0.00909
8.98	0.00805
8.99	0.00469
9	0.00176
9.01	0.00143
9.02	-0.00132
9.03	-0.00176
9.04	-0.00444
9.05	-0.00426
9.06	-0.00569
9.07	-0.00620
9.08	-0.00414
9.09	-0.00041
9.1	0.00372
9.11	0.00887
9.12	0.00730
9.13	0.00311
9.14	-0.00093
9.15	-0.00260
9.16	-0.00761
9.17	-0.01203
9.18	-0.01084
9.19	-0.00423
9.2	0.00258
9.21	0.00168
9.22	-0.00131
9.23	0.00489
9.24	0.00619
9.25	0.00686
9.26	0.00628
9.27	0.00406
9.28	0.00230
9.29	0.00466
9.3	-0.00030
9.31	-0.00319
9.32	-0.00250
9.33	-0.00207
9.34	-0.00597
9.35	-0.00749
9.36	-0.00995
9.37	-0.00885
9.38	-0.01286
9.39	-0.01945
9.4	-0.01681
9.41	-0.02123
9.42	-0.02350
9.43	-0.01775
9.44	-0.01508
9.45	-0.01054
9.46	-0.00722
9.47	-0.00555
9.48	-0.00597
9.49	-0.00330
9.5	-0.00148
9.51	-0.00562
9.52	-0.00806
9.53	-0.00388
9.54	-0.00069
9.55	-0.00397
9.56	-0.00756
9.57	-0.00735
9.58	-0.00501
9.59	0.00253
9.6	0.00471
9.61	0.00074
9.62	0.00381
9.63	0.00134
9.64	-0.00027
9.65	0.00067
9.66	0.00264
9.67	0.00392
9.68	0.00469
9.69	0.00172
9.7	0.00422
9.71	0.00821
9.72	0.00889
9.73	0.00969
9.74	0.01258
9.75	0.01450
9.76	0.00968
9.77	0.00528
9.78	0.00600
9.79	0.00684
9.8	0.00938
9.81	0.00918
9.82	0.00715
9.83	0.00749
9.84	0.01094
9.85	0.00991
9.86	0.01109
9.87	0.00833
9.88	0.01137
9.89	0.01035
9.9	-0.00045
9.91	-0.00280
9.92	-0.00274
9.93	-0.00513
9.94	-0.00532
9.95	-0.00209
9.96	-0.00298
9.97	0.00229
9.98	0.00346
9.99	-0.00428
10	-0.00719
10.01	0.00054
10.02	0.00318
10.03	0.00324
10.04	0.00660
10.05	0.00887
10.06	0.01067
10.07	0.00698
10.08	-0.00162
10.09	-0.00704
10.1	-0.00597
10.11	-0.00788
10.12	-0.00634
10.13	-0.00887
10.14	-0.01309
10.15	-0.01545
10.16	-0.01970
10.17	-0.01270
10.18	-0.00428
10.19	-0.00736
10.2	-0.00729
10.21	-0.00102
10.22	0.00023
10.23	-0.00110
10.24	-0.00167
10.25	-0.00756
10.26	-0.00629
10.27	-0.00381
10.28	-0.00364
10.29	-0.00530
10.3	-0.00140
10.31	0.00162
10.32	-0.00240
10.33	-0.00583
10.34	-0.00721
10.35	-0.00680
10.36	-0.00144
10.37	-0.00451
10.38	-0.00587
10.39	0.00050
10.4	0.00887
10.41	0.01294
10.42	0.00991
10.43	0.00875
10.44	0.01576
10.45	0.01235
10.46	0.00802
10.47	0.00641
10.48	0.00718
10.49	0.01452
10.5	0.00761
10.51	-0.00136
10.52	0.00240
10.53	-0.00562
10.54	-0.00820
10.55	-0.01363
10.56	-0.01671
10.57	-0.00529
10.58	-0.00017
10.59	-0.00639
10.6	0.00169
10.61	0.01733
10.62	0.01371
10.63	0.01369
10.64	0.01306
10.65	0.01594
10.66	0.02354
10.67	0.02106
10.68	0.01561
10.69	0.01240
10.7	0.01429
10.71	0.00410
10.72	0.00129
10.73	-0.00435
10.74	-0.01211
10.75	-0.00749
10.76	-0.01177
10.77	-0.01129
10.78	0.00064
10.79	0.00133
10.8	-0.00476
10.81	-0.00383
10.82	-0.00800
10.83	-0.01130
10.84	-0.00959
10.85	0.00056
10.86	0.00924
10.87	0.00821
10.88	0.00610
10.89	-0.00050
10.9	-0.00286
10.91	-0.00070
10.92	-0.00602
10.93	-0.00455
10.94	0.00726
10.95	0.00898
10.96	0.00473
10.97	-0.00050
10.98	-0.02034
10.99	-0.02822
11	-0.02302
11.01	-0.02272
11.02	-0.01265
11.03	-0.00671
11.04	-0.00495
11.05	-0.00244
11.06	0.00124
11.07	-0.00722
11.08	-0.01490
11.09	-0.00966
11.1	-0.00908
11.11	-0.00481
11.12	0.00707
11.13	0.00093
11.14	-0.00639
11.15	0.00195
11.16	-0.00230
11.17	0.00184
11.18	0.00192
11.19	0.00540
11.2	0.01141
11.21	0.00646
11.22	0.01207
11.23	0.00582
11.24	0.00488
11.25	0.01576
11.26	0.00849
11.27	0.00129
11.28	0.00239
11.29	0.00744
11.3	0.00860
11.31	0.00768
11.32	0.00363
11.33	0.00140
11.34	0.00302
11.35	0.00059
11.36	-0.00774
11.37	-0.00968
11.38	-0.00478
11.39	0.00463
11.4	0.01382
11.41	0.01795
11.42	0.02330
11.43	0.01474
11.44	0.00508
11.45	-0.00192
11.46	-0.00932
11.47	-0.00289
11.48	0.00295
11.49	-0.00591
11.5	-0.00454
11.51	-0.00325
11.52	-0.00943
11.53	-0.00811
11.54	-0.00098
11.55	0.00405
11.56	0.01250
11.57	0.00386
11.58	-0.00829
11.59	-0.00340
11.6	-0.00125
11.61	0.00614
11.62	0.01841
11.63	0.01400
11.64	0.01551
11.65	0.01229
11.66	-0.00131
11.67	-0.00176
11.68	-0.00311
11.69	0.00515
11.7	0.01596
11.71	0.01863
11.72	0.02002
11.73	0.01661
11.74	0.00842
11.75	0.00906
11.76	0.00607
11.77	0.00153
11.78	-0.00756
11.79	-0.02333
11.8	-0.03639
11.81	-0.03803
11.82	-0.03482
11.83	-0.02304
11.84	-0.01386
11.85	-0.01594
11.86	-0.01641
11.87	-0.01146
11.88	0.00077
11.89	0.01009
11.9	0.02156
11.91	0.02645
11.92	0.02378
11.93	0.03202
11.94	0.02588
11.95	0.01171
11.96	0.00644
11.97	-0.00101
11.98	-0.00170
11.99	0.00653
12	0.00512
12.01	0.00294
12.02	-0.00099
12.03	-0.01335
12.04	-0.01351
12.05	-0.00596
12.06	0.00192
12.07	-0.00317
12.08	-0.00533
12.09	-0.00945
12.1	-0.00273
12.11	0.01067
12.12	0.01160
12.13	0.01030
12.14	0.02116
12.15	0.02362
12.16	0.01607
12.17	0.01529
12.18	0.00529
12.19	0.00302
12.2	0.01398
12.21	0.00923
12.22	0.00801
12.23	0.00784
12.24	0.00032
12.25	-0.00068
12.26	-0.00288
12.27	-0.01098
12.28	-0.01877
12.29	-0.02002
12.3	-0.00249
12.31	0.00451
12.32	0.00243
12.33	0.00331
12.34	-0.00211
12.35	0.00567
12.36	0.00527
12.37	0.00749
12.38	0.02698
12.39	0.03704
12.4	0.03524
12.41	0.03136
12.42	0.02896
12.43	0.01831
12.44	0.01140
12.45	0.01436
12.46	0.00801
12.47	-0.00041
12.48	-0.01172
12.49	-0.03082
12.5	-0.02969
12.51	-0.01694
12.52	-0.01998
12.53	-0.02737
12.54	-0.02835
12.55	-0.03052
12.56	-0.03771
12.57	-0.03895
12.58	-0.03883
12.59	-0.03574
12.6	-0.01435
12.61	0.00477
12.62	0.01652
12.63	0.02529
12.64	0.02298
12.65	0.02487
12.66	0.02537
12.67	0.00881
12.68	0.00589
12.69	0.00653
12.7	-0.00257
12.71	-0.00382
12.72	-0.00439
12.73	-0.00473
12.74	-0.00400
12.75	-0.00090
12.76	0.00556
12.77	0.00749
12.78	-0.00405
12.79	-0.01116
12.8	-0.02072
12.81	-0.03251
12.82	-0.03797
12.83	-0.03525
12.84	-0.02865
12.85	-0.01827
12.86	-0.00105
12.87	0.01739
12.88	0.02859
12.89	0.03686
12.9	0.03465
12.91	0.02842
12.92	0.03632
12.93	0.04034
12.94	0.03356
12.95	0.02903
12.96	0.02294
12.97	0.01744
12.98	0.00806
12.99	-0.00395
13	-0.01693
13.01	-0.01949
13.02	-0.01259
13.03	-0.00819
13.04	-0.01115
13.05	-0.01155
13.06	-0.01461
13.07	-0.02099
13.08	-0.00797
13.09	-0.00401
13.1	-0.00437
13.11	-0.00212
13.12	0.00185
13.13	0.00093
13.14	-0.00141
13.15	-0.00441
13.16	-0.00884
13.17	-0.01798
13.18	-0.02399
13.19	-0.02635
13.2	-0.02657
13.21	-0.01966
13.22	-0.02631
13.23	-0.02141
13.24	-0.01160
13.25	-0.00460
13.26	-0.00047
13.27	-0.01700
13.28	-0.02463
13.29	-0.01515
13.3	-0.00951
13.31	0.00684
13.32	0.01080
13.33	0.01319
13.34	0.02681
13.35	0.02394
13.36	0.03983
13.37	0.05701
13.38	0.05524
13.39	0.06091
13.4	0.05419
13.41	0.04016
13.42	0.03673
13.43	0.02141
13.44	0.00376
13.45	0.01121
13.46	0.01224
13.47	0.00793
13.48	0.00821
13.49	0.00306
13.5	-0.00507
13.51	-0.01110
13.52	-0.01734
13.53	-0.02176
13.54	-0.00563
13.55	0.01251
13.56	0.02531
13.57	0.02895
13.58	0.02238
13.59	0.01391
13.6	0.01541
13.61	0.01919
13.62	0.00777
13.63	-0.00209
13.64	-0.01105
13.65	-0.01969
13.66	-0.01896
13.67	-0.02122
13.68	-0.01035
13.69	0.00110
13.7	0.00661
13.71	0.00518
13.72	-0.00292
13.73	-0.00167
13.74	-0.00461
13.75	-0.01321
13.76	-0.00927
13.77	-0.01959
13.78	-0.02254
13.79	-0.03636
13.8	-0.04391
13.81	-0.02889
13.82	-0.01306
13.83	0.00078
13.84	-0.01031
13.85	-0.03238
13.86	-0.03427
13.87	-0.02225
13.88	-0.01858
13.89	-0.02284
13.9	-0.01930
13.91	-0.01074
13.92	0.00258
13.93	0.00103
13.94	0.01132
13.95	0.02638
13.96	0.02812
13.97	0.05256
13.98	0.06041
13.99	0.05259
14	0.05595
14.01	0.03760
14.02	0.02674
14.03	0.03338
14.04	0.02631
14.05	0.02147
14.06	0.02597
14.07	0.02816
14.08	0.03514
14.09	0.03266
14.1	0.02728
14.11	0.02354
14.12	0.01285
14.13	0.01886
14.14	0.01566
14.15	0.00235
14.16	0.00784
14.17	-0.00104
14.18	-0.00602
14.19	0.00118
14.2	-0.00159
14.21	-0.00377
14.22	-0.01168
14.23	-0.01396
14.24	-0.00772
14.25	-0.01107
14.26	-0.01500
14.27	-0.02610
14.28	-0.03417
14.29	-0.03560
14.3	-0.04424
14.31	-0.04073
14.32	-0.02699
14.33	-0.03242
14.34	-0.03857
14.35	-0.03600
14.36	-0.02487
14.37	-0.00352
14.38	0.00818
14.39	0.01652
14.4	0.01583
14.41	0.01918
14.42	0.00831
14.43	-0.01017
14.44	-0.00815
14.45	-0.00685
14.46	0.00048
14.47	-0.00217
14.48	-0.02616
14.49	-0.04356
14.5	-0.06093
14.51	-0.06540
14.52	-0.05186
14.53	-0.05522
14.54	-0.06637
14.55	-0.05648
14.56	-0.04165
14.57	-0.02125
14.58	-0.00605
14.59	0.00754
14.6	0.04338
14.61	0.07312
14.62	0.08988
14.63	0.08201
14.64	0.04422
14.65	0.01212
14.66	-0.00661
14.67	-0.03365
14.68	-0.02831
14.69	-0.00285
14.7	0.01721
14.71	0.05250
14.72	0.03956
14.73	0.00379
14.74	-0.00201
14.75	-0.00954
14.76	-0.01703
14.77	-0.02301
14.78	-0.02644
14.79	-0.02587
14.8	-0.02022
14.81	-0.02201
14.82	-0.03219
14.83	-0.01383
14.84	0.01007
14.85	0.02561
14.86	0.03151
14.87	0.02210
14.88	0.00626
14.89	-0.01036
14.9	-0.02072
14.91	-0.01873
14.92	-0.01157
14.93	-0.00133
14.94	0.01726
14.95	0.02912
14.96	0.02280
14.97	0.00751
14.98	-0.00225
14.99	0.00315
15	0.00600
15.01	-0.00198
15.02	0.02255
15.03	0.05380
15.04	0.07369
15.05	0.09435
15.06	0.12066
15.07	0.13404
15.08	0.12290
15.09	0.10561
15.1	0.07979
15.11	0.04773
15.12	0.03364
15.13	0.03267
15.14	0.02214
15.15	0.01080
15.16	-0.00409
15.17	-0.01950
15.18	-0.01756
15.19	-0.01036
15.2	-0.00664
15.21	-0.00772
15.22	-0.00721
15.23	-0.02852
15.24	-0.04880
15.25	-0.04105
15.26	-0.05645
15.27	-0.04662
15.28	-0.04016
15.29	-0.06994
15.3	-0.07013
15.31	-0.05745
15.32	-0.06424
15.33	-0.05166
15.34	-0.04295
15.35	-0.05625
15.36	-0.05288
15.37	-0.05107
15.38	-0.06761
15.39	-0.06489
15.4	-0.04316
15.41	-0.02303
15.42	-0.00695
15.43	0.00495
15.44	0.01675
15.45	0.03281
15.46	0.02417
15.47	0.00322
15.48	-0.01130
15.49	-0.00785
15.5	0.00271
15.51	0.00941
15.52	0.00141
15.53	-0.01581
15.54	-0.03863
15.55	-0.05089
15.56	-0.05132
15.57	-0.05290
15.58	-0.05050
15.59	-0.03535
15.6	-0.03247
15.61	-0.02894
15.62	-0.01767
15.63	-0.00419
15.64	-0.00426
15.65	0.00735
15.66	0.01214
15.67	0.01550
15.68	0.02975
15.69	0.03960
15.7	0.04076
15.71	0.03241
15.72	0.01731
15.73	0.00084
15.74	-0.00947
15.75	-0.01705
15.76	-0.03239
15.77	-0.03182
15.78	-0.01710
15.79	-0.00988
15.8	0.01813
15.81	0.04448
15.82	0.04896
15.83	0.05270
15.84	0.04424
15.85	0.02294
15.86	-0.00750
15.87	-0.01317
15.88	0.00140
15.89	0.00458
15.9	-0.00697
15.91	-0.00850
15.92	0.00829
15.93	0.01618
15.94	0.00396
15.95	-0.01679
15.96	-0.04805
15.97	-0.08704
15.98	-0.12311
15.99	-0.15795
16	-0.16736
16.01	-0.15445
16.02	-0.14597
16.03	-0.14126
16.04	-0.12182
16.05	-0.10088
16.06	-0.06676
16.07	-0.03116
16.08	-0.00630
16.09	0.02400
16.1	0.05269
16.11	0.06872
16.12	0.07646
16.13	0.08063
16.14	0.09614
16.15	0.11810
16.16	0.12438
16.17	0.11584
16.18	0.08990
16.19	0.04670
16.2	0.00184
16.21	-0.01612
16.22	-0.02685
16.23	-0.05484
16.24	-0.07241
16.25	-0.04357
16.26	0.00671
16.27	0.05201
16.28	0.08527
16.29	0.08250
16.3	0.06135
16.31	0.04290
16.32	0.00412
16.33	-0.01814
16.34	-0.00317
16.35	0.03108
16.36	0.06014
16.37	0.06797
16.38	0.07758
16.39	0.07024
16.4	0.05040
16.41	0.03016
16.42	-0.01124
16.43	-0.02229
16.44	-0.01626
16.45	0.00170
16.46	0.03538
16.47	0.05589
16.48	0.05348
16.49	0.03155
16.5	0.02429
16.51	0.03743
16.52	0.04343
16.53	0.05164
16.54	0.04034
16.55	0.01495
16.56	0.01561
16.57	0.02072
16.58	0.02142
16.59	0.03460
16.6	0.02973
16.61	-0.00325
16.62	-0.03530
16.63	-0.05766
16.64	-0.07203
16.65	-0.08096
16.66	-0.09258
16.67	-0.09464
16.68	-0.08924
16.69	-0.10101
16.7	-0.09424
16.71	-0.08493
16.72	-0.07434
16.73	-0.03333
16.74	0.00158
16.75	0.02654
16.76	0.05844
16.77	0.07181
16.78	0.06575
16.79	0.05669
16.8	0.02927
16.81	0.00633
16.82	-0.00066
16.83	0.00977
16.84	0.02444
16.85	0.04620
16.86	0.05032
16.87	0.04757
16.88	0.04241
16.89	0.01927
16.9	0.00393
16.91	-0.00711
16.92	-0.03528
16.93	-0.06959
16.94	-0.09018
16.95	-0.10527
16.96	-0.11734
16.97	-0.11473
16.98	-0.10711
16.99	-0.08625
17	-0.04845
17.01	-0.01688
17.02	0.00473
17.03	0.01661
17.04	0.04447
17.05	0.08254
17.06	0.10123
17.07	0.10158
17.08	0.09996
17.09	0.09441
17.1	0.08247
17.11	0.08663
17.12	0.11479
17.13	0.10492
17.14	0.08667
17.15	0.07428
17.16	0.05480
17.17	0.03057
17.18	0.02807
17.19	0.01692
17.2	-0.00077
17.21	0.00288
17.22	0.00676
17.23	0.01973
17.24	0.03712
17.25	0.03380
17.26	0.02871
17.27	0.01388
17.28	-0.00645
17.29	-0.03226
17.3	-0.05714
17.31	-0.06303
17.32	-0.06704
17.33	-0.06758
17.34	-0.08231
17.35	-0.10784
17.36	-0.11059
17.37	-0.09808
17.38	-0.07948
17.39	-0.04525
17.4	-0.03227
17.41	-0.02907
17.42	-0.00716
17.43	-0.00129
17.44	0.00341
17.45	0.00375
17.46	-0.00701
17.47	-0.00688
17.48	0.00057
17.49	0.00237
17.5	-0.01811
17.51	-0.05499
17.52	-0.08812
17.53	-0.10068
17.54	-0.09884
17.55	-0.11926
17.56	-0.14488
17.57	-0.14216
17.58	-0.11459
17.59	-0.07407
17.6	-0.03708
17.61	-0.01330
17.62	-0.00430
17.63	0.00366
17.64	0.00539
17.65	0.00285
17.66	0.01445
17.67	0.00126
17.68	-0.04024
17.69	-0.05331
17.7	-0.05336
17.71	-0.03577
17.72	0.01260
17.73	0.01963
17.74	0.00110
17.75	0.00808
17.76	0.00596
17.77	0.04489
17.78	0.10020
17.79	0.13117
17.8	0.16282
17.81	0.18352
17.82	0.18792
17.83	0.17796
17.84	0.15543
17.85	0.12486
17.86	0.10216
17.87	0.08837
17.88	0.07521
17.89	0.05535
17.9	0.02573
17.91	0.01278
17.92	0.03738
17.93	0.04916
17.94	0.05355
17.95	0.05739
17.96	0.02614
17.97	0.01101
17.98	0.00587
17.99	0.00080
18	0.01774
18.01	0.03731
18.02	0.06057
18.03	0.08359
18.04	0.08493
18.05	0.07762
18.06	0.04963
18.07	-0.02743
18.08	-0.09342
18.09	-0.12206
18.1	-0.15395
18.11	-0.15737
18.12	-0.11989
18.13	-0.09030
18.14	-0.06561
18.15	-0.05829
18.16	-0.05396
18.17	-0.04761
18.18	-0.06332
18.19	-0.07847
18.2	-0.06627
18.21	-0.05034
18.22	-0.05105
18.23	-0.04291
18.24	-0.04374
18.25	-0.05028
18.26	-0.03089
18.27	-0.02899
18.28	-0.06642
18.29	-0.07538
18.3	-0.08073
18.31	-0.09263
18.32	-0.08874
18.33	-0.09917
18.34	-0.07178
18.35	-0.01272
18.36	0.01531
18.37	0.03736
18.38	0.04660
18.39	0.03306
18.4	0.02777
18.41	0.00563
18.42	-0.05378
18.43	-0.08884
18.44	-0.11662
18.45	-0.12310
18.46	-0.07439
18.47	-0.04917
18.48	-0.02562
18.49	0.02912
18.5	0.05273
18.51	0.04584
18.52	0.04432
18.53	0.07479
18.54	0.09932
18.55	0.11308
18.56	0.13951
18.57	0.14153
18.58	0.12535
18.59	0.10413
18.6	0.08218
18.61	0.06515
18.62	0.05782
18.63	0.04859
18.64	0.04977
18.65	0.02618
18.66	-0.00919
18.67	-0.01834
18.68	-0.00514
18.69	0.00754
18.7	0.02895
18.71	0.05469
18.72	0.06017
18.73	0.06283
18.74	0.06857
18.75	0.07159
18.76	0.05388
18.77	0.01337
18.78	-0.00071
18.79	0.02041
18.8	0.05706
18.81	0.06609
18.82	0.06718
18.83	0.06351
18.84	0.04112
18.85	0.01045
18.86	-0.02517
18.87	-0.04740
18.88	-0.03489
18.89	0.00421
18.9	0.05361
18.91	0.08404
18.92	0.08235
18.93	0.06871
18.94	0.04899
18.95	0.02499
18.96	0.01337
18.97	-0.00437
18.98	-0.03777
18.99	-0.06636
19	-0.09360
19.01	-0.12017
19.02	-0.13845
19.03	-0.14951
19.04	-0.13477
19.05	-0.12083
19.06	-0.10479
19.07	-0.08291
19.08	-0.08237
19.09	-0.08370
19.1	-0.08820
19.11	-0.07836
19.12	-0.03400
19.13	0.01895
19.14	0.03864
19.15	0.02264
19.16	0.00788
19.17	-0.00370
19.18	-0.01944
19.19	-0.02156
19.2	-0.02933
19.21	-0.04610
19.22	-0.03911
19.23	-0.02483
19.24	-0.02716
19.25	-0.01130
19.26	0.02886
19.27	0.05806
19.28	0.04485
19.29	-0.00486
19.3	-0.03065
19.31	-0.04362
19.32	-0.06938
19.33	-0.08309
19.34	-0.09387
19.35	-0.08807
19.36	-0.06855
19.37	-0.03366
19.38	0.02651
19.39	0.07197
19.4	0.08374
19.41	0.08915
19.42	0.08849
19.43	0.07449
19.44	0.08356
19.45	0.08425
19.46	0.06650
19.47	0.07790
19.48	0.10750
19.49	0.13342
19.5	0.13790
19.51	0.12241
19.52	0.09862
19.53	0.06628
19.54	0.00354
19.55	-0.04517
19.56	-0.05705
19.57	-0.04630
19.58	-0.01844
19.59	0.00275
19.6	0.00444
19.61	0.00721
19.62	-0.00023
19.63	-0.01793
19.64	-0.04206
19.65	-0.05720
19.66	-0.04532
19.67	-0.01443
19.68	0.01190
19.69	0.00891
19.7	0.00855
19.71	0.02326
19.72	0.04392
19.73	0.07743
19.74	0.10809
19.75	0.12214
19.76	0.11552
19.77	0.09489
19.78	0.07084
19.79	0.04642
19.8	0.01934
19.81	-0.00187
19.82	0.00024
19.83	-0.00148
19.84	-0.01830
19.85	-0.01935
19.86	-0.01954
19.87	-0.03159
19.88	-0.06615
19.89	-0.08367
19.9	-0.05524
19.91	-0.03693
19.92	-0.03885
19.93	-0.03790
19.94	-0.02960
19.95	0.00670
19.96	0.04988
19.97	0.08648
19.98	0.11871
19.99	0.11788
20	0.10328
20.01	0.10274
20.02	0.07334
20.03	0.03932
20.04	0.04208
20.05	0.05819
20.06	0.08378
20.07	0.11415
20.08	0.14362
20.09	0.17037
20.1	0.16692
20.11	0.14173
20.12	0.12506
20.13	0.10691
20.14	0.08657
20.15	0.07284
20.16	0.06945
20.17	0.06252
20.18	0.04955
20.19	0.02274
20.2	-0.01184
20.21	-0.04274
20.22	-0.07115
20.23	-0.10688
20.24	-0.13093
20.25	-0.13316
20.26	-0.12029
20.27	-0.11021
20.28	-0.11265
20.29	-0.11231
20.3	-0.10051
20.31	-0.08435
20.32	-0.06827
20.33	-0.06927
20.34	-0.06604
20.35	-0.04202
20.36	-0.04052
20.37	-0.05436
20.38	-0.06606
20.39	-0.04601
20.4	-0.02830
20.41	-0.04366
20.42	-0.04052
20.43	-0.02030
20.44	-0.00867
20.45	-0.00375
20.46	-0.02122
20.47	-0.05067
20.48	-0.06821
20.49	-0.06856
20.5	-0.06535
20.51	-0.06020
20.52	-0.07818
20.53	-0.10798
20.54	-0.10069
20.55	-0.09769
20.56	-0.10181
20.57	-0.10752
20.58	-0.12866
20.59	-0.12357
20.6	-0.10868
20.61	-0.11075
20.62	-0.08960
20.63	-0.07256
20.64	-0.06231
20.65	-0.02576
20.66	-0.00500
20.67	0.01090
20.68	0.04477
20.69	0.04117
20.7	0.03228
20.71	0.05232
20.72	0.06642
20.73	0.08531
20.74	0.08115
20.75	0.06139
20.76	0.06063
20.77	0.07161
20.78	0.06179
20.79	0.06729
20.8	0.09362
20.81	0.08499
20.82	0.06517
20.83	0.06106
20.84	0.06195
20.85	0.06989
20.86	0.06804
20.87	0.03601
20.88	-0.00603
20.89	-0.03633
20.9	-0.05611
20.91	-0.04898
20.92	-0.01071
20.93	0.00860
20.94	0.02372
20.95	0.02168
20.96	-0.00189
20.97	0.00129
20.98	0.00598
20.99	-0.00455
21	0.01161
21.01	0.02966
21.02	0.03074
21.03	0.03880
21.04	0.03060
21.05	0.01007
21.06	-0.00161
21.07	-0.01661
21.08	-0.02285
21.09	-0.00632
21.1	-0.02004
21.11	-0.04722
21.12	-0.03786
21.13	-0.03268
21.14	-0.03371
21.15	-0.03184
21.16	-0.04617
21.17	-0.03071
21.18	-0.00958
21.19	0.01351
21.2	0.02885
21.21	0.01782
21.22	-0.00581
21.23	-0.03320
21.24	-0.04036
21.25	-0.05301
21.26	-0.06643
21.27	-0.04238
21.28	-0.04384
21.29	-0.05316
21.3	-0.04127
21.31	-0.07673
21.32	-0.09434
21.33	-0.07111
21.34	-0.07996
21.35	-0.06216
21.36	-0.03803
21.37	-0.03804
21.38	-0.03047
21.39	-0.03197
21.4	-0.03983
21.41	-0.05702
21.42	-0.05890
21.43	-0.06337
21.44	-0.06259
21.45	-0.04153
21.46	-0.02678
21.47	-0.00500
21.48	0.02501
21.49	0.03901
21.5	0.04210
21.51	0.02715
21.52	0.01714
21.53	-0.00413
21.54	-0.03295
21.55	-0.05210
21.56	-0.06137
21.57	-0.02851
21.58	-0.00867
21.59	-0.00494
21.6	0.01205
21.61	0.02209
21.62	0.03033
21.63	0.02313
21.64	0.02067
21.65	0.00763
21.66	0.00646
21.67	0.01855
21.68	0.01089
21.69	0.02733
21.7	0.05346
21.71	0.05101
21.72	0.05485
21.73	0.03008
21.74	-0.02084
21.75	-0.05257
21.76	-0.05582
21.77	-0.02318
21.78	0.01870
21.79	0.04403
21.8	0.05924
21.81	0.06664
21.82	0.06528
21.83	0.06330
21.84	0.06255
21.85	0.06614
21.86	0.09703
21.87	0.12525
21.88	0.11803
21.89	0.10079
21.9	0.07936
21.91	0.04705
21.92	0.01211
21.93	-0.00394
21.94	-0.01594
21.95	-0.03981
21.96	-0.03076
21.97	-0.02786
21.98	-0.04561
21.99	-0.05576
22	-0.06844
22.01	-0.05606
22.02	-0.03011
22.03	-0.03165
22.04	-0.03318
22.05	-0.03060
22.06	-0.03391
22.07	-0.04248
22.08	-0.05193
22.09	-0.05482
22.1	-0.02295
22.11	0.00572
22.12	0.02769
22.13	0.03598
22.14	0.03452
22.15	0.03246
22.16	0.02861
22.17	0.03413
22.18	0.04827
22.19	0.05541
22.2	0.06044
22.21	0.05615
22.22	0.03200
22.23	-0.01168
22.24	-0.02435
22.25	-0.00393
22.26	0.01558
22.27	0.01927
22.28	0.01543
22.29	0.01451
22.3	0.02570
22.31	0.01534
22.32	-0.00316
22.33	-0.00155
22.34	0.00554
22.35	0.02171
22.36	0.05541
22.37	0.07695
22.38	0.10472
22.39	0.12244
22.4	0.10895
22.41	0.10271
22.42	0.10544
22.43	0.09172
22.44	0.06101
22.45	0.03581
22.46	0.02722
22.47	0.03434
22.48	0.03749
22.49	0.03237
22.5	0.04883
22.51	0.03973
22.52	0.01618
22.53	0.00472
22.54	-0.01478
22.55	0.01067
22.56	0.04861
22.57	0.04724
22.58	0.05909
22.59	0.07050
22.6	0.07805
22.61	0.07460
22.62	0.03924
22.63	0.03140
22.64	0.07172
22.65	0.10760
22.66	0.08952
22.67	0.07493
22.68	0.08185
22.69	0.06706
22.7	0.06309
22.71	0.03500
22.72	-0.00772
22.73	-0.01929
22.74	-0.01152
22.75	-0.01163
22.76	-0.02554
22.77	-0.01927
22.78	-0.01931
22.79	-0.03842
22.8	-0.03379
22.81	-0.02426
22.82	-0.04183
22.83	-0.04453
22.84	-0.01960
22.85	-0.00733
22.86	-0.02050
22.87	-0.03812
22.88	-0.06068
22.89	-0.06106
22.9	-0.04700
22.91	-0.03017
22.92	-0.02357
22.93	-0.02705
22.94	-0.00810
22.95	0.01734
22.96	0.01144
22.97	0.01373
22.98	0.02943
22.99	0.01541
23	0.01016
23.01	0.02642
23.02	0.03540
23.03	0.05049
23.04	0.06850
23.05	0.07664
23.06	0.04417
23.07	0.00221
23.08	-0.02165
23.09	-0.05191
23.1	-0.07728
23.11	-0.06252
23.12	-0.04283
23.13	-0.04079
23.14	-0.03785
23.15	-0.03244
23.16	-0.02934
23.17	-0.05466
23.18	-0.08574
23.19	-0.08583
23.2	-0.07929
23.21	-0.06790
23.22	-0.02964
23.23	-0.01328
23.24	-0.01950
23.25	-0.01740
23.26	0.00401
23.27	0.00916
23.28	0.00035
23.29	0.02313
23.3	0.01132
23.31	-0.00921
23.32	0.02133
23.33	0.03399
23.34	0.03645
23.35	0.05050
23.36	0.03825
23.37	0.01986
23.38	0.02168
23.39	0.00007
23.4	-0.02030
23.41	-0.04494
23.42	-0.07177
23.43	-0.04822
23.44	-0.02364
23.45	-0.00842
23.46	0.00052
23.47	-0.01527
23.48	-0.05180
23.49	-0.06298
23.5	-0.06276
23.51	-0.06027
23.52	-0.06059
23.53	-0.06888
23.54	-0.06394
23.55	-0.04972
23.56	-0.05729
23.57	-0.08507
23.58	-0.09111
23.59	-0.06159
23.6	-0.05933
23.61	-0.06498
23.62	-0.02424
23.63	0.01430
23.64	0.00940
23.65	-0.02428
23.66	-0.05478
23.67	-0.04869
23.68	-0.02831
23.69	0.00158
23.7	0.02769
23.71	0.03865
23.72	0.05076
23.73	0.07112
23.74	0.05771
23.75	0.03245
23.76	0.01882
23.77	0.00942
23.78	-0.00355
23.79	-0.01423
23.8	0.01627
23.81	0.02706
23.82	0.02014
23.83	0.00649
23.84	-0.01960
23.85	-0.01803
23.86	-0.00395
23.87	-0.00723
23.88	-0.01490
23.89	-0.01098
23.9	0.00194
23.91	0.02105
23.92	0.03911
23.93	0.02541
23.94	0.01012
23.95	-0.00680
23.96	-0.03095
23.97	-0.05594
23.98	-0.06471
23.99	-0.05012
24	-0.05087
24.01	-0.05825
24.02	-0.05439
24.03	-0.06282
24.04	-0.08293
24.05	-0.07903
24.06	-0.05838
24.07	-0.05401
24.08	-0.04539
24.09	-0.03991
24.1	-0.04788
24.11	-0.05062
24.12	-0.05414
24.13	-0.07121
24.14	-0.08979
24.15	-0.07280
24.16	-0.08000
24.17	-0.09390
24.18	-0.06579
24.19	-0.06633
24.2	-0.07769
24.21	-0.05037
24.22	-0.04550
24.23	-0.05540
24.24	-0.05375
24.25	-0.06043
24.26	-0.05730
24.27	-0.04729
24.28	-0.04244
24.29	-0.01849
24.3	0.01467
24.31	0.00859
24.32	0.01597
24.33	0.04271
24.34	0.03287
24.35	0.00529
24.36	-0.04474
24.37	-0.04079
24.38	0.01208
24.39	0.04471
24.4	0.05671
24.41	0.05945
24.42	0.04540
24.43	0.03553
24.44	0.01229
24.45	-0.01261
24.46	-0.01828
24.47	-0.02274
24.48	-0.01488
24.49	0.00950
24.5	0.03104
24.51	0.07270
24.52	0.06437
24.53	0.01167
24.54	0.02048
24.55	0.01523
24.56	0.01860
24.57	0.01852
24.58	-0.01471
24.59	0.00344
24.6	0.00800
24.61	-0.00977
24.62	0.00165
24.63	0.00512
24.64	0.04667
24.65	0.08451
24.66	0.06962
24.67	0.06344
24.68	0.05043
24.69	0.00339
24.7	-0.00568
24.71	-0.00214
24.72	-0.01920
24.73	-0.00776
24.74	0.01818
24.75	0.03976
24.76	0.03956
24.77	0.02453
24.78	0.01498
24.79	-0.01894
24.8	-0.06096
24.81	-0.08935
24.82	-0.09211
24.83	-0.07423
24.84	-0.05935
24.85	-0.04685
24.86	-0.02676
24.87	-0.00244
24.88	0.01073
24.89	0.02724
24.9	0.02813
24.91	-0.00176
24.92	-0.01555
24.93	-0.04433
24.94	-0.07749
24.95	-0.06247
24.96	-0.02249
24.97	-0.01064
24.98	0.00166
24.99	0.01382
25	0.02264
25.01	0.03056
25.02	0.01253
25.03	0.02723
25.04	0.06710
25.05	0.10049
25.06	0.12068
25.07	0.10162
25.08	0.08178
25.09	0.08013
25.1	0.06009
25.11	0.04631
25.12	0.02246
25.13	0.00320
25.14	-0.00572
25.15	-0.00852
25.16	0.00056
25.17	-0.00683
25.18	0.00977
25.19	0.02717
25.2	0.03927
25.21	0.03375
25.22	0.03052
25.23	0.03401
25.24	-0.00092
25.25	-0.02401
25.26	-0.03846
25.27	-0.04901
25.28	-0.02225
25.29	0.01932
25.3	0.04567
25.31	0.04982
25.32	0.06426
25.33	0.06802
25.34	0.04577
25.35	0.02521
25.36	0.00802
25.37	-0.02984
25.38	-0.03324
25.39	-0.02313
25.4	-0.03917
25.41	-0.05458
25.42	-0.06682
25.43	-0.07718
25.44	-0.09539
25.45	-0.10052
25.46	-0.09676
25.47	-0.09749
25.48	-0.07817
25.49	-0.06565
25.5	-0.04682
25.51	0.01091
25.52	0.05673
25.53	0.07325
25.54	0.07367
25.55	0.04466
25.56	0.01488
25.57	0.01713
25.58	0.03177
25.59	0.01238
25.6	-0.01484
25.61	-0.00988
25.62	-0.00241
25.63	0.00074
25.64	0.01344
25.65	0.00276
25.66	-0.01864
25.67	-0.03673
25.68	-0.03706
25.69	-0.00656
25.7	-0.00057
25.71	-0.01498
25.72	0.00210
25.73	0.01727
25.74	0.03551
25.75	0.06350
25.76	0.08828
25.77	0.11165
25.78	0.12224
25.79	0.09061
25.8	0.05102
25.81	0.01574
25.82	-0.02217
25.83	-0.00968
25.84	0.01920
25.85	0.03926
25.86	0.04957
25.87	0.02418
25.88	0.00419
25.89	0.01270
25.9	0.00092
25.91	-0.03651
25.92	-0.04593
25.93	-0.03191
25.94	-0.00426
25.95	0.00959
25.96	0.00376
25.97	-0.01843
25.98	-0.04926
25.99	-0.07814
26	-0.08247
26.01	-0.08157
26.02	-0.08757
26.03	-0.06590
26.04	-0.05608
26.05	-0.08728
26.06	-0.07619
26.07	-0.03417
26.08	0.00162
26.09	0.06440
26.1	0.10175
26.11	0.10313
26.12	0.12047
26.13	0.10993
26.14	0.09269
26.15	0.08644
26.16	0.06818
26.17	0.04628
26.18	0.02679
26.19	-0.00179
26.2	-0.02423
26.21	0.00189
26.22	0.02047
26.23	0.01193
26.24	-0.00122
26.25	-0.01267
26.26	-0.01528
26.27	0.00982
26.28	0.02674
26.29	0.03029
26.3	0.03485
26.31	0.05195
26.32	0.06501
26.33	0.07489
26.34	0.09023
26.35	0.09446
26.36	0.06636
26.37	0.03137
26.38	0.03980
26.39	0.03479
26.4	0.03911
26.41	0.06701
26.42	0.07129
26.43	0.05261
26.44	0.06117
26.45	0.06322
26.46	0.04427
26.47	0.03795
26.48	0.00400
26.49	-0.01081
26.5	-0.00539
26.51	-0.02318
26.52	-0.00519
26.53	0.00253
26.54	-0.00345
26.55	0.02893
26.56	0.04163
26.57	0.01967
26.58	0.01297
26.59	0.00396
26.6	-0.02287
26.61	-0.02898
26.62	-0.03305
26.63	-0.03576
26.64	-0.01546
26.65	-0.00208
26.66	-0.00464
26.67	0.00649
26.68	-0.00087
26.69	-0.00375
26.7	0.01477
26.71	0.01319
26.72	0.02155
26.73	0.04870
26.74	0.03655
26.75	0.00366
26.76	-0.00453
26.77	-0.03045
26.78	-0.05216
26.79	-0.06127
26.8	-0.07249
26.81	-0.05136
26.82	-0.03777
26.83	-0.04181
26.84	-0.01845
26.85	-0.00572
26.86	0.02591
26.87	0.06532
26.88	0.06341
26.89	0.07496
26.9	0.08472
26.91	0.07258
26.92	0.05987
26.93	0.03882
26.94	0.01380
26.95	0.02638
26.96	0.07045
26.97	0.10347
26.98	0.11272
26.99	0.07285
27	0.01425
27.01	-0.02993
27.02	-0.06349
27.03	-0.08434
27.04	-0.08309
27.05	-0.06926
27.06	-0.04991
27.07	-0.02016
27.08	0.00187
27.09	0.01952
27.1	0.03796
27.11	0.04518
27.12	0.03647
27.13	0.03476
27.14	0.05034
27.15	0.06292
27.16	0.04866
27.17	0.03161
27.18	0.01314
27.19	-0.02178
27.2	-0.04309
27.21	-0.05390
27.22	-0.05884
27.23	-0.03968
27.24	-0.04935
27.25	-0.07875
27.26	-0.08289
27.27	-0.09089
27.28	-0.10277
27.29	-0.09975
27.3	-0.09392
27.31	-0.09436
27.32	-0.08906
27.33	-0.07932
27.34	-0.06651
27.35	-0.06106
27.36	-0.06343
27.37	-0.06879
27.38	-0.06268
27.39	-0.03823
27.4	-0.00788
27.41	0.00023
27.42	0.00668
27.43	0.02511
27.44	0.01479
27.45	0.01971
27.46	0.04398
27.47	0.05715
27.48	0.04626
27.49	0.03510
27.5	0.04568
27.51	0.07786
27.52	0.11968
27.53	0.13730
27.54	0.11604
27.55	0.07707
27.56	0.05491
27.57	0.02285
27.58	-0.00551
27.59	-0.00992
27.6	-0.02263
27.61	-0.01544
27.62	0.02204
27.63	0.03022
27.64	0.03865
27.65	0.01370
27.66	-0.04739
27.67	-0.06299
27.68	-0.07540
27.69	-0.08105
27.7	-0.06768
27.71	-0.06875
27.72	-0.05199
27.73	0.00970
27.74	0.05990
27.75	0.07011
27.76	0.06708
27.77	0.03461
27.78	0.00696
27.79	-0.00590
27.8	-0.00707
27.81	0.02575
27.82	0.04360
27.83	0.03779
27.84	0.04159
27.85	0.06307
27.86	0.06219
27.87	0.04336
27.88	0.02047
27.89	0.00377
27.9	-0.00429
27.91	-0.01488
27.92	-0.05778
27.93	-0.09199
27.94	-0.05345
27.95	0.00474
27.96	0.02660
27.97	0.03047
27.98	0.01011
27.99	0.00818
28	0.02588
28.01	0.02779
28.02	0.03160
28.03	0.02840
28.04	-0.00846
28.05	-0.02805
28.06	-0.02813
28.07	-0.04361
28.08	-0.07476
28.09	-0.10055
28.1	-0.12379
28.11	-0.15827
28.12	-0.17866
28.13	-0.19292
28.14	-0.22166
28.15	-0.22121
28.16	-0.19292
28.17	-0.16480
28.18	-0.14046
28.19	-0.11979
28.2	-0.10350
28.21	-0.08093
28.22	-0.05800
28.23	-0.03823
28.24	0.00578
28.25	0.01378
28.26	-0.00618
28.27	-0.01875
28.28	-0.02008
28.29	-0.00010
28.3	0.00218
28.31	0.00005
28.32	0.00649
28.33	0.01613
28.34	0.03832
28.35	0.05953
28.36	0.02369
28.37	-0.00437
28.38	-0.00646
28.39	-0.04686
28.4	-0.07185
28.41	-0.05674
28.42	-0.03092
28.43	-0.00590
28.44	-0.00042
28.45	0.01103
28.46	0.01957
28.47	-0.00353
28.48	-0.02913
28.49	-0.06032
28.5	-0.07464
28.51	-0.06287
28.52	-0.06604
28.53	-0.07700
28.54	-0.04938
28.55	-0.03025
28.56	-0.03536
28.57	-0.06577
28.58	-0.09453
28.59	-0.06927
28.6	-0.03740
28.61	-0.02105
28.62	-0.00585
28.63	-0.00634
28.64	-0.01886
28.65	-0.02077
28.66	-0.02030
28.67	-0.03007
28.68	-0.01979
28.69	0.00736
28.7	0.03297
28.71	0.05964
28.72	0.06146
28.73	0.07220
28.74	0.10727
28.75	0.13488
28.76	0.13768
28.77	0.13790
28.78	0.11115
28.79	0.06185
28.8	0.05418
28.81	0.07470
28.82	0.09275
28.83	0.11391
28.84	0.10508
28.85	0.07693
28.86	0.05736
28.87	0.04671
28.88	0.05515
28.89	0.05807
28.9	0.04551
28.91	0.02441
28.92	0.00761
28.93	0.00249
28.94	0.01688
28.95	0.04040
28.96	0.05696
28.97	0.07124
28.98	0.08708
28.99	0.07930
29	0.04845
29.01	0.05616
29.02	0.07400
29.03	0.07120
29.04	0.06890
29.05	0.07380
29.06	0.04211
29.07	-0.00107
29.08	-0.00487
29.09	-0.01219
29.1	-0.00730
29.11	0.01413
29.12	0.04630
29.13	0.09365
29.14	0.10986
29.15	0.11103
29.16	0.10103
29.17	0.06701
29.18	0.05598
29.19	0.05760
29.2	0.05076
29.21	0.05111
29.22	0.04811
29.23	0.02586
29.24	-0.01903
29.25	-0.09546
29.26	-0.15299
29.27	-0.15141
29.28	-0.13374
29.29	-0.11698
29.3	-0.07685
29.31	-0.05487
29.32	-0.04512
29.33	-0.04885
29.34	-0.03380
29.35	0.04101
29.36	0.09209
29.37	0.07503
29.38	0.04006
29.39	-0.00115
29.4	-0.03308
29.41	-0.03586
29.42	0.01133
29.43	0.08775
29.44	0.12743
29.45	0.10591
29.46	0.03582
29.47	-0.00677
29.48	-0.05026
29.49	-0.13344
29.5	-0.16322
29.51	-0.12458
29.52	-0.09358
29.53	-0.08391
29.54	-0.06530
29.55	-0.06846
29.56	-0.09976
29.57	-0.13519
29.58	-0.13188
29.59	-0.07813
29.6	-0.00221
29.61	0.03993
29.62	0.02165
29.63	-0.01047
29.64	0.00594
29.65	0.03845
29.66	0.07386
29.67	0.08231
29.68	0.05900
29.69	0.03203
29.7	0.03722
29.71	0.04276
29.72	-0.00033
29.73	-0.04879
29.74	-0.08130
29.75	-0.10661
29.76	-0.08324
29.77	-0.04135
29.78	-0.02550
29.79	-0.05965
29.8	-0.08158
29.81	-0.08958
29.82	-0.11669
29.83	-0.09849
29.84	-0.07338
29.85	-0.03873
29.86	0.00283
29.87	0.02683
29.88	0.04033
29.89	0.04955
29.9	0.06119
29.91	0.08770
29.92	0.07964
29.93	0.09605
29.94	0.14273
29.95	0.17772
29.96	0.17452
29.97	0.13088
29.98	0.05355
29.99	-0.01691
30	-0.04420
30.01	-0.05571
30.02	-0.01504
30.03	0.04970
30.04	0.07672
30.05	0.09154
30.06	0.10159
30.07	0.08234
30.08	0.08158
30.09	0.04301
30.1	-0.03026
30.11	-0.06251
30.12	-0.02921
30.13	0.03480
30.14	0.06632
30.15	0.05995
30.16	0.03201
30.17	0.01343
30.18	0.02681
30.19	0.00524
30.2	-0.02970
30.21	-0.03846
30.22	-0.02613
30.23	-0.00883
30.24	-0.00281
30.25	-0.03045
30.26	-0.04118
30.27	-0.02399
30.28	-0.02667
30.29	-0.02368
30.3	-0.02318
30.31	-0.05988
30.32	-0.09483
30.33	-0.12053
30.34	-0.15266
30.35	-0.13806
30.36	-0.07409
30.37	-0.03962
30.38	-0.02808
30.39	-0.01146
30.4	-0.00284
30.41	0.00816
30.42	-0.00377
30.43	-0.04856
30.44	-0.08947
30.45	-0.12386
30.46	-0.14645
30.47	-0.12671
30.48	-0.08059
30.49	-0.04292
30.5	0.00495
30.51	0.03444
30.52	0.01325
30.53	-0.01194
30.54	-0.03323
30.55	-0.05865
30.56	-0.04320
30.57	-0.01160
30.58	0.00506
30.59	0.04330
30.6	0.07103
30.61	0.05970
30.62	0.04550
30.63	0.00442
30.64	-0.03943
30.65	-0.02698
30.66	0.01045
30.67	0.02021
30.68	0.01547
30.69	0.00589
30.7	-0.01989
30.71	-0.01374
30.72	0.02840
30.73	0.03152
30.74	0.02049
30.75	0.02735
30.76	0.01484
30.77	0.00385
30.78	0.01563
30.79	0.03908
30.8	0.04030
30.81	0.04057
30.82	0.05873
30.83	0.03711
30.84	0.02511
30.85	0.01989
30.86	-0.00697
30.87	0.00682
30.88	0.01765
30.89	0.03218
30.9	0.06681
30.91	0.07619
30.92	0.11100
30.93	0.11614
30.94	0.09095
30.95	0.07971
30.96	0.08213
30.97	0.10211
30.98	0.14144
30.99	0.14787
31	0.13531
31.01	0.14289
31.02	0.14321
31.03	0.09509
31.04	0.00499
31.05	-0.06369
31.06	-0.07331
31.07	-0.04035
31.08	-0.00603
31.09	0.00790
31.1	0.01544
31.11	0.03391
31.12	0.02971
31.13	0.02550
31.14	0.03919
31.15	0.04573
31.16	0.04247
31.17	0.06501
31.18	0.06389
31.19	0.01724
31.2	-0.01991
31.21	-0.06552
31.22	-0.11768
31.23	-0.13268
31.24	-0.08456
31.25	0.00495
31.26	0.09016
31.27	0.14312
31.28	0.14283
31.29	0.11435
31.3	0.06818
31.31	-0.00140
31.32	-0.04553
31.33	-0.07913
31.34	-0.13187
31.35	-0.16184
31.36	-0.15770
31.37	-0.10636
31.38	0.01318
31.39	0.12959
31.4	0.17160
31.41	0.13819
31.42	0.08261
31.43	0.03390
31.44	-0.01448
31.45	-0.02762
31.46	-0.03317
31.47	-0.04326
31.48	-0.02394
31.49	-0.00801
31.5	0.02273
31.51	0.06311
31.52	0.06908
31.53	0.04289
31.54	0.00896
31.55	0.01704
31.56	0.06381
31.57	0.10677
31.58	0.12076
31.59	0.08473
31.6	0.03393
31.61	0.01377
31.62	0.01490
31.63	0.03284
31.64	0.05747
31.65	0.06063
31.66	0.04860
31.67	0.05047
31.68	0.07304
31.69	0.09785
31.7	0.08789
31.71	0.06260
31.72	-0.00185
31.73	-0.08186
31.74	-0.10940
31.75	-0.11074
31.76	-0.11256
31.77	-0.07922
31.78	-0.02827
31.79	-0.00908
31.8	0.01213
31.81	0.05558
31.82	0.08137
31.83	0.07506
31.84	0.00698
31.85	-0.07710
31.86	-0.10619
31.87	-0.11066
31.88	-0.08058
31.89	-0.03540
31.9	-0.03012
31.91	-0.03374
31.92	-0.04464
31.93	-0.07250
31.94	-0.08291
31.95	-0.08430
31.96	-0.09302
31.97	-0.09797
31.98	-0.07360
31.99	-0.06615
32	-0.09538
32.01	-0.09698
32.02	-0.08601
32.03	-0.07479
32.04	-0.04098
32.05	-0.00563
32.06	0.02445
32.07	0.04850
32.08	0.06293
32.09	0.05934
32.1	0.05942
32.11	0.07133
32.12	0.04821
32.13	0.02916
32.14	0.01550
32.15	-0.01508
32.16	0.01016
32.17	0.05066
32.18	0.04471
32.19	0.04326
32.2	0.00608
32.21	-0.05780
32.22	-0.10014
32.23	-0.10068
32.24	-0.09123
32.25	-0.05947
32.26	0.00598
32.27	0.06264
32.28	0.09113
32.29	0.12948
32.3	0.15341
32.31	0.13733
32.32	0.10774
32.33	0.07316
32.34	0.04172
32.35	0.02480
32.36	0.01936
32.37	0.04116
32.38	0.06106
32.39	0.06311
32.4	0.05689
32.41	0.05281
32.42	0.05583
32.43	0.05004
32.44	0.03752
32.45	0.02186
32.46	-0.02442
32.47	-0.05792
32.48	-0.07273
32.49	-0.06585
32.5	-0.05680
32.51	-0.05976
32.52	-0.04930
32.53	-0.00777
32.54	0.02093
32.55	0.03718
32.56	0.08606
32.57	0.10571
32.58	0.09386
32.59	0.09116
32.6	0.06134
32.61	0.01544
32.62	-0.01858
32.63	-0.03869
32.64	-0.06383
32.65	-0.07896
32.66	-0.07180
32.67	-0.06525
32.68	-0.05758
32.69	-0.04567
32.7	-0.05852
32.71	-0.07747
32.72	-0.09199
32.73	-0.09214
32.74	-0.06012
32.75	-0.01491
32.76	0.00216
32.77	-0.01870
32.78	-0.04325
32.79	-0.05774
32.8	-0.06832
32.81	-0.08886
32.82	-0.11597
32.83	-0.12804
32.84	-0.11577
32.85	-0.10406
32.86	-0.08942
32.87	-0.07370
32.88	-0.05802
32.89	-0.04818
32.9	-0.05666
32.91	-0.08519
32.92	-0.09154
32.93	-0.09227
32.94	-0.08896
32.95	-0.06328
32.96	-0.02836
32.97	-0.02913
32.98	-0.05093
32.99	-0.06831
33	-0.07402
33.01	-0.06466
33.02	-0.06054
33.03	-0.05606
33.04	-0.02507
33.05	-0.00639
33.06	0.00216
33.07	0.01702
33.08	0.01080
33.09	-0.01584
33.1	-0.02265
33.11	-0.01193
33.12	0.02373
33.13	0.06173
33.14	0.09378
33.15	0.09845
33.16	0.07136
33.17	0.03506
33.18	0.02448
33.19	0.02490
33.2	0.00778
33.21	0.03576
33.22	0.08050
33.23	0.08542
33.24	0.07901
33.25	0.05775
33.26	0.02013
33.27	0.00449
33.28	0.00826
33.29	0.00178
33.3	-0.00507
33.31	-0.00973
33.32	-0.01815
33.33	-0.01357
33.34	-0.01537
33.35	-0.02033
33.36	-0.00284
33.37	0.00745
33.38	0.00759
33.39	0.00000
33.4	-0.02444
33.41	-0.03454
33.42	-0.03147
33.43	-0.01694
33.44	0.02778
33.45	0.06359
33.46	0.06712
33.47	0.04048
33.48	-0.01224
33.49	-0.06339
33.5	-0.07133
33.51	-0.06178
33.52	-0.05264
33.53	-0.01957
33.54	0.03033
33.55	0.05587
33.56	0.04505
33.57	0.00166
33.58	-0.04861
33.59	-0.04350
33.6	-0.00736
33.61	0.01899
33.62	0.02159
33.63	0.01935
33.64	0.00856
33.65	-0.01193
33.66	-0.02537
33.67	-0.00685
33.68	0.03610
33.69	0.05986
33.7	0.04649
33.71	0.01451
33.72	-0.04196
33.73	-0.09282
33.74	-0.09285
33.75	-0.10420
33.76	-0.10211
33.77	-0.08125
33.78	-0.07013
33.79	-0.05444
33.8	-0.04782
33.81	-0.05868
33.82	-0.06163
33.83	-0.05386
33.84	-0.02764
33.85	0.01877
33.86	0.05108
33.87	0.05288
33.88	0.04996
33.89	0.03077
33.9	0.01990
33.91	0.01994
33.92	0.00009
33.93	-0.02069
33.94	-0.02328
33.95	-0.01729
33.96	0.00451
33.97	0.03192
33.98	0.03597
33.99	0.00631
34	-0.01924
34.01	-0.02430
34.02	-0.02228
34.03	-0.02561
34.04	-0.05103
34.05	-0.07064
34.06	-0.06616
34.07	-0.06633
34.08	-0.05327
34.09	-0.04426
34.1	-0.05907
34.11	-0.07270
34.12	-0.06952
34.13	-0.05588
34.14	-0.02557
34.15	-0.00296
34.16	0.01635
34.17	0.02226
34.18	0.01382
34.19	-0.00986
34.2	-0.03902
34.21	-0.06512
34.22	-0.07825
34.23	-0.06579
34.24	-0.03729
34.25	-0.00648
34.26	0.00227
34.27	0.00240
34.28	-0.00385
34.29	-0.01924
34.3	-0.02801
34.31	-0.04019
34.32	-0.06674
34.33	-0.07008
34.34	-0.04499
34.35	-0.00637
34.36	0.02403
34.37	0.02646
34.38	0.00912
34.39	0.00373
34.4	0.01054
34.41	0.00458
34.42	0.00122
34.43	-0.00140
34.44	-0.00452
34.45	0.00648
34.46	0.00936
34.47	-0.01495
34.48	-0.02446
34.49	-0.02083
34.5	-0.01197
34.51	-0.00830
34.52	-0.01594
34.53	-0.03012
34.54	-0.02627
34.55	0.00519
34.56	0.02862
34.57	0.02458
34.58	0.01449
34.59	0.01616
34.6	0.02462
34.61	0.03074
34.62	0.02613
34.63	0.03038
34.64	0.05327
34.65	0.06016
34.66	0.04820
34.67	0.03719
34.68	0.00280
34.69	-0.02660
34.7	-0.01805
34.71	-0.01935
34.72	-0.02994
34.73	-0.00056
34.74	0.01510
34.75	-0.00230
34.76	-0.00163
34.77	0.00983
34.78	0.02078
34.79	0.00017
34.8	-0.03218
34.81	-0.04355
34.82	-0.05056
34.83	-0.06086
34.84	-0.05999
34.85	-0.05315
34.86	-0.04338
34.87	-0.03479
34.88	-0.03303
34.89	-0.04342
34.9	-0.06040
34.91	-0.04767
34.92	-0.03798
34.93	-0.04713
34.94	-0.03020
34.95	-0.02192
34.96	-0.04407
34.97	-0.04730
34.98	-0.03315
34.99	-0.02687
35	-0.02489
35.01	-0.03515
35.02	-0.05027
35.03	-0.05945
35.04	-0.05231
35.05	-0.05009
35.06	-0.04787
35.07	-0.04851
35.08	-0.04204
35.09	-0.01965
35.1	-0.00429
35.11	-0.00103
35.12	0.01452
35.13	0.00752
35.14	0.00411
35.15	0.01288
35.16	0.01850
35.17	0.04944
35.18	0.05780
35.19	0.03271
35.2	0.02915
35.21	0.04462
35.22	0.04856
35.23	0.06161
35.24	0.08530
35.25	0.09593
35.26	0.11197
35.27	0.12530
35.28	0.11672
35.29	0.12577
35.3	0.14468
35.31	0.14512
35.32	0.14247
35.33	0.13663
35.34	0.12243
35.35	0.11858
35.36	0.09002
35.37	0.03458
35.38	0.00054
35.39	-0.00200
35.4	0.01226
35.41	0.03956
35.42	0.06195
35.43	0.06949
35.44	0.06879
35.45	0.06741
35.46	0.07317
35.47	0.07571
35.48	0.06782
35.49	0.04563
35.5	0.04814
35.51	0.07161
35.52	0.08176
35.53	0.08654
35.54	0.08039
35.55	0.06059
35.56	0.04454
35.57	0.02580
35.58	-0.00900
35.59	-0.02979
35.6	-0.03215
35.61	-0.03931
35.62	-0.03505
35.63	-0.02336
35.64	-0.01817
35.65	-0.01809
35.66	-0.01315
35.67	0.00496
35.68	0.02157
35.69	0.02593
35.7	0.02889
35.71	0.02350
35.72	0.01471
35.73	0.00640
35.74	0.00862
35.75	0.02000
35.76	0.01213
35.77	0.00786
35.78	0.01602
35.79	0.02102
35.8	0.02899
35.81	0.03636
35.82	0.02712
35.83	0.00793
35.84	-0.01156
35.85	-0.04066
35.86	-0.06828
35.87	-0.07659
35.88	-0.07454
35.89	-0.06373
35.9	-0.03962
35.91	-0.01650
35.92	-0.01258
35.93	-0.01484
35.94	-0.01318
35.95	-0.00519
35.96	0.02398
35.97	0.05941
35.98	0.07251
35.99	0.06554
36	0.04775
36.01	0.02567
36.02	-0.00603
36.03	-0.03365
36.04	-0.03157
36.05	-0.01976
36.06	-0.00692
36.07	0.01276
36.08	0.03846
36.09	0.04011
36.1	0.02247
36.11	0.01076
36.12	0.00712
36.13	0.01233
36.14	0.02337
36.15	0.03730
36.16	0.05109
36.17	0.04088
36.18	0.00941
36.19	-0.02296
36.2	-0.05788
36.21	-0.06301
36.22	-0.04950
36.23	-0.05508
36.24	-0.05484
36.25	-0.05107
36.26	-0.03520
36.27	0.01212
36.28	0.03853
36.29	0.01753
36.3	-0.00156
36.31	-0.01840
36.32	-0.04102
36.33	-0.05936
36.34	-0.07358
36.35	-0.06207
36.36	-0.02977
36.37	-0.01467
36.38	-0.01723
36.39	-0.00302
36.4	-0.00017
36.41	-0.01516
36.42	-0.00998
36.43	-0.01170
36.44	-0.03098
36.45	-0.01947
36.46	0.01315
36.47	0.03641
36.48	0.05351
36.49	0.05606
36.5	0.05062
36.51	0.05418
36.52	0.04578
36.53	0.01645
36.54	-0.01141
36.55	-0.01962
36.56	-0.01440
36.57	0.00987
36.58	0.05038
36.59	0.08518
36.6	0.09929
36.61	0.10334
36.62	0.11293
36.63	0.10840
36.64	0.07837
36.65	0.05408
36.66	0.04246
36.67	0.04226
36.68	0.05137
36.69	0.05394
36.7	0.05180
36.71	0.05540
36.72	0.06517
36.73	0.07551
36.74	0.08556
36.75	0.08931
36.76	0.07739
36.77	0.05690
36.78	0.03868
36.79	0.03779
36.8	0.04382
36.81	0.05379
36.82	0.06955
36.83	0.06947
36.84	0.06990
36.85	0.07032
36.86	0.06187
36.87	0.06413
36.88	0.05694
36.89	0.04029
36.9	0.03330
36.91	0.03279
36.92	0.02507
36.93	0.02812
36.94	0.03293
36.95	0.02407
36.96	0.01851
36.97	0.02074
36.98	0.00741
36.99	-0.00568
37	-0.01728
37.01	-0.02116
37.02	-0.01837
37.03	-0.01539
37.04	-0.00961
37.05	-0.00018
37.06	0.00446
37.07	0.00820
37.08	0.00676
37.09	0.00287
37.1	0.00518
37.11	0.00326
37.12	0.00107
37.13	0.00546
37.14	-0.00476
37.15	-0.01537
37.16	-0.01126
37.17	-0.02322
37.18	-0.03854
37.19	-0.04490
37.2	-0.05029
37.21	-0.05186
37.22	-0.05061
37.23	-0.04351
37.24	-0.03758
37.25	-0.03024
37.26	-0.03237
37.27	-0.04083
37.28	-0.04400
37.29	-0.03638
37.3	-0.03558
37.31	-0.03698
37.32	-0.02734
37.33	-0.01670
37.34	-0.00654
37.35	-0.00212
37.36	-0.01753
37.37	-0.03938
37.38	-0.05503
37.39	-0.06215
37.4	-0.06505
37.41	-0.05436
37.42	-0.04068
37.43	-0.04293
37.44	-0.03560
37.45	-0.02408
37.46	-0.03043
37.47	-0.03364
37.48	-0.02650
37.49	-0.03138
37.5	-0.03384
37.51	-0.03412
37.52	-0.05208
37.53	-0.06064
37.54	-0.06455
37.55	-0.06551
37.56	-0.04826
37.57	-0.03234
37.58	-0.02973
37.59	-0.03392
37.6	-0.04050
37.61	-0.04808
37.62	-0.04760
37.63	-0.04425
37.64	-0.03856
37.65	-0.04203
37.66	-0.04690
37.67	-0.04090
37.68	-0.03618
37.69	-0.02073
37.7	-0.01068
37.71	-0.02282
37.72	-0.02980
37.73	-0.03949
37.74	-0.04951
37.75	-0.05067
37.76	-0.05137
37.77	-0.04787
37.78	-0.03722
37.79	-0.03450
37.8	-0.03036
37.81	-0.02303
37.82	-0.02766
37.83	-0.03422
37.84	-0.02921
37.85	-0.02371
37.86	-0.00106
37.87	0.01517
37.88	0.01706
37.89	0.02544
37.9	0.02452
37.91	0.01745
37.92	0.02143
37.93	0.02984
37.94	0.03426
37.95	0.03168
37.96	0.03111
37.97	0.02893
37.98	0.03189
37.99	0.03364
38	0.02732
38.01	0.01751
38.02	0.01742
38.03	0.00810
38.04	0.00378
38.05	0.01212
38.06	0.01460
38.07	0.01682
38.08	0.00734
38.09	-0.00291
38.1	-0.01105
38.11	-0.00552
38.12	0.00889
38.13	0.01273
38.14	0.01204
38.15	0.01537
38.16	0.02235
38.17	0.02405
38.18	0.01240
38.19	0.00825
38.2	-0.00204
38.21	-0.01366
38.22	-0.00687
38.23	0.00239
38.24	0.00688
38.25	0.01588
38.26	0.02210
38.27	0.01782
38.28	0.01802
38.29	0.02692
38.3	0.03265
38.31	0.02133
38.32	0.01841
38.33	0.02480
38.34	0.03473
38.35	0.05198
38.36	0.05558
38.37	0.05565
38.38	0.06074
38.39	0.04615
38.4	0.03132
38.41	0.02957
38.42	0.02280
38.43	0.01327
38.44	0.00211
38.45	-0.01009
38.46	-0.01498
38.47	-0.02558
38.48	-0.04100
38.49	-0.04585
38.5	-0.04310
38.51	-0.03925
38.52	-0.02848
38.53	-0.02032
38.54	-0.01303
38.55	0.00020
38.56	-0.00540
38.57	-0.01472
38.58	-0.00835
38.59	-0.00119
38.6	0.00674
38.61	0.01094
38.62	0.01001
38.63	0.00844
38.64	-0.00112
38.65	-0.00954
38.66	-0.01904
38.67	-0.01815
38.68	-0.00830
38.69	-0.00717
38.7	-0.00422
38.71	0.00149
38.72	-0.00625
38.73	-0.00346
38.74	0.00638
38.75	0.01093
38.76	0.02261
38.77	0.02671
38.78	0.02053
38.79	0.02230
38.8	0.02278
38.81	0.01353
38.82	0.02170
38.83	0.03507
38.84	0.03232
38.85	0.03273
38.86	0.03917
38.87	0.03943
38.88	0.03741
38.89	0.04049
38.9	0.03476
38.91	0.02799
38.92	0.02378
38.93	0.01595
38.94	0.01860
38.95	0.02585
38.96	0.02710
38.97	0.02129
38.98	0.02721
38.99	0.03697
39	0.04195
39.01	0.04240
39.02	0.03737
39.03	0.03346
39.04	0.03737
39.05	0.04019
39.06	0.03775
39.07	0.04495
39.08	0.04017
39.09	0.03126
39.1	0.02818
39.11	0.01190
39.12	0.00432
39.13	0.01198
39.14	0.00929
39.15	0.00827
39.16	-0.00104
39.17	-0.02275
39.18	-0.03013
39.19	-0.03959
39.2	-0.04573
39.21	-0.03075
39.22	-0.02262
39.23	-0.02431
39.24	-0.01933
39.25	-0.03164
39.26	-0.03519
39.27	-0.02330
39.28	-0.02728
39.29	-0.03555
39.3	-0.04111
39.31	-0.04208
39.32	-0.04500
39.33	-0.04372
39.34	-0.04473
39.35	-0.04518
39.36	-0.04555
39.37	-0.04128
39.38	-0.03186
39.39	-0.02885
39.4	-0.03059
39.41	-0.03376
39.42	-0.04418
39.43	-0.05321
39.44	-0.05946
39.45	-0.06126
39.46	-0.05483
39.47	-0.04962
39.48	-0.04782
39.49	-0.04473
39.5	-0.04352
39.51	-0.03911
39.52	-0.03349
39.53	-0.03857
39.54	-0.04190
39.55	-0.04228
39.56	-0.03718
39.57	-0.03135
39.58	-0.03098
39.59	-0.03270
39.6	-0.04123
39.61	-0.05045
39.62	-0.04722
39.63	-0.04097
39.64	-0.03764
39.65	-0.03705
39.66	-0.04462
39.67	-0.04682
39.68	-0.04793
39.69	-0.04962
39.7	-0.04262
39.71	-0.03721
39.72	-0.03209
39.73	-0.02516
39.74	-0.02629
39.75	-0.03137
39.76	-0.03307
39.77	-0.03901
39.78	-0.04244
39.79	-0.03974
39.8	-0.02834
39.81	-0.02229
39.82	-0.02999
39.83	-0.03032
39.84	-0.02972
39.85	-0.04208
39.86	-0.04023
39.87	-0.02985
39.88	-0.02087
39.89	-0.01193
39.9	-0.00459
39.91	-0.00412
39.92	-0.01107
39.93	-0.01949
39.94	-0.01726
39.95	-0.00733
39.96	-0.00248
39.97	-0.00095
39.98	-0.00174
39.99	-0.00764
40	-0.00310
40.01	0.00076
40.02	-0.00002
40.03	0.00387
40.04	0.00545
40.05	0.00147
40.06	0.00629
40.07	0.00701
40.08	0.00221
40.09	0.00360
40.1	0.00882
40.11	0.01387
40.12	0.02057
40.13	0.02908
40.14	0.03021
40.15	0.02586
40.16	0.02049
40.17	0.00769
40.18	-0.00037
40.19	0.00226
40.2	0.01076
40.21	0.02354
40.22	0.02565
40.23	0.02688
40.24	0.02803
40.25	0.02025
40.26	0.01067
40.27	0.00844
40.28	0.00257
40.29	0.00383
40.3	0.00788
40.31	0.01227
40.32	0.02061
40.33	0.02487
40.34	0.02085
40.35	0.01841
40.36	0.00966
40.37	0.00068
40.38	-0.00726
40.39	-0.00379
40.4	0.00602
40.41	0.01369
40.42	0.02139
40.43	0.03235
40.44	0.04016
40.45	0.04627
40.46	0.04984
40.47	0.04715
40.48	0.03830
40.49	0.02782
40.5	0.02788
40.51	0.02968
40.52	0.03180
40.53	0.02733
40.54	0.01721
40.55	0.01332
40.56	0.01332
40.57	0.01504
40.58	0.01556
40.59	0.01159
40.6	0.01889
40.61	0.01994
40.62	0.02104
40.63	0.02354
40.64	0.02172
40.65	0.01653
40.66	0.01566
40.67	0.01877
40.68	0.02282
40.69	0.02671
40.7	0.02710
40.71	0.01289
40.72	-0.00409
40.73	-0.01032
40.74	-0.01029
40.75	-0.00650
40.76	-0.00613
40.77	-0.00682
40.78	-0.01613
40.79	-0.02486
40.8	-0.03050
40.81	-0.03594
40.82	-0.03649
40.83	-0.03482
40.84	-0.02867
40.85	-0.02993
40.86	-0.02678
40.87	-0.01642
40.88	-0.00551
40.89	-0.00462
40.9	0.00269
40.91	0.01074
40.92	0.02179
40.93	0.03848
40.94	0.04273
40.95	0.03823
40.96	0.03588
40.97	0.02910
40.98	0.02462
40.99	0.03228
41	0.04163
41.01	0.04019
41.02	0.03522
41.03	0.03003
41.04	0.02980
41.05	0.03412
41.06	0.03154
41.07	0.03080
41.08	0.03526
41.09	0.03485
41.1	0.03299
41.11	0.03548
41.12	0.02894
41.13	0.03031
41.14	0.03370
41.15	0.04023
41.16	0.04464
41.17	0.04878
41.18	0.05147
41.19	0.04982
41.2	0.04734
41.21	0.04632
41.22	0.04272
41.23	0.04527
41.24	0.03859
41.25	0.03902
41.26	0.04057
41.27	0.03473
41.28	0.02964
41.29	0.02147
41.3	0.01241
41.31	0.00315
41.32	0.00030
41.33	0.00792
41.34	0.02017
41.35	0.03618
41.36	0.03912
41.37	0.02853
41.38	0.01679
41.39	0.00647
41.4	0.00502
41.41	0.00113
41.42	-0.00385
41.43	-0.00406
41.44	-0.00284
41.45	-0.00518
41.46	-0.01398
41.47	-0.02628
41.48	-0.03630
41.49	-0.04676
41.5	-0.04897
41.51	-0.04889
41.52	-0.05683
41.53	-0.05688
41.54	-0.05416
41.55	-0.05630
41.56	-0.04901
41.57	-0.04145
41.58	-0.04399
41.59	-0.04218
41.6	-0.03782
41.61	-0.03408
41.62	-0.02391
41.63	-0.01436
41.64	-0.01157
41.65	-0.01375
41.66	-0.01490
41.67	-0.02155
41.68	-0.02769
41.69	-0.03046
41.7	-0.03119
41.71	-0.03109
41.72	-0.02788
41.73	-0.02904
41.74	-0.03142
41.75	-0.03369
41.76	-0.02517
41.77	-0.02129
41.78	-0.02652
41.79	-0.03818
41.8	-0.04622
41.81	-0.04332
41.82	-0.03733
41.83	-0.03353
41.84	-0.03311
41.85	-0.03834
41.86	-0.04452
41.87	-0.04543
41.88	-0.04989
41.89	-0.05543
41.9	-0.05743
41.91	-0.06067
41.92	-0.05644
41.93	-0.04463
41.94	-0.03965
41.95	-0.03731
41.96	-0.03683
41.97	-0.03639
41.98	-0.03597
41.99	-0.03830
42	-0.04167
42.01	-0.04130
42.02	-0.03963
42.03	-0.04263
42.04	-0.04108
42.05	-0.03967
42.06	-0.04167
42.07	-0.03404
42.08	-0.02913
42.09	-0.02670
42.1	-0.01630
42.11	-0.00696
42.12	-0.00470
42.13	-0.00296
42.14	-0.00829
42.15	-0.01607
42.16	-0.02505
42.17	-0.02567
42.18	-0.02074
42.19	-0.01511
42.2	-0.01431
42.21	-0.01452
42.22	-0.01609
42.23	-0.01528
42.24	-0.01917
42.25	-0.02746
42.26	-0.02916
42.27	-0.02645
42.28	-0.02087
42.29	-0.01506
42.3	-0.00392
42.31	0.00516
42.32	0.00695
42.33	0.00558
42.34	0.00139
42.35	0.00210
42.36	0.00713
42.37	0.00354
42.38	0.00132
42.39	0.00475
42.4	0.00916
42.41	0.00775
42.42	0.01382
42.43	0.01571
42.44	0.00754
42.45	0.00080
42.46	0.00609
42.47	0.00485
42.48	0.00901
42.49	0.01571
42.5	0.01271
42.51	0.01192
42.52	0.01920
42.53	0.02593
42.54	0.02561
42.55	0.02141
42.56	0.02040
42.57	0.02417
42.58	0.02480
42.59	0.02851
42.6	0.02633
42.61	0.02492
42.62	0.02293
42.63	0.01461
42.64	0.01331
42.65	0.01697
42.66	0.01969
42.67	0.02104
42.68	0.02190
42.69	0.02557
42.7	0.02638
42.71	0.02469
42.72	0.01895
42.73	0.01317
42.74	0.01590
42.75	0.01823
42.76	0.02018
42.77	0.02836
42.78	0.03346
42.79	0.03610
42.8	0.04018
42.81	0.03678
42.82	0.03383
42.83	0.03614
42.84	0.03747
42.85	0.03748
42.86	0.03702
42.87	0.03251
42.88	0.03344
42.89	0.04059
42.9	0.04441
42.91	0.04538
42.92	0.05039
42.93	0.05238
42.94	0.05294
42.95	0.05535
42.96	0.04719
42.97	0.03660
42.98	0.02613
42.99	0.01788
43	0.01916
43.01	0.01990
43.02	0.02364
43.03	0.02600
43.04	0.02971
43.05	0.02966
43.06	0.02235
43.07	0.01683
43.08	0.01112
43.09	0.00154
43.1	-0.00556
43.11	-0.00183
43.12	0.00181
43.13	0.00107
43.14	0.00386
43.15	0.01241
43.16	0.01928
43.17	0.02100
43.18	0.01324
43.19	0.01018
43.2	0.01083
43.21	0.00684
43.22	0.00648
43.23	0.00744
43.24	0.00672
43.25	0.01234
43.26	0.01260
43.27	0.00503
43.28	0.00182
43.29	0.00055
43.3	-0.00168
43.31	-0.00491
43.32	-0.01250
43.33	-0.01686
43.34	-0.01195
43.35	-0.00563
43.36	0.00489
43.37	0.01247
43.38	-0.00063
43.39	-0.00348
43.4	0.00240
43.41	0.00217
43.42	0.00769
43.43	0.01305
43.44	0.01371
43.45	0.01132
43.46	0.00231
43.47	-0.00645
43.48	-0.00936
43.49	-0.00875
43.5	-0.00679
43.51	0.00156
43.52	0.00721
43.53	0.00073
43.54	0.00327
43.55	0.00359
43.56	-0.00032
43.57	0.00345
43.58	-0.00011
43.59	-0.01499
43.6	-0.02464
43.61	-0.03330
43.62	-0.03290
43.63	-0.02879
43.64	-0.02777
43.65	-0.02228
43.66	-0.01472
43.67	-0.01430
43.68	-0.01406
43.69	-0.01146
43.7	-0.01691
43.71	-0.02446
43.72	-0.02705
43.73	-0.02868
43.74	-0.03116
43.75	-0.02805
43.76	-0.03229
43.77	-0.03192
43.78	-0.02537
43.79	-0.02372
43.8	-0.03045
43.81	-0.04171
43.82	-0.04949
43.83	-0.05102
43.84	-0.05505
43.85	-0.05423
43.86	-0.04808
43.87	-0.04162
43.88	-0.03494
43.89	-0.03356
43.9	-0.03275
43.91	-0.03530
43.92	-0.03687
43.93	-0.03209
43.94	-0.02511
43.95	-0.02339
43.96	-0.02061
43.97	-0.02653
43.98	-0.02485
43.99	-0.01481
44	-0.01020
44.01	-0.00326
44.02	-0.00311
44.03	-0.00887
44.04	-0.01109
44.05	-0.01231
44.06	-0.00968
44.07	-0.00240
44.08	0.00349
44.09	0.01520
44.1	0.02194
44.11	0.02368
44.12	0.01969
44.13	0.01115
44.14	0.00200
44.15	0.00532
44.16	0.01153
44.17	0.01903
44.18	0.02390
44.19	0.02160
44.2	0.01753
44.21	0.02099
44.22	0.02118
44.23	0.02457
44.24	0.02691
44.25	0.03412
44.26	0.03538
44.27	0.03593
44.28	0.03490
44.29	0.02546
44.3	0.01967
44.31	0.01944
44.32	0.02228
44.33	0.02409
44.34	0.02731
44.35	0.02471
44.36	0.01826
44.37	0.01356
44.38	0.01186
44.39	0.00839
44.4	0.00500
44.41	0.00036
44.42	-0.00571
44.43	-0.00516
44.44	0.00289
44.45	0.01179
44.46	0.01648
44.47	0.01919
44.48	0.02099
44.49	0.02158
44.5	0.01394
44.51	0.00818
44.52	0.00735
44.53	0.00869
44.54	0.00694
44.55	0.00554
44.56	-0.00185
44.57	0.00211
44.58	0.00531
44.59	0.00342
44.6	0.00245
44.61	0.00581
44.62	0.00998
44.63	0.01333
44.64	0.01751
44.65	0.01915
44.66	0.02131
44.67	0.02511
44.68	0.02597
44.69	0.02894
44.7	0.03504
44.71	0.03552
44.72	0.03089
44.73	0.02512
44.74	0.01915
44.75	0.01480
44.76	0.01310
44.77	0.01584
44.78	0.02364
44.79	0.03299
44.8	0.03593
44.81	0.03298
44.82	0.03222
44.83	0.03005
44.84	0.02375
44.85	0.02474
44.86	0.02785
44.87	0.03101
44.88	0.03296
44.89	0.03186
44.9	0.02601
44.91	0.01881
44.92	0.01420
44.93	0.00989
44.94	0.00315
44.95	0.00609
44.96	0.01032
44.97	0.01436
44.98	0.01694
44.99	0.02341
45	0.02935
45.01	0.03014
45.02	0.02749
45.03	0.02849
45.04	0.02030
45.05	0.01499
45.06	0.01719
45.07	0.01270
45.08	0.01024
45.09	0.01489
45.1	0.01748
45.11	0.01591
45.12	0.02244
45.13	0.02552
45.14	0.01868
45.15	0.01843
45.16	0.01636
45.17	0.01403
45.18	0.01526
45.19	0.01414
45.2	0.02158
45.21	0.02198
45.22	0.02445
45.23	0.02573
45.24	0.03147
45.25	0.03938
45.26	0.03842
45.27	0.04103
45.28	0.04293
45.29	0.04080
45.3	0.03716
45.31	0.03717
45.32	0.02889
45.33	0.02302
45.34	0.02811
45.35	0.02921
45.36	0.02563
45.37	0.02762
45.38	0.02080
45.39	0.01265
45.4	0.01441
45.41	0.02132
45.42	0.02257
45.43	0.01934
45.44	0.01576
45.45	0.01065
45.46	0.00639
45.47	0.00657
45.48	0.01000
45.49	0.00947
45.5	0.00851
45.51	0.00382
45.52	-0.00401
45.53	-0.00440
45.54	-0.00028
45.55	0.00709
45.56	0.01202
45.57	0.01541
45.58	0.01755
45.59	0.01687
45.6	0.00369
45.61	-0.00635
45.62	-0.00718
45.63	-0.01048
45.64	-0.00650
45.65	-0.00227
45.66	-0.01023
45.67	-0.01556
45.68	-0.01729
45.69	-0.01978
45.7	-0.02288
45.71	-0.02981
45.72	-0.03463
45.73	-0.03919
45.74	-0.04433
45.75	-0.04895
45.76	-0.05258
45.77	-0.05470
45.78	-0.05228
45.79	-0.04942
45.8	-0.04884
45.81	-0.05180
45.82	-0.04811
45.83	-0.04847
45.84	-0.04559
45.85	-0.03999
45.86	-0.03279
45.87	-0.02394
45.88	-0.02476
45.89	-0.02620
45.9	-0.02358
45.91	-0.02425
45.92	-0.02646
45.93	-0.02802
45.94	-0.02690
45.95	-0.02247
45.96	-0.01740
45.97	-0.01490
45.98	-0.01155
45.99	-0.00899
46	-0.00673
46.01	0.00192
46.02	0.00271
46.03	-0.00354
46.04	-0.00484
46.05	-0.00955
46.06	-0.00998
46.07	-0.00873
46.08	-0.01041
46.09	-0.00821
46.1	0.00026
46.11	0.00252
46.12	0.00105
46.13	-0.00146
46.14	-0.00276
46.15	-0.00375
46.16	-0.00484
46.17	-0.00173
46.18	-0.00300
46.19	-0.00757
46.2	-0.01036
46.21	-0.00855
46.22	-0.00709
46.23	-0.00389
46.24	-0.00138
46.25	0.00540
46.26	0.00790
46.27	0.01047
46.28	0.00748
46.29	0.00356
46.3	0.00811
46.31	0.00769
46.32	0.01145
46.33	0.01234
46.34	0.01207
46.35	0.01067
46.36	0.00450
46.37	-0.00215
46.38	-0.00519
46.39	-0.00647
46.4	-0.00730
46.41	0.00049
46.42	0.00502
46.43	0.00197
46.44	0.00289
46.45	-0.00393
46.46	-0.01037
46.47	-0.00980
46.48	-0.01127
46.49	-0.00893
46.5	-0.00956
46.51	-0.00824
46.52	-0.00355
46.53	0.00262
46.54	0.00407
46.55	0.00173
46.56	-0.00257
46.57	-0.00626
46.58	-0.00518
46.59	-0.00606
46.6	-0.00984
46.61	-0.01082
46.62	-0.01238
46.63	-0.01210
46.64	-0.01075
46.65	-0.01018
46.66	-0.00801
46.67	-0.00080
46.68	0.00412
46.69	0.00504
46.7	0.00185
46.71	-0.00709
46.72	-0.01271
46.73	-0.01275
46.74	-0.01261
46.75	-0.00910
46.76	-0.00592
46.77	-0.00512
46.78	-0.00201
46.79	-0.00174
46.8	-0.00158
46.81	-0.00230
46.82	-0.00274
46.83	-0.00184
46.84	-0.00401
46.85	-0.00441
46.86	-0.00658
46.87	-0.00582
46.88	-0.00453
46.89	-0.01294
46.9	-0.01409
46.91	-0.00977
46.92	-0.00851
46.93	-0.01012
46.94	-0.00964
46.95	-0.01294
46.96	-0.01532
46.97	-0.01466
46.98	-0.01662
46.99	-0.01988
47	-0.02077
47.01	-0.02239
47.02	-0.02408
47.03	-0.02799
47.04	-0.02795
47.05	-0.02656
47.06	-0.02814
47.07	-0.01992
47.08	-0.01247
47.09	-0.01210
47.1	-0.01002
47.11	-0.01434
47.12	-0.01643
47.13	-0.01399
47.14	-0.01724
47.15	-0.01505
47.16	-0.01137
47.17	-0.01419
47.18	-0.01584
47.19	-0.01119
47.2	-0.01811
47.21	-0.02216
47.22	-0.02093
47.23	-0.01998
47.24	-0.01040
47.25	-0.00956
47.26	-0.00956
47.27	-0.00514
47.28	-0.00457
47.29	-0.00634
47.3	-0.00907
47.31	-0.01713
47.32	-0.02152
47.33	-0.01780
47.34	-0.01665
47.35	-0.01837
47.36	-0.01482
47.37	-0.01334
47.38	-0.01010
47.39	-0.00666
47.4	-0.00541
47.41	-0.00720
47.42	-0.01044
47.43	-0.01256
47.44	-0.00641
47.45	-0.00196
47.46	0.00154
47.47	0.00867
47.48	0.01200
47.49	0.01139
47.5	0.00966
47.51	0.00506
47.52	-0.00188
47.53	-0.00779
47.54	-0.01185
47.55	-0.01462
47.56	-0.01939
47.57	-0.02429
47.58	-0.02473
47.59	-0.02489
47.6	-0.02629
47.61	-0.02388
47.62	-0.02464
47.63	-0.02921
47.64	-0.03254
47.65	-0.02962
47.66	-0.02793
47.67	-0.02998
47.68	-0.02905
47.69	-0.02450
47.7	-0.02308
47.71	-0.01660
47.72	-0.01253
47.73	-0.01321
47.74	-0.01211
47.75	-0.01150
47.76	-0.01267
47.77	-0.01928
47.78	-0.02300
47.79	-0.01841
47.8	-0.02021
47.81	-0.02277
47.82	-0.01918
47.83	-0.01877
47.84	-0.01767
47.85	-0.01760
47.86	-0.02173
47.87	-0.02698
47.88	-0.03065
47.89	-0.03495
47.9	-0.03773
47.91	-0.03476
47.92	-0.03165
47.93	-0.03134
47.94	-0.02988
47.95	-0.02976
47.96	-0.02466
47.97	-0.02121
47.98	-0.02669
47.99	-0.02619
48	-0.02208
48.01	-0.02002
48.02	-0.01672
48.03	-0.01320
48.04	-0.01318
48.05	-0.01343
48.06	-0.01193
48.07	-0.01131
48.08	-0.00898
48.09	-0.01043
48.1	-0.00945
48.11	-0.01170
48.12	-0.01602
48.13	-0.01613
48.14	-0.01316
48.15	-0.01558
48.16	-0.01446
48.17	-0.01413
48.18	-0.01337
48.19	-0.01272
48.2	-0.01976
48.21	-0.02110
48.22	-0.02069
48.23	-0.02174
48.24	-0.02263
48.25	-0.01808
48.26	-0.01309
48.27	-0.00861
48.28	-0.00653
48.29	-0.01120
48.3	-0.01046
48.31	-0.00922
48.32	-0.00947
48.33	-0.00496
48.34	-0.00627
48.35	-0.00980
48.36	-0.00753
48.37	-0.00625
48.38	-0.00292
48.39	0.00215
48.4	0.00442
48.41	0.00370
48.42	0.00715
48.43	0.00914
48.44	0.00748
48.45	0.00540
48.46	0.00381
48.47	0.00672
48.48	0.01147
48.49	0.01436
48.5	0.01546
48.51	0.01624
48.52	0.01539
48.53	0.01595
48.54	0.01515
48.55	0.01706
48.56	0.01429
48.57	0.01562
48.58	0.01640
48.59	0.01328
48.6	0.01055
48.61	0.01164
48.62	0.01672
48.63	0.01877
48.64	0.02109
48.65	0.01984
48.66	0.01436
48.67	0.01088
48.68	0.01376
48.69	0.01575
48.7	0.01327
48.71	0.01285
48.72	0.01240
48.73	0.01112
48.74	0.00912
48.75	0.00598
48.76	0.00383
48.77	0.00517
48.78	0.01120
48.79	0.01877
48.8	0.02538
48.81	0.02763
48.82	0.02734
48.83	0.02667
48.84	0.02102
48.85	0.02013
48.86	0.02353
48.87	0.01867
48.88	0.01706
48.89	0.01709
48.9	0.01409
48.91	0.00928
48.92	0.00557
48.93	0.00494
48.94	0.00646
48.95	0.00588
48.96	0.00527
48.97	0.00545
48.98	0.00402
48.99	0.00183
49	-0.00428
49.01	-0.00398
49.02	-0.00190
49.03	0.00068
49.04	0.00599
49.05	0.00788
49.06	0.00888
49.07	0.01472
49.08	0.01985
49.09	0.02218
49.1	0.02208
49.11	0.01914
49.12	0.02093
49.13	0.01884
49.14	0.01564
49.15	0.01418
49.16	0.01323
49.17	0.01034
49.18	0.00819
49.19	0.00444
49.2	0.00393
49.21	0.00161
49.22	0.00009
49.23	0.00199
49.24	0.00111
49.25	0.00266
49.26	0.00921
49.27	0.01582
49.28	0.01833
49.29	0.02080
49.3	0.01852
49.31	0.01951
49.32	0.02300
49.33	0.01975
49.34	0.01826
49.35	0.01748
49.36	0.01359
49.37	0.01134
49.38	0.01105
49.39	0.00765
49.4	0.00577
49.41	0.00401
49.42	0.00090
49.43	0.00088
49.44	-0.00029
49.45	-0.00001
49.46	0.00148
49.47	-0.00130
49.48	0.00117
49.49	0.00266
49.5	0.00166
49.51	0.00098
49.52	-0.00393
49.53	-0.00891
49.54	-0.00789
49.55	-0.01042
49.56	-0.01751
49.57	-0.01462
49.58	-0.01179
49.59	-0.00738
49.6	-0.00362
49.61	0.00023
49.62	0.00348
49.63	0.00423
49.64	0.00740
49.65	0.00495
49.66	0.00180
49.67	-0.00052
49.68	-0.00314
49.69	-0.00074
49.7	0.00203
49.71	0.00697
49.72	0.01356
49.73	0.01411
49.74	0.01512
49.75	0.01553
49.76	0.01230
49.77	0.00819
49.78	0.00655
49.79	0.00874
49.8	0.00833
49.81	0.00975
49.82	0.01151
49.83	0.01279
49.84	0.01530
49.85	0.01022
49.86	0.01105
49.87	0.02120
49.88	0.02534
49.89	0.02236
49.9	0.02227
49.91	0.01712
49.92	0.00802
49.93	0.00284
49.94	0.00455
49.95	0.01212
49.96	0.01196
49.97	0.00673
49.98	0.00692
49.99	0.01047
50	0.01474
50.01	0.01510
50.02	0.01292
50.03	0.01185
50.04	0.01060
50.05	0.01793
50.06	0.02063
50.07	0.01794
50.08	0.01823
50.09	0.01952
50.1	0.01902
50.11	0.01914
50.12	0.01754
50.13	0.01652
50.14	0.01407
50.15	0.01535
50.16	0.01147
50.17	0.00965
50.18	0.01229
50.19	0.01632
50.2	0.02851
50.21	0.03687
50.22	0.03634
50.23	0.03281
50.24	0.03117
50.25	0.02537
50.26	0.02159
50.27	0.02426
50.28	0.02446
50.29	0.02783
50.3	0.03077
50.31	0.02943
50.32	0.02644
50.33	0.02525
50.34	0.02316
50.35	0.02437
50.36	0.02599
50.37	0.02562
50.38	0.02387
50.39	0.02372
50.4	0.02189
50.41	0.01521
50.42	0.01597
50.43	0.01526
50.44	0.01420
50.45	0.01503
50.46	0.01540
50.47	0.01558
50.48	0.01664
50.49	0.01429
50.5	0.00915
50.51	0.00641
50.52	0.00272
50.53	-0.00124
50.54	-0.00170
50.55	-0.00527
50.56	-0.00161
50.57	-0.00025
50.58	-0.00303
50.59	-0.00250
50.6	0.00013
50.61	0.00208
50.62	0.00696
50.63	0.00777
50.64	0.00814
50.65	0.00914
50.66	0.00638
50.67	0.00451
50.68	0.00370
50.69	0.00396
50.7	0.00694
50.71	0.01004
50.72	0.01120
50.73	0.01266
50.74	0.01043
50.75	0.01181
50.76	0.00929
50.77	0.00438
50.78	0.00349
50.79	0.00498
50.8	0.00533
50.81	0.00702
50.82	0.00893
50.83	0.00821
50.84	0.00662
50.85	0.00900
50.86	0.01036
50.87	0.01182
50.88	0.01521
50.89	0.01632
50.9	0.01648
50.91	0.01368
50.92	0.01494
50.93	0.01595
50.94	0.01628
50.95	0.01428
50.96	0.01744
50.97	0.01953
50.98	0.01859
50.99	0.01611
51	0.00999
51.01	0.00732
51.02	0.00760
51.03	0.01274
51.04	0.01580
51.05	0.01581
51.06	0.01391
51.07	0.01933
51.08	0.01990
51.09	0.01878
51.1	0.02021
51.11	0.01906
51.12	0.02208
51.13	0.02378
51.14	0.02391
51.15	0.02363
51.16	0.02255
51.17	0.02415
51.18	0.02366
51.19	0.01787
51.2	0.01256
51.21	0.00910
51.22	0.00979
51.23	0.00888
51.24	0.00885
51.25	0.00748
51.26	0.00365
51.27	0.00015
51.28	-0.00247
51.29	-0.00277
51.3	0.00033
51.31	0.00360
51.32	0.00216
51.33	-0.00055
51.34	0.00044
51.35	0.00415
51.36	0.00315
51.37	0.00613
51.38	0.00305
51.39	0.00360
51.4	0.00642
51.41	0.00505
51.42	0.00266
51.43	0.00189
51.44	0.00036
51.45	0.00347
51.46	0.00369
51.47	0.00385
51.48	0.00378
51.49	0.00176
51.5	-0.00456
51.51	-0.00853
51.52	-0.01404
51.53	-0.01578
51.54	-0.01414
51.55	-0.01528
51.56	-0.01913
51.57	-0.01831
51.58	-0.02116
51.59	-0.02447
51.6	-0.02538
51.61	-0.02282
51.62	-0.02283
51.63	-0.02446
51.64	-0.02630
51.65	-0.02615
51.66	-0.03575
51.67	-0.03391
51.68	-0.03062
51.69	-0.02299
51.7	-0.02246
51.71	-0.02173
51.72	-0.01622
51.73	-0.01127
51.74	-0.00878
51.75	-0.00740
51.76	-0.00831
51.77	-0.00789
51.78	-0.00596
51.79	-0.00278
51.8	-0.00406
51.81	0.00110
51.82	0.00254
51.83	0.00371
51.84	0.00382
51.85	0.00364
51.86	0.00824
51.87	0.01396
51.88	0.01657
51.89	0.01727
51.9	0.01433
51.91	0.01559
51.92	0.01818
51.93	0.01304
51.94	0.01018
51.95	0.00979
51.96	0.00624
51.97	0.00626
51.98	0.00401
51.99	0.00456
52	0.00402
52.01	0.00247
52.02	0.00176
52.03	0.00346
52.04	0.00823
52.05	0.00758
52.06	0.00568
52.07	0.00649
52.08	0.00757
52.09	0.00857
52.1	0.01019
52.11	0.00924
52.12	0.00775
52.13	0.00527
52.14	-0.00185
52.15	-0.00686
52.16	-0.00691
52.17	-0.00522
52.18	-0.00011
52.19	-0.00183
52.2	-0.00971
52.21	-0.00715
52.22	-0.00505
52.23	-0.00647
52.24	-0.00365
52.25	-0.00525
52.26	-0.00662
52.27	-0.00524
52.28	-0.00877
52.29	-0.00867
52.3	-0.00913
52.31	-0.00863
52.32	-0.00635
52.33	-0.00691
52.34	-0.00399
52.35	-0.00519
52.36	-0.00504
52.37	-0.00765
52.38	-0.01430
52.39	-0.01147
52.4	-0.00896
52.41	-0.01196
52.42	-0.01030
52.43	-0.00434
52.44	-0.00266
52.45	-0.00136
52.46	-0.00226
52.47	-0.00635
52.48	-0.00778
52.49	-0.01049
52.5	-0.01539
52.51	-0.01697
52.52	-0.01667
52.53	-0.02230
52.54	-0.01847
52.55	-0.01599
52.56	-0.01772
52.57	-0.01672
52.58	-0.01858
52.59	-0.01832
52.6	-0.01339
52.61	-0.01349
52.62	-0.01760
52.63	-0.02056
52.64	-0.02204
52.65	-0.01822
52.66	-0.01490
52.67	-0.01463
52.68	-0.01111
52.69	-0.01060
52.7	-0.00933
52.71	-0.00725
52.72	-0.00968
52.73	-0.01021
52.74	-0.01260
52.75	-0.01100
52.76	-0.00834
52.77	-0.01058
52.78	-0.01173
52.79	-0.00920
52.8	-0.00620
52.81	-0.01080
52.82	-0.01485
52.83	-0.01467
52.84	-0.01749
52.85	-0.01778
52.86	-0.01876
52.87	-0.02138
52.88	-0.02192
52.89	-0.02193
52.9	-0.02120
52.91	-0.01814
52.92	-0.01542
52.93	-0.01405
52.94	-0.01421
52.95	-0.01672
52.96	-0.01659
52.97	-0.01688
52.98	-0.01491
52.99	-0.01277
53	-0.01342
53.01	-0.01108
53.02	-0.01131
53.03	-0.01034
53.04	-0.00458
53.05	-0.00567
53.06	-0.01107
53.07	-0.01653
53.08	-0.01602
53.09	-0.01433
53.1	-0.01446
53.11	-0.01601
53.12	-0.01762
53.13	-0.01758
53.14	-0.01805
53.15	-0.02096
53.16	-0.02590
53.17	-0.02815
53.18	-0.02604
53.19	-0.02247
53.2	-0.01895
53.21	-0.01697
53.22	-0.01402
53.23	-0.01914
53.24	-0.02274
53.25	-0.02411
53.26	-0.02139
53.27	-0.01862
53.28	-0.01739
53.29	-0.01537
53.3	-0.01231
53.31	-0.01239
53.32	-0.00966
53.33	-0.00898
53.34	-0.01024
53.35	-0.01136
53.36	-0.00865
53.37	-0.00843
53.38	-0.00851
53.39	-0.01015
53.4	-0.01459
53.41	-0.01717
53.42	-0.01718
53.43	-0.01532
53.44	-0.00990
53.45	-0.01277
53.46	-0.01373
53.47	-0.01430
53.48	-0.01555
53.49	-0.01430
53.5	-0.01670
53.51	-0.01697
53.52	-0.01794
53.53	-0.01988
53.54	-0.02113
53.55	-0.01979
53.56	-0.01887
53.57	-0.02071
53.58	-0.01976
53.59	-0.02071
53.6	-0.02036
53.61	-0.02164
53.62	-0.02417
53.63	-0.02445
53.64	-0.02358
53.65	-0.02305
53.66	-0.02337
53.67	-0.02317
53.68	-0.02504
53.69	-0.02490
53.7	-0.02516
53.71	-0.02713
53.72	-0.03242
53.73	-0.03055
53.74	-0.02820
53.75	-0.02490
53.76	-0.01970
53.77	-0.01742
53.78	-0.01647
53.79	-0.01359
53.8	-0.01285
53.81	-0.01271
53.82	-0.01319
53.83	-0.01580
53.84	-0.01364
53.85	-0.01391
53.86	-0.01704
53.87	-0.01686
53.88	-0.01708
53.89	-0.01157
53.9	-0.00836
53.91	-0.00728
53.92	-0.00880
53.93	-0.01329
53.94	-0.01110
53.95	-0.00965
53.96	-0.01043
53.97	-0.01250
53.98	-0.01436
53.99	-0.01283
54	-0.01169
54.01	-0.00900
54.02	-0.00831
54.03	-0.00657
54.04	-0.00198
54.05	-0.00104
54.06	-0.00165
54.07	-0.00007
54.08	0.00002
54.09	0.00105
54.1	0.00335
54.11	0.00381
54.12	0.00851
54.13	0.01088
54.14	0.01085
54.15	0.01129
54.16	0.00964
54.17	0.00410
54.18	0.00287
54.19	0.00824
54.2	0.00680
54.21	0.00169
54.22	0.00232
54.23	0.00498
54.24	0.00999
54.25	0.01589
54.26	0.01239
54.27	0.00858
54.28	0.01128
54.29	0.01303
54.3	0.01175
54.31	0.00939
54.32	0.00581
54.33	0.00152
54.34	-0.00293
54.35	-0.00311
54.36	-0.00651
54.37	-0.00873
54.38	-0.00842
54.39	-0.01150
54.4	-0.00829
54.41	-0.00982
54.42	-0.01236
54.43	-0.01216
54.44	-0.00780
54.45	-0.00725
54.46	-0.00677
54.47	-0.00491
54.48	-0.00523
54.49	-0.00332
54.5	-0.00158
54.51	-0.00321
54.52	-0.00443
54.53	-0.00496
54.54	-0.00674
54.55	-0.00738
54.56	-0.00930
54.57	-0.01217
54.58	-0.00945
54.59	-0.00786
54.6	-0.00765
54.61	-0.00300
54.62	-0.00225
54.63	-0.00657
54.64	-0.00864
54.65	-0.01221
54.66	-0.01611
54.67	-0.01732
54.68	-0.01836
54.69	-0.01787
54.7	-0.01610
54.71	-0.01520
54.72	-0.01338
54.73	-0.00818
54.74	-0.00576
54.75	-0.00179
54.76	-0.00401
54.77	-0.00854
54.78	-0.01047
54.79	-0.01194
54.8	-0.01263
54.81	-0.01164
54.82	-0.01247
54.83	-0.01227
54.84	-0.00912
54.85	-0.00731
54.86	-0.00722
54.87	-0.01041
54.88	-0.00922
54.89	-0.00906
54.9	-0.00595
54.91	-0.00383
54.92	-0.00195
54.93	-0.00161
54.94	0.00159
54.95	0.00277
54.96	0.00322
54.97	0.00278
54.98	0.00310
54.99	0.00327
55	0.00302
55.01	0.00042
55.02	0.00011
55.03	-0.00014
55.04	-0.00413
55.05	-0.00461
55.06	-0.00668
55.07	-0.00248
55.08	0.00209
55.09	0.00192
55.1	0.00482
55.11	0.00793
55.12	0.00545
55.13	0.00706
55.14	0.00630
55.15	0.00977
55.16	0.01240
55.17	0.01466
55.18	0.01650
55.19	0.01630
55.2	0.01484
55.21	0.01181
55.22	0.00951
55.23	0.00599
55.24	0.00610
55.25	0.00545
55.26	0.00672
55.27	0.00982
55.28	0.01016
55.29	0.00803
55.3	0.01310
55.31	0.01572
55.32	0.01637
55.33	0.01477
55.34	0.01544
55.35	0.01281
55.36	0.01229
55.37	0.01046
55.38	0.01417
55.39	0.01643
55.4	0.01643
55.41	0.01887
55.42	0.01997
55.43	0.01760
55.44	0.01913
55.45	0.02020
55.46	0.01875
55.47	0.01799
55.48	0.01729
55.49	0.01690
55.5	0.01910
55.51	0.01875
55.52	0.02098
55.53	0.02018
55.54	0.02191
55.55	0.02620
55.56	0.02244
55.57	0.01835
55.58	0.01932
55.59	0.01936
55.6	0.01867
55.61	0.02087
55.62	0.02426
55.63	0.02709
55.64	0.02904
55.65	0.02787
55.66	0.02558
55.67	0.02509
55.68	0.02516
55.69	0.02335
55.7	0.02241
55.71	0.02392
55.72	0.02490
55.73	0.02351
55.74	0.01966
55.75	0.01498
55.76	0.01779
55.77	0.02189
55.78	0.02491
55.79	0.02647
55.8	0.02440
55.81	0.02183
55.82	0.02621
55.83	0.02558
55.84	0.02737
55.85	0.03225
55.86	0.03109
55.87	0.03128
55.88	0.02779
55.89	0.02595
55.9	0.02680
55.91	0.02768
55.92	0.03208
55.93	0.03614
55.94	0.03855
55.95	0.04099
55.96	0.03951
55.97	0.03898
55.98	0.03596
55.99	0.03207
56	0.02930
56.01	0.02891
56.02	0.02704
56.03	0.02570
56.04	0.02727
56.05	0.02439
56.06	0.01974
56.07	0.02170
56.08	0.02149
56.09	0.01848
56.1	0.01742
56.11	0.01488
56.12	0.00967
56.13	0.01013
56.14	0.01175
56.15	0.01277
56.16	0.01588
56.17	0.01592
56.18	0.01738
56.19	0.01985
56.2	0.01847
56.21	0.01395
56.22	0.00803
56.23	0.00573
56.24	0.00534
56.25	0.00794
56.26	0.00594
56.27	0.00761
56.28	0.00955
56.29	0.00926
56.3	0.00817
56.31	0.00882
56.32	0.00989
56.33	0.01049
56.34	0.01172
56.35	0.01193
56.36	0.01410
56.37	0.01373
56.38	0.01478
56.39	0.01398
56.4	0.01699
56.41	0.01667
56.42	0.01913
56.43	0.02210
56.44	0.02349
56.45	0.02475
56.46	0.02420
56.47	0.02290
56.48	0.01992
56.49	0.02089
56.5	0.01506
56.51	0.00986
56.52	0.01353
56.53	0.01302
56.54	0.01505
56.55	0.01932
56.56	0.02166
56.57	0.02093
56.58	0.01868
56.59	0.01534
56.6	0.01506
56.61	0.01433
56.62	0.01570
56.63	0.01349
56.64	0.01484
56.65	0.01246
56.66	0.01189
56.67	0.01102
56.68	0.01298
56.69	0.00856
56.7	0.00666
56.71	0.00316
56.72	0.00154
56.73	0.00376
56.74	0.00400
56.75	0.00061
56.76	0.00135
56.77	0.00174
56.78	-0.00049
56.79	-0.00119
56.8	0.00254
56.81	0.00671
56.82	0.00518
56.83	0.00644
56.84	0.00397
56.85	0.00062
56.86	-0.00144
56.87	-0.00362
56.88	-0.00725
56.89	-0.00959
56.9	-0.00912
56.91	-0.00618
56.92	-0.00688
56.93	-0.00907
56.94	-0.00939
56.95	-0.00521
56.96	-0.00446
56.97	-0.00551
56.98	-0.00663
56.99	-0.00593
57	-0.00747
57.01	-0.00523
57.02	-0.00290
57.03	-0.00421
57.04	-0.00505
57.05	-0.00204
57.06	-0.00233
57.07	-0.00220
57.08	-0.00210
57.09	-0.00139
57.1	0.00181
57.11	0.00464
57.12	0.00552
57.13	0.00668
57.14	0.00783
57.15	0.00766
57.16	0.00634
57.17	0.00239
57.18	0.00049
57.19	-0.00171
57.2	-0.00094
57.21	0.00392
57.22	0.00113
57.23	0.00334
57.24	0.00475
57.25	0.00940
57.26	0.01328
57.27	0.01450
57.28	0.01514
57.29	0.01774
57.3	0.01630
57.31	0.01576
57.32	0.01470
57.33	0.01288
57.34	0.01187
57.35	0.01331
57.36	0.01350
57.37	0.00823
57.38	0.00605
57.39	0.00338
57.4	0.00156
57.41	0.00123
57.42	0.00005
57.43	0.00229
57.44	0.00598
57.45	0.00611
57.46	0.00599
57.47	0.00548
57.48	0.00607
57.49	0.00972
57.5	0.01058
57.51	0.00878
57.52	0.00849
57.53	0.00635
57.54	0.00320
57.55	0.00203
57.56	0.00146
57.57	0.00176
57.58	0.00252
57.59	0.00224
57.6	0.00140
57.61	0.00180
57.62	-0.00041
57.63	-0.00169
57.64	-0.00362
57.65	-0.00582
57.66	-0.00642
57.67	-0.00575
57.68	-0.00441
57.69	-0.00591
57.7	-0.00599
57.71	-0.00787
57.72	-0.01185
57.73	-0.01289
57.74	-0.01580
57.75	-0.01661
57.76	-0.01823
57.77	-0.02039
57.78	-0.02023
57.79	-0.02209
57.8	-0.02147
57.81	-0.01881
57.82	-0.01796
57.83	-0.01504
57.84	-0.01426
57.85	-0.01657
57.86	-0.01955
57.87	-0.02033
57.88	-0.02325
57.89	-0.02277
57.9	-0.02268
57.91	-0.01768
57.92	-0.01650
57.93	-0.01708
57.94	-0.01778
57.95	-0.01888
57.96	-0.01871
57.97	-0.01789
57.98	-0.02057
57.99	-0.02191
58	-0.02094
58.01	-0.02120
58.02	-0.01880
58.03	-0.01578
58.04	-0.01414
58.05	-0.01305
58.06	-0.01421
58.07	-0.01519
58.08	-0.01752
58.09	-0.01877
58.1	-0.01925
58.11	-0.01751
58.12	-0.01521
58.13	-0.01391
58.14	-0.01658
58.15	-0.01500
58.16	-0.01535
58.17	-0.01519
58.18	-0.01506
58.19	-0.01615
58.2	-0.01410
58.21	-0.01193
58.22	-0.01027
58.23	-0.01029
58.24	-0.01197
58.25	-0.01247
58.26	-0.01436
58.27	-0.01258
58.28	-0.01222
58.29	-0.01600
58.3	-0.01804
58.31	-0.02004
58.32	-0.02198
58.33	-0.02231
58.34	-0.02318
58.35	-0.02344
58.36	-0.02216
58.37	-0.02154
58.38	-0.02078
58.39	-0.01902
58.4	-0.01870
58.41	-0.01886
58.42	-0.01762
58.43	-0.01672
58.44	-0.01933
58.45	-0.01801
58.46	-0.01881
58.47	-0.02020
58.48	-0.02242
58.49	-0.02047
58.5	-0.02014
58.51	-0.02075
58.52	-0.01958
58.53	-0.01688
58.54	-0.01696
58.55	-0.01625
58.56	-0.01476
58.57	-0.01318
58.58	-0.01138
58.59	-0.00927
58.6	-0.00850
58.61	-0.00894
58.62	-0.01000
58.63	-0.00883
58.64	-0.01127
58.65	-0.01212
58.66	-0.01289
58.67	-0.01337
58.68	-0.01176
58.69	-0.01069
58.7	-0.01110
58.71	-0.00936
58.72	-0.00981
58.73	-0.00873
58.74	-0.00980
58.75	-0.00942
58.76	-0.00860
58.77	-0.00856
58.78	-0.00947
58.79	-0.00957
58.8	-0.00764
58.81	-0.00697
58.82	-0.00635
58.83	-0.00925
58.84	-0.00986
58.85	-0.00961
58.86	-0.00892
58.87	-0.00796
58.88	-0.00695
58.89	-0.00725
58.9	-0.00685
58.91	-0.00569
58.92	-0.00632
58.93	-0.00617
58.94	-0.00590
58.95	-0.00620
58.96	-0.00507
58.97	-0.00520
58.98	-0.00572
58.99	-0.00608
59	-0.00653
59.01	-0.00680
59.02	-0.00642
59.03	-0.00471
59.04	-0.00388
59.05	-0.00430
59.06	-0.00298
59.07	-0.00288
59.08	-0.00403
59.09	-0.00378
59.1	-0.00438
59.11	-0.00423
59.12	-0.00434
59.13	-0.00243
59.14	-0.00098
59.15	-0.00130
59.16	-0.00082
59.17	-0.00112
59.18	-0.00170
59.19	-0.00112
59.2	-0.00248
59.21	-0.00313
59.22	-0.00212
59.23	-0.00125
59.24	-0.00050
59.25	0.00055
59.26	-0.00006
59.27	-0.00086
59.28	0.00064
59.29	0.00076
59.3	0.00102
59.31	0.00292
59.32	0.00232
59.33	0.00179
59.34	0.00184
59.35	0.00154
59.36	0.00209
59.37	0.00175
59.38	0.00270
59.39	0.00545
59.4	0.00635
59.41	0.00581
59.42	0.00553
59.43	0.00488
59.44	0.00497
59.45	0.00511
59.46	0.00517
59.47	0.00527
59.48	0.00544
59.49	0.00536
59.5	0.00523
59.51	0.00584
59.52	0.00633
59.53	0.00556
59.54	0.00527
59.55	0.00621
59.56	0.00528
59.57	0.00488
59.58	0.00577
59.59	0.00612
59.6	0.00540
59.61	0.00476
59.62	0.00518
59.63	0.00535
59.64	0.00469
59.65	0.00386
59.66	0.00359
59.67	0.00323
59.68	0.00298
59.69	0.00347
59.7	0.00325
59.71	0.00267
59.72	0.00345
59.73	0.00403
59.74	0.00434
59.75	0.00423
59.76	0.00440
59.77	0.00517
59.78	0.00473
59.79	0.00448
59.8	0.00458
59.81	0.00426
59.82	0.00383
59.83	0.00377
59.84	0.00375
59.85	0.00376
59.86	0.00383
59.87	0.00353
59.88	0.00309
59.89	0.00328
59.9	0.00327
59.91	0.00325
59.92	0.00293
59.93	0.00311
59.94	0.00322
59.95	0.00307
59.96	0.00320
59.97	0.00294
59.98	0.00232
59.99	0.00227
60	0.00257
60.01	0.00258
60.02	0.00293
60.03	0.00277
60.04	0.00265
60.05	0.00278
60.06	0.00193
60.07	0.00209
60.08	0.00217
60.09	0.00213
60.1	0.00190
60.11	0.00248
60.12	0.00280
60.13	0.00278
60.14	0.00307
60.15	0.00358
60.16	0.00366
60.17	0.00371
60.18	0.00393
60.19	0.00381
60.2	0.00398
60.21	0.00431
60.22	0.00450
60.23	0.00468
60.24	0.00472
60.25	0.00438
60.26	0.00421
60.27	0.00392
60.28	0.00365
60.29	0.00368
60.3	0.00401
60.31	0.00420
60.32	0.00423
60.33	0.00428
60.34	0.00391
60.35	0.00377
60.36	0.00364
60.37	0.00349
60.38	0.00352
60.39	0.00362
60.4	0.00383
60.41	0.00435
60.42	0.00436
60.43	0.00413
60.44	0.00398
60.45	0.00367
60.46	0.00347
60.47	0.00340
60.48	0.00337
60.49	0.00335
60.5	0.00321
60.51	0.00338
60.52	0.00352
60.53	0.00336
60.54	0.00335
60.55	0.00326
60.56	0.00319
60.57	0.00305
60.58	0.00293
60.59	0.00277
60.6	0.00273
60.61	0.00276
60.62	0.00280
60.63	0.00281
60.64	0.00281
60.65	0.00267
60.66	0.00243
60.67	0.00227
60.68	0.00212
60.69	0.00206
60.7	0.00201
60.71	0.00184
60.72	0.00176
60.73	0.00164
60.74	0.00158
60.75	0.00148
60.76	0.00142
60.77	0.00139
60.78	0.00139
60.79	0.00126
60.8	0.00119
60.81	0.00118
60.82	0.00113
60.83	0.00108
60.84	0.00111
60.85	0.00110
60.86	0.00105
60.87	0.00097
60.88	0.00098
60.89	0.00098
60.9	0.00097
60.91	0.00095
60.92	0.00088
60.93	0.00080
60.94	0.00077
60.95	0.00077
60.96	0.00078
60.97	0.00076
60.98	0.00068
60.99	0.00072
61	0.00073
61.01	0.00068
61.02	0.00068
61.03	0.00064
61.04	0.00057
61.05	0.00056
61.06	0.00050
61.07	0.00045
61.08	0.00042
61.09	0.00043
61.1	0.00041
61.11	0.00037
61.12	0.00035
61.13	0.00033
61.14	0.00032
61.15	0.00030
61.16	0.00028
61.17	0.00024
61.18	0.00023
61.19	0.00022
61.2	0.00020
61.21	0.00018
61.22	0.00019
61.23	0.00017
61.24	0.00015
61.25	0.00013
61.26	0.00011
61.27	0.00011
61.28	0.00009
61.29	0.00008
61.3	0.00007
61.31	0.00006
61.32	0.00005
61.33	0.00005
61.34	0.00005
61.35	0.00004
61.36	0.00002
61.37	0.00001
61.38	0.00000
61.39	-0.00001
61.4	-0.00002
61.41	-0.00003
61.42	-0.00005
61.43	-0.00005
61.44	-0.00005
61.45	-0.00006
61.46	-0.00006
61.47	-0.00007
61.48	-0.00008
61.49	-0.00009
61.5	-0.00010
61.51	-0.00010
61.52	-0.00011
61.53	-0.00011
61.54	-0.00012
61.55	-0.00013
61.56	-0.00013
61.57	-0.00014
61.58	-0.00014
61.59	-0.00014
61.6	-0.00014
61.61	-0.00015
61.62	-0.00015
61.63	-0.00016
61.64	-0.00017
61.65	-0.00017
61.66	-0.00017
61.67	-0.00018
61.68	-0.00018
61.69	-0.00019
61.7	-0.00019
61.71	-0.00020
61.72	-0.00020
61.73	-0.00020
61.74	-0.00021
61.75	-0.00021
61.76	-0.00021
61.77	-0.00022
61.78	-0.00022
61.79	-0.00022
61.8	-0.00023
61.81	-0.00023
61.82	-0.00023
61.83	-0.00023
61.84	-0.00023
61.85	-0.00023
61.86	-0.00023
61.87	-0.00023
61.88	-0.00023
61.89	-0.00024
61.9	-0.00024
61.91	-0.00024
61.92	-0.00024
61.93	-0.00024
61.94	-0.00024