t(s)	a(g)
0	0.00000
0.01	0.00131
0.02	0.00132
0.03	0.00133
0.04	0.00134
0.05	0.00135
0.06	0.00135
0.07	0.00136
0.08	0.00138
0.09	0.00138
0.1	0.00139
0.11	0.00141
0.12	0.00141
0.13	0.00142
0.14	0.00143
0.15	0.00144
0.16	0.00145
0.17	0.00146
0.18	0.00147
0.19	0.00148
0.2	0.00149
0.21	0.00149
0.22	0.00150
0.23	0.00151
0.24	0.00152
0.25	0.00153
0.26	0.00154
0.27	0.00155
0.28	0.00156
0.29	0.00156
0.3	0.00157
0.31	0.00158
0.32	0.00159
0.33	0.00161
0.34	0.00161
0.35	0.00163
0.36	0.00163
0.37	0.00164
0.38	0.00165
0.39	0.00166
0.4	0.00167
0.41	0.00168
0.42	0.00168
0.43	0.00170
0.44	0.00170
0.45	0.00171
0.46	0.00173
0.47	0.00174
0.48	0.00175
0.49	0.00175
0.5	0.00175
0.51	0.00174
0.52	0.00174
0.53	0.00174
0.54	0.00175
0.55	0.00176
0.56	0.00177
0.57	0.00179
0.58	0.00181
0.59	0.00183
0.6	0.00184
0.61	0.00184
0.62	0.00184
0.63	0.00184
0.64	0.00185
0.65	0.00185
0.66	0.00185
0.67	0.00185
0.68	0.00184
0.69	0.00183
0.7	0.00181
0.71	0.00179
0.72	0.00177
0.73	0.00177
0.74	0.00177
0.75	0.00177
0.76	0.00178
0.77	0.00179
0.78	0.00180
0.79	0.00181
0.8	0.00181
0.81	0.00182
0.82	0.00182
0.83	0.00181
0.84	0.00181
0.85	0.00179
0.86	0.00178
0.87	0.00177
0.88	0.00177
0.89	0.00181
0.9	0.00186
0.91	0.00194
0.92	0.00202
0.93	0.00211
0.94	0.00221
0.95	0.00231
0.96	0.00244
0.97	0.00261
0.98	0.00285
0.99	0.00305
1	0.00313
1.01	0.00305
1.02	0.00285
1.03	0.00255
1.04	0.00225
1.05	0.00198
1.06	0.00178
1.07	0.00169
1.08	0.00170
1.09	0.00180
1.1	0.00194
1.11	0.00209
1.12	0.00224
1.13	0.00235
1.14	0.00241
1.15	0.00239
1.16	0.00231
1.17	0.00218
1.18	0.00205
1.19	0.00199
1.2	0.00211
1.21	0.00245
1.22	0.00294
1.23	0.00352
1.24	0.00398
1.25	0.00411
1.26	0.00379
1.27	0.00314
1.28	0.00226
1.29	0.00133
1.3	0.00042
1.31	-0.00025
1.32	-0.00055
1.33	-0.00042
1.34	0.00003
1.35	0.00062
1.36	0.00118
1.37	0.00155
1.38	0.00173
1.39	0.00177
1.4	0.00178
1.41	0.00180
1.42	0.00186
1.43	0.00195
1.44	0.00196
1.45	0.00171
1.46	0.00112
1.47	0.00023
1.48	-0.00085
1.49	-0.00179
1.5	-0.00208
1.51	-0.00145
1.52	-0.00003
1.53	0.00171
1.54	0.00331
1.55	0.00457
1.56	0.00551
1.57	0.00628
1.58	0.00701
1.59	0.00744
1.6	0.00731
1.61	0.00649
1.62	0.00511
1.63	0.00340
1.64	0.00156
1.65	-0.00025
1.66	-0.00203
1.67	-0.00358
1.68	-0.00458
1.69	-0.00482
1.7	-0.00437
1.71	-0.00347
1.72	-0.00238
1.73	-0.00138
1.74	-0.00062
1.75	-0.00011
1.76	0.00025
1.77	0.00058
1.78	0.00093
1.79	0.00121
1.8	0.00131
1.81	0.00122
1.82	0.00100
1.83	0.00094
1.84	0.00122
1.85	0.00194
1.86	0.00288
1.87	0.00363
1.88	0.00385
1.89	0.00344
1.9	0.00258
1.91	0.00165
1.92	0.00145
1.93	0.00260
1.94	0.00516
1.95	0.00851
1.96	0.01117
1.97	0.01189
1.98	0.01037
1.99	0.00726
2	0.00389
2.01	0.00142
2.02	0.00026
2.03	0.00015
2.04	0.00052
2.05	0.00084
2.06	0.00085
2.07	0.00058
2.08	0.00018
2.09	-0.00018
2.1	-0.00045
2.11	-0.00059
2.12	-0.00080
2.13	-0.00142
2.14	-0.00270
2.15	-0.00461
2.16	-0.00686
2.17	-0.00866
2.18	-0.00931
2.19	-0.00866
2.2	-0.00699
2.21	-0.00486
2.22	-0.00275
2.23	-0.00088
2.24	0.00073
2.25	0.00173
2.26	0.00161
2.27	0.00018
2.28	-0.00238
2.29	-0.00560
2.3	-0.00904
2.31	-0.01222
2.32	-0.01423
2.33	-0.01453
2.34	-0.01322
2.35	-0.01083
2.36	-0.00799
2.37	-0.00527
2.38	-0.00315
2.39	-0.00186
2.4	-0.00124
2.41	-0.00088
2.42	0.00004
2.43	0.00218
2.44	0.00564
2.45	0.00975
2.46	0.01313
2.47	0.01483
2.48	0.01478
2.49	0.01347
2.5	0.01156
2.51	0.00957
2.52	0.00776
2.53	0.00610
2.54	0.00447
2.55	0.00275
2.56	0.00089
2.57	-0.00089
2.58	-0.00223
2.59	-0.00288
2.6	-0.00288
2.61	-0.00248
2.62	-0.00195
2.63	-0.00146
2.64	-0.00112
2.65	-0.00113
2.66	-0.00181
2.67	-0.00326
2.68	-0.00532
2.69	-0.00774
2.7	-0.01027
2.71	-0.01276
2.72	-0.01506
2.73	-0.01644
2.74	-0.01616
2.75	-0.01400
2.76	-0.01040
2.77	-0.00606
2.78	-0.00156
2.79	0.00239
2.8	0.00451
2.81	0.00399
2.82	0.00101
2.83	-0.00353
2.84	-0.00759
2.85	-0.00918
2.86	-0.00764
2.87	-0.00357
2.88	0.00181
2.89	0.00735
2.9	0.01240
2.91	0.01590
2.92	0.01651
2.93	0.01381
2.94	0.00844
2.95	0.00155
2.96	-0.00576
2.97	-0.01284
2.98	-0.01900
2.99	-0.02261
3	-0.02256
3.01	-0.01906
3.02	-0.01323
3.03	-0.00641
3.04	0.00037
3.05	0.00669
3.06	0.01263
3.07	0.01762
3.08	0.01909
3.09	0.01507
3.1	0.00559
3.11	-0.00726
3.12	-0.01902
3.13	-0.02577
3.14	-0.02640
3.15	-0.02232
3.16	-0.01601
3.17	-0.00965
3.18	-0.00437
3.19	-0.00102
3.2	-0.00042
3.21	-0.00256
3.22	-0.00674
3.23	-0.01194
3.24	-0.01739
3.25	-0.02264
3.26	-0.02763
3.27	-0.03178
3.28	-0.03294
3.29	-0.02949
3.3	-0.02148
3.31	-0.01029
3.32	0.00225
3.33	0.01478
3.34	0.02608
3.35	0.03449
3.36	0.03927
3.37	0.04096
3.38	0.04080
3.39	0.04010
3.4	0.03961
3.41	0.03930
3.42	0.03831
3.43	0.03596
3.44	0.03218
3.45	0.02739
3.46	0.02219
3.47	0.01704
3.48	0.01213
3.49	0.00711
3.5	0.00118
3.51	-0.00611
3.52	-0.01466
3.53	-0.02400
3.54	-0.03348
3.55	-0.04123
3.56	-0.04502
3.57	-0.04415
3.58	-0.03956
3.59	-0.03300
3.6	-0.02605
3.61	-0.01964
3.62	-0.01392
3.63	-0.00860
3.64	-0.00328
3.65	0.00226
3.66	0.00724
3.67	0.00972
3.68	0.00848
3.69	0.00377
3.7	-0.00308
3.71	-0.00944
3.72	-0.01278
3.73	-0.01233
3.74	-0.00889
3.75	-0.00397
3.76	0.00096
3.77	0.00414
3.78	0.00406
3.79	0.00052
3.8	-0.00536
3.81	-0.01097
3.82	-0.01386
3.83	-0.01320
3.84	-0.00974
3.85	-0.00513
3.86	-0.00145
3.87	0.00005
3.88	-0.00064
3.89	-0.00233
3.9	-0.00349
3.91	-0.00316
3.92	-0.00135
3.93	0.00140
3.94	0.00426
3.95	0.00552
3.96	0.00325
3.97	-0.00304
3.98	-0.01124
3.99	-0.01706
4	-0.01752
4.01	-0.01236
4.02	-0.00341
4.03	0.00641
4.04	0.01450
4.05	0.01986
4.06	0.02298
4.07	0.02505
4.08	0.02716
4.09	0.02986
4.1	0.03308
4.11	0.03581
4.12	0.03654
4.13	0.03457
4.14	0.03033
4.15	0.02475
4.16	0.01887
4.17	0.01329
4.18	0.00815
4.19	0.00331
4.2	-0.00150
4.21	-0.00644
4.22	-0.01122
4.23	-0.01502
4.24	-0.01732
4.25	-0.01818
4.26	-0.01813
4.27	-0.01813
4.28	-0.01951
4.29	-0.02298
4.3	-0.02821
4.31	-0.03334
4.32	-0.03620
4.33	-0.03587
4.34	-0.03283
4.35	-0.02845
4.36	-0.02434
4.37	-0.02147
4.38	-0.01990
4.39	-0.01889
4.4	-0.01749
4.41	-0.01516
4.42	-0.01190
4.43	-0.00808
4.44	-0.00415
4.45	-0.00039
4.46	0.00313
4.47	0.00650
4.48	0.00985
4.49	0.01327
4.5	0.01678
4.51	0.02023
4.52	0.02245
4.53	0.02201
4.54	0.01849
4.55	0.01256
4.56	0.00535
4.57	-0.00181
4.58	-0.00746
4.59	-0.01090
4.6	-0.01236
4.61	-0.01263
4.62	-0.01258
4.63	-0.01275
4.64	-0.01327
4.65	-0.01403
4.66	-0.01483
4.67	-0.01552
4.68	-0.01597
4.69	-0.01543
4.7	-0.01295
4.71	-0.00827
4.72	-0.00189
4.73	0.00508
4.74	0.01044
4.75	0.01241
4.76	0.01072
4.77	0.00639
4.78	0.00094
4.79	-0.00378
4.8	-0.00634
4.81	-0.00641
4.82	-0.00467
4.83	-0.00212
4.84	0.00038
4.85	0.00248
4.86	0.00419
4.87	0.00577
4.88	0.00741
4.89	0.00913
4.9	0.00977
4.91	0.00740
4.92	0.00111
4.93	-0.00834
4.94	-0.01747
4.95	-0.02220
4.96	-0.02090
4.97	-0.01452
4.98	-0.00615
4.99	0.00018
5	0.00213
5.01	-0.00023
5.02	-0.00516
5.03	-0.01018
5.04	-0.01351
5.05	-0.01468
5.06	-0.01430
5.07	-0.01338
5.08	-0.01268
5.09	-0.01250
5.1	-0.01276
5.11	-0.01314
5.12	-0.01342
5.13	-0.01349
5.14	-0.01340
5.15	-0.01327
5.16	-0.01316
5.17	-0.01277
5.18	-0.01132
5.19	-0.00831
5.2	-0.00385
5.21	0.00154
5.22	0.00724
5.23	0.01241
5.24	0.01581
5.25	0.01689
5.26	0.01600
5.27	0.01392
5.28	0.01152
5.29	0.00938
5.3	0.00844
5.31	0.00953
5.32	0.01270
5.33	0.01741
5.34	0.02273
5.35	0.02657
5.36	0.02627
5.37	0.02080
5.38	0.01117
5.39	0.00065
5.4	-0.00696
5.41	-0.00982
5.42	-0.00847
5.43	-0.00473
5.44	-0.00080
5.45	0.00126
5.46	0.00066
5.47	-0.00212
5.48	-0.00604
5.49	-0.01005
5.5	-0.01360
5.51	-0.01616
5.52	-0.01675
5.53	-0.01497
5.54	-0.01118
5.55	-0.00619
5.56	-0.00081
5.57	0.00433
5.58	0.00834
5.59	0.01052
5.6	0.01088
5.61	0.00997
5.62	0.00849
5.63	0.00701
5.64	0.00578
5.65	0.00476
5.66	0.00376
5.67	0.00174
5.68	-0.00247
5.69	-0.00906
5.7	-0.01621
5.71	-0.02092
5.72	-0.02142
5.73	-0.01794
5.74	-0.01194
5.75	-0.00530
5.76	0.00018
5.77	0.00365
5.78	0.00526
5.79	0.00583
5.8	0.00619
5.81	0.00685
5.82	0.00791
5.83	0.00906
5.84	0.00957
5.85	0.00894
5.86	0.00715
5.87	0.00461
5.88	0.00198
5.89	0.00022
5.9	-0.00015
5.91	0.00078
5.92	0.00248
5.93	0.00441
5.94	0.00616
5.95	0.00696
5.96	0.00599
5.97	0.00307
5.98	-0.00137
5.99	-0.00659
6	-0.01187
6.01	-0.01593
6.02	-0.01745
6.03	-0.01606
6.04	-0.01243
6.05	-0.00764
6.06	-0.00267
6.07	0.00197
6.08	0.00603
6.09	0.00895
6.1	0.01024
6.11	0.00993
6.12	0.00848
6.13	0.00652
6.14	0.00449
6.15	0.00268
6.16	0.00125
6.17	0.00031
6.18	-0.00025
6.19	-0.00055
6.2	-0.00092
6.21	-0.00195
6.22	-0.00398
6.23	-0.00694
6.24	-0.01049
6.25	-0.01425
6.26	-0.01787
6.27	-0.02030
6.28	-0.02024
6.29	-0.01731
6.3	-0.01208
6.31	-0.00564
6.32	0.00078
6.33	0.00567
6.34	0.00821
6.35	0.00864
6.36	0.00777
6.37	0.00651
6.38	0.00555
6.39	0.00564
6.4	0.00731
6.41	0.01048
6.42	0.01464
6.43	0.01922
6.44	0.02377
6.45	0.02765
6.46	0.02916
6.47	0.02695
6.48	0.02102
6.49	0.01256
6.5	0.00333
6.51	-0.00484
6.52	-0.01111
6.53	-0.01566
6.54	-0.01925
6.55	-0.02240
6.56	-0.02494
6.57	-0.02668
6.58	-0.02828
6.59	-0.03080
6.6	-0.03472
6.61	-0.03948
6.62	-0.04265
6.63	-0.04208
6.64	-0.03730
6.65	-0.02938
6.66	-0.02030
6.67	-0.01210
6.68	-0.00580
6.69	-0.00125
6.7	0.00231
6.71	0.00564
6.72	0.00831
6.73	0.00921
6.74	0.00784
6.75	0.00448
6.76	-0.00012
6.77	-0.00516
6.78	-0.01007
6.79	-0.01467
6.8	-0.01880
6.81	-0.02177
6.82	-0.02295
6.83	-0.02239
6.84	-0.02056
6.85	-0.01786
6.86	-0.01390
6.87	-0.00826
6.88	-0.00122
6.89	0.00648
6.9	0.01422
6.91	0.02149
6.92	0.02715
6.93	0.03001
6.94	0.02987
6.95	0.02752
6.96	0.02467
6.97	0.02301
6.98	0.02332
6.99	0.02536
7	0.02835
7.01	0.03146
7.02	0.03426
7.03	0.03665
7.04	0.03834
7.05	0.03775
7.06	0.03367
7.07	0.02682
7.08	0.01883
7.09	0.01122
7.1	0.00496
7.11	0.00080
7.12	-0.00126
7.13	-0.00182
7.14	-0.00168
7.15	-0.00148
7.16	-0.00151
7.17	-0.00178
7.18	-0.00212
7.19	-0.00228
7.2	-0.00200
7.21	-0.00122
7.22	-0.00008
7.23	0.00122
7.24	0.00252
7.25	0.00375
7.26	0.00489
7.27	0.00599
7.28	0.00661
7.29	0.00588
7.3	0.00336
7.31	-0.00076
7.32	-0.00585
7.33	-0.01131
7.34	-0.01679
7.35	-0.02222
7.36	-0.02751
7.37	-0.03167
7.38	-0.03358
7.39	-0.03297
7.4	-0.03037
7.41	-0.02675
7.42	-0.02297
7.43	-0.01949
7.44	-0.01637
7.45	-0.01347
7.46	-0.01056
7.47	-0.00751
7.48	-0.00433
7.49	-0.00107
7.5	0.00219
7.51	0.00541
7.52	0.00854
7.53	0.01117
7.54	0.01277
7.55	0.01314
7.56	0.01282
7.57	0.01270
7.58	0.01347
7.59	0.01517
7.6	0.01756
7.61	0.02019
7.62	0.02274
7.63	0.02509
7.64	0.02721
7.65	0.02855
7.66	0.02828
7.67	0.02613
7.68	0.02240
7.69	0.01776
7.7	0.01227
7.71	0.00544
7.72	-0.00190
7.73	-0.00765
7.74	-0.01047
7.75	-0.01029
7.76	-0.00811
7.77	-0.00514
7.78	-0.00232
7.79	-0.00006
7.8	0.00135
7.81	0.00128
7.82	-0.00053
7.83	-0.00383
7.84	-0.00802
7.85	-0.01251
7.86	-0.01668
7.87	-0.01979
7.88	-0.02159
7.89	-0.02228
7.9	-0.02235
7.91	-0.02226
7.92	-0.02231
7.93	-0.02255
7.94	-0.02290
7.95	-0.02305
7.96	-0.02220
7.97	-0.01982
7.98	-0.01597
7.99	-0.01115
8	-0.00594
8.01	-0.00079
8.02	0.00412
8.03	0.00884
8.04	0.01348
8.05	0.01817
8.06	0.02253
8.07	0.02560
8.08	0.02681
8.09	0.02626
8.1	0.02458
8.11	0.02249
8.12	0.02052
8.13	0.01883
8.14	0.01734
8.15	0.01524
8.16	0.01118
8.17	0.00460
8.18	-0.00270
8.19	-0.00769
8.2	-0.00865
8.21	-0.00575
8.22	-0.00042
8.23	0.00567
8.24	0.01073
8.25	0.01261
8.26	0.01036
8.27	0.00461
8.28	-0.00301
8.29	-0.00946
8.3	-0.01121
8.31	-0.00693
8.32	0.00238
8.33	0.01441
8.34	0.02699
8.35	0.03843
8.36	0.04579
8.37	0.04658
8.38	0.04069
8.39	0.03022
8.4	0.01815
8.41	0.00657
8.42	-0.00457
8.43	-0.01648
8.44	-0.02802
8.45	-0.03518
8.46	-0.03524
8.47	-0.02832
8.48	-0.01689
8.49	-0.00456
8.5	0.00585
8.51	0.01344
8.52	0.01883
8.53	0.02330
8.54	0.02756
8.55	0.03042
8.56	0.03042
8.57	0.02710
8.58	0.02115
8.59	0.01380
8.6	0.00621
8.61	-0.00095
8.62	-0.00758
8.63	-0.01339
8.64	-0.01715
8.65	-0.01810
8.66	-0.01643
8.67	-0.01276
8.68	-0.00681
8.69	0.00175
8.7	0.01127
8.71	0.01913
8.72	0.02387
8.73	0.02556
8.74	0.02532
8.75	0.02447
8.76	0.02408
8.77	0.02607
8.78	0.03248
8.79	0.04228
8.8	0.05144
8.81	0.05662
8.82	0.05693
8.83	0.05367
8.84	0.04912
8.85	0.04516
8.86	0.04253
8.87	0.04098
8.88	0.03935
8.89	0.03628
8.9	0.03131
8.91	0.02606
8.92	0.02440
8.93	0.02887
8.94	0.03921
8.95	0.05183
8.96	0.06169
8.97	0.06585
8.98	0.06440
8.99	0.05943
9	0.05345
9.01	0.04804
9.02	0.04349
9.03	0.03937
9.04	0.03551
9.05	0.03227
9.06	0.02990
9.07	0.02841
9.08	0.02757
9.09	0.02704
9.1	0.02655
9.11	0.02594
9.12	0.02416
9.13	0.01789
9.14	0.00535
9.15	-0.01015
9.16	-0.02347
9.17	-0.03147
9.18	-0.03386
9.19	-0.03120
9.2	-0.02424
9.21	-0.01424
9.22	-0.00277
9.23	0.00702
9.24	0.01155
9.25	0.00959
9.26	0.00232
9.27	-0.00767
9.28	-0.01754
9.29	-0.02538
9.3	-0.03088
9.31	-0.03480
9.32	-0.03837
9.33	-0.04396
9.34	-0.05211
9.35	-0.06053
9.36	-0.06693
9.37	-0.07039
9.38	-0.07135
9.39	-0.07102
9.4	-0.07056
9.41	-0.07063
9.42	-0.07132
9.43	-0.07236
9.44	-0.07340
9.45	-0.07349
9.46	-0.06980
9.47	-0.06005
9.48	-0.04466
9.49	-0.02696
9.5	-0.01064
9.51	0.00238
9.52	0.01217
9.53	0.02011
9.54	0.02768
9.55	0.03504
9.56	0.03990
9.57	0.04038
9.58	0.03630
9.59	0.02895
9.6	0.02029
9.61	0.01328
9.62	0.01049
9.63	0.01240
9.64	0.01778
9.65	0.02469
9.66	0.03147
9.67	0.03732
9.68	0.04226
9.69	0.04595
9.7	0.04638
9.71	0.04223
9.72	0.03375
9.73	0.02239
9.74	0.01000
9.75	-0.00146
9.76	-0.01095
9.77	-0.01851
9.78	-0.02488
9.79	-0.03093
9.8	-0.03723
9.81	-0.04319
9.82	-0.04619
9.83	-0.04416
9.84	-0.03706
9.85	-0.02689
9.86	-0.01686
9.87	-0.00921
9.88	-0.00445
9.89	-0.00175
9.9	0.00018
9.91	0.00241
9.92	0.00542
9.93	0.00920
9.94	0.01342
9.95	0.01760
9.96	0.02018
9.97	0.01893
9.98	0.01304
9.99	0.00382
10	-0.00616
10.01	-0.01487
10.02	-0.02160
10.03	-0.02673
10.04	-0.03118
10.05	-0.03490
10.06	-0.03554
10.07	-0.03103
10.08	-0.02135
10.09	-0.00876
10.1	0.00377
10.11	0.01436
10.12	0.02265
10.13	0.02897
10.14	0.03344
10.15	0.03631
10.16	0.03802
10.17	0.03904
10.18	0.03979
10.19	0.04051
10.2	0.04130
10.21	0.04204
10.22	0.04122
10.23	0.03679
10.24	0.02798
10.25	0.01559
10.26	0.00123
10.27	-0.01268
10.28	-0.02180
10.29	-0.02304
10.3	-0.01651
10.31	-0.00471
10.32	0.00910
10.33	0.01937
10.34	0.01779
10.35	0.00205
10.36	-0.02246
10.37	-0.04840
10.38	-0.07068
10.39	-0.08740
10.4	-0.09668
10.41	-0.09739
10.42	-0.09073
10.43	-0.08006
10.44	-0.06919
10.45	-0.06044
10.46	-0.05421
10.47	-0.04965
10.48	-0.04552
10.49	-0.04104
10.5	-0.03630
10.51	-0.03188
10.52	-0.02825
10.53	-0.02547
10.54	-0.02329
10.55	-0.02132
10.56	-0.01929
10.57	-0.01708
10.58	-0.01493
10.59	-0.01342
10.6	-0.01292
10.61	-0.01340
10.62	-0.01450
10.63	-0.01581
10.64	-0.01706
10.65	-0.01814
10.66	-0.01909
10.67	-0.01999
10.68	-0.02101
10.69	-0.02315
10.7	-0.02797
10.71	-0.03614
10.72	-0.04714
10.73	-0.05954
10.74	-0.06970
10.75	-0.07339
10.76	-0.06913
10.77	-0.05807
10.78	-0.04233
10.79	-0.02437
10.8	-0.00831
10.81	0.00170
10.82	0.00435
10.83	0.00115
10.84	-0.00516
10.85	-0.01213
10.86	-0.01848
10.87	-0.02402
10.88	-0.02959
10.89	-0.03655
10.9	-0.04557
10.91	-0.05644
10.92	-0.06833
10.93	-0.07925
10.94	-0.08643
10.95	-0.08863
10.96	-0.08652
10.97	-0.08191
10.98	-0.07603
10.99	-0.06621
11	-0.04995
11.01	-0.02873
11.02	-0.00596
11.03	0.01334
11.04	0.02471
11.05	0.02718
11.06	0.02300
11.07	0.01582
11.08	0.01031
11.09	0.01077
11.1	0.01842
11.11	0.03198
11.12	0.04949
11.13	0.06904
11.14	0.08923
11.15	0.10941
11.16	0.12890
11.17	0.14112
11.18	0.13691
11.19	0.11530
11.2	0.08454
11.21	0.05423
11.22	0.03022
11.23	0.01340
11.24	0.00118
11.25	-0.00980
11.26	-0.02072
11.27	-0.02988
11.28	-0.03547
11.29	-0.03695
11.3	-0.03440
11.31	-0.02690
11.32	-0.01429
11.33	0.00222
11.34	0.01861
11.35	0.02953
11.36	0.03236
11.37	0.02796
11.38	0.01929
11.39	0.00950
11.4	0.00057
11.41	-0.00660
11.42	-0.01145
11.43	-0.01410
11.44	-0.01525
11.45	-0.01567
11.46	-0.01596
11.47	-0.01653
11.48	-0.01891
11.49	-0.02548
11.5	-0.03723
11.51	-0.05332
11.52	-0.07053
11.53	-0.08301
11.54	-0.08700
11.55	-0.08267
11.56	-0.07286
11.57	-0.06108
11.58	-0.04641
11.59	-0.02162
11.6	0.00950
11.61	0.03847
11.62	0.05936
11.63	0.07102
11.64	0.07595
11.65	0.07695
11.66	0.07559
11.67	0.07265
11.68	0.06853
11.69	0.06348
11.7	0.05776
11.71	0.05188
11.72	0.04759
11.73	0.04665
11.74	0.04945
11.75	0.05521
11.76	0.06360
11.77	0.07499
11.78	0.08947
11.79	0.10718
11.8	0.12752
11.81	0.14539
11.82	0.15282
11.83	0.14586
11.84	0.12499
11.85	0.09287
11.86	0.05364
11.87	0.01132
11.88	-0.03136
11.89	-0.07333
11.9	-0.11410
11.91	-0.14826
11.92	-0.16890
11.93	-0.17403
11.94	-0.16686
11.95	-0.15330
11.96	-0.13925
11.97	-0.12822
11.98	-0.12083
11.99	-0.11574
12	-0.11118
12.01	-0.10669
12.02	-0.10347
12.03	-0.10263
12.04	-0.10441
12.05	-0.10784
12.06	-0.10884
12.07	-0.10267
12.08	-0.08779
12.09	-0.06595
12.1	-0.04081
12.11	-0.01597
12.12	0.00661
12.13	0.02689
12.14	0.04657
12.15	0.06829
12.16	0.09085
12.17	0.10997
12.18	0.12273
12.19	0.12902
12.2	0.13035
12.21	0.12836
12.22	0.12461
12.23	0.12016
12.24	0.11556
12.25	0.11002
12.26	0.10174
12.27	0.08975
12.28	0.07447
12.29	0.05744
12.3	0.04234
12.31	0.03296
12.32	0.03040
12.33	0.03319
12.34	0.03870
12.35	0.04414
12.36	0.04549
12.37	0.03959
12.38	0.02632
12.39	0.00792
12.4	-0.01164
12.41	-0.02686
12.42	-0.03436
12.43	-0.03433
12.44	-0.02943
12.45	-0.02302
12.46	-0.01796
12.47	-0.01556
12.48	-0.01545
12.49	-0.01640
12.5	-0.01682
12.51	-0.01510
12.52	-0.01063
12.53	-0.00387
12.54	0.00411
12.55	0.01237
12.56	0.02037
12.57	0.02802
12.58	0.03553
12.59	0.04303
12.6	0.04959
12.61	0.05365
12.62	0.05517
12.63	0.05696
12.64	0.06210
12.65	0.07181
12.66	0.08572
12.67	0.10307
12.68	0.12289
12.69	0.14413
12.7	0.16487
12.71	0.17963
12.72	0.18345
12.73	0.17575
12.74	0.16052
12.75	0.14358
12.76	0.12830
12.77	0.10645
12.78	0.07164
12.79	0.02935
12.8	-0.01223
12.81	-0.04716
12.82	-0.07152
12.83	-0.08455
12.84	-0.08905
12.85	-0.08928
12.86	-0.08890
12.87	-0.08981
12.88	-0.09226
12.89	-0.09547
12.9	-0.09826
12.91	-0.09984
12.92	-0.10019
12.93	-0.09982
12.94	-0.09941
12.95	-0.09937
12.96	-0.09985
12.97	-0.10067
12.98	-0.09966
12.99	-0.09239
13	-0.07731
13.01	-0.05613
13.02	-0.03203
13.03	-0.00785
13.04	0.01413
13.05	0.02889
13.06	0.03182
13.07	0.02256
13.08	0.00504
13.09	-0.01431
13.1	-0.03058
13.11	-0.04208
13.12	-0.04939
13.13	-0.05281
13.14	-0.05267
13.15	-0.04970
13.16	-0.04495
13.17	-0.03941
13.18	-0.03421
13.19	-0.03057
13.2	-0.02898
13.21	-0.02890
13.22	-0.02687
13.23	-0.01774
13.24	0.00080
13.25	0.02690
13.26	0.05644
13.27	0.08568
13.28	0.11184
13.29	0.13271
13.3	0.14811
13.31	0.15958
13.32	0.16930
13.33	0.17876
13.34	0.18563
13.35	0.18475
13.36	0.17350
13.37	0.15319
13.38	0.12768
13.39	0.10109
13.4	0.07601
13.41	0.05421
13.42	0.03813
13.43	0.02870
13.44	0.02481
13.45	0.02425
13.46	0.02489
13.47	0.02544
13.48	0.02546
13.49	0.02522
13.5	0.02458
13.51	0.01789
13.52	-0.00113
13.53	-0.03055
13.54	-0.06367
13.55	-0.09441
13.56	-0.11990
13.57	-0.14028
13.58	-0.15320
13.59	-0.15217
13.6	-0.13421
13.61	-0.10302
13.62	-0.06625
13.63	-0.03052
13.64	0.00094
13.65	0.02829
13.66	0.05354
13.67	0.07628
13.68	0.09033
13.69	0.09100
13.7	0.07849
13.71	0.05713
13.72	0.03282
13.73	0.01000
13.74	-0.00963
13.75	-0.02522
13.76	-0.03355
13.77	-0.03253
13.78	-0.02295
13.79	-0.00777
13.8	0.00966
13.81	0.02682
13.82	0.04136
13.83	0.04902
13.84	0.04727
13.85	0.03684
13.86	0.02072
13.87	0.00229
13.88	-0.01531
13.89	-0.02948
13.9	-0.03947
13.91	-0.04630
13.92	-0.05172
13.93	-0.05725
13.94	-0.06398
13.95	-0.07255
13.96	-0.08289
13.97	-0.09451
13.98	-0.10676
13.99	-0.11914
14	-0.12971
14.01	-0.13432
14.02	-0.13070
14.03	-0.11966
14.04	-0.10405
14.05	-0.08698
14.06	-0.07059
14.07	-0.05575
14.08	-0.04256
14.09	-0.03059
14.1	-0.01926
14.11	-0.00807
14.12	0.00317
14.13	0.01449
14.14	0.02580
14.15	0.03705
14.16	0.04822
14.17	0.05907
14.18	0.06776
14.19	0.07226
14.2	0.07216
14.21	0.06858
14.22	0.06332
14.23	0.05801
14.24	0.05432
14.25	0.05401
14.26	0.05756
14.27	0.06421
14.28	0.07260
14.29	0.08150
14.3	0.09006
14.31	0.09552
14.32	0.09382
14.33	0.08337
14.34	0.06571
14.35	0.04403
14.36	0.02112
14.37	-0.00214
14.38	-0.02592
14.39	-0.05045
14.4	-0.07361
14.41	-0.09092
14.42	-0.09979
14.43	-0.10085
14.44	-0.09683
14.45	-0.09093
14.46	-0.08540
14.47	-0.08177
14.48	-0.08113
14.49	-0.08347
14.5	-0.08787
14.51	-0.09316
14.52	-0.09769
14.53	-0.09762
14.54	-0.08968
14.55	-0.07361
14.56	-0.05170
14.57	-0.02721
14.58	-0.00275
14.59	0.02046
14.6	0.04243
14.61	0.06383
14.62	0.08336
14.63	0.09561
14.64	0.09680
14.65	0.08734
14.66	0.07065
14.67	0.05101
14.68	0.03150
14.69	0.01242
14.7	-0.00793
14.71	-0.03101
14.72	-0.05698
14.73	-0.08175
14.74	-0.09637
14.75	-0.09540
14.76	-0.08011
14.77	-0.05721
14.78	-0.03407
14.79	-0.01513
14.8	-0.00115
14.81	0.00965
14.82	0.01967
14.83	0.03048
14.84	0.04106
14.85	0.04820
14.86	0.04973
14.87	0.04579
14.88	0.03810
14.89	0.02896
14.9	0.01997
14.91	0.01169
14.92	0.00367
14.93	-0.00474
14.94	-0.01390
14.95	-0.02302
14.96	-0.03001
14.97	-0.03353
14.98	-0.03363
14.99	-0.03149
15	-0.02854
15.01	-0.02582
15.02	-0.02372
15.03	-0.02217
15.04	-0.02144
15.05	-0.02269
15.06	-0.02665
15.07	-0.03309
15.08	-0.04115
15.09	-0.04972
15.1	-0.05638
15.11	-0.05763
15.12	-0.05170
15.13	-0.03902
15.14	-0.02177
15.15	-0.00339
15.16	0.01261
15.17	0.02415
15.18	0.03104
15.19	0.03471
15.2	0.03707
15.21	0.03990
15.22	0.04485
15.23	0.05248
15.24	0.06217
15.25	0.07076
15.26	0.07327
15.27	0.06713
15.28	0.05294
15.29	0.03323
15.3	0.01101
15.31	-0.01107
15.32	-0.03133
15.33	-0.04879
15.34	-0.06253
15.35	-0.07257
15.36	-0.07990
15.37	-0.08577
15.38	-0.09127
15.39	-0.09621
15.4	-0.09769
15.41	-0.09307
15.42	-0.08199
15.43	-0.06619
15.44	-0.04810
15.45	-0.02974
15.46	-0.01209
15.47	0.00478
15.48	0.02134
15.49	0.03778
15.5	0.05166
15.51	0.05963
15.52	0.06053
15.53	0.05569
15.54	0.04775
15.55	0.03917
15.56	0.03139
15.57	0.02524
15.58	0.02278
15.59	0.02576
15.6	0.03414
15.61	0.04634
15.62	0.06090
15.63	0.07790
15.64	0.09762
15.65	0.11877
15.66	0.13540
15.67	0.14159
15.68	0.13591
15.69	0.12109
15.7	0.10174
15.71	0.08162
15.72	0.06121
15.73	0.03891
15.74	0.01343
15.75	-0.01531
15.76	-0.04514
15.77	-0.07086
15.78	-0.08856
15.79	-0.09790
15.8	-0.10140
15.81	-0.10208
15.82	-0.09997
15.83	-0.09335
15.84	-0.08144
15.85	-0.06503
15.86	-0.04587
15.87	-0.02587
15.88	-0.00629
15.89	0.01245
15.9	0.03055
15.91	0.04846
15.92	0.06500
15.93	0.07450
15.94	0.07195
15.95	0.05724
15.96	0.03530
15.97	0.01236
15.98	-0.00742
15.99	-0.02302
16	-0.03571
16.01	-0.04755
16.02	-0.06008
16.03	-0.07361
16.04	-0.08482
16.05	-0.08890
16.06	-0.08461
16.07	-0.07487
16.08	-0.06383
16.09	-0.05448
16.1	-0.04785
16.11	-0.04266
16.12	-0.03577
16.13	-0.02492
16.14	-0.01010
16.15	0.00437
16.16	0.01248
16.17	0.01135
16.18	0.00225
16.19	-0.01072
16.2	-0.02356
16.21	-0.03396
16.22	-0.04120
16.23	-0.04586
16.24	-0.04916
16.25	-0.05222
16.26	-0.05566
16.27	-0.05954
16.28	-0.06362
16.29	-0.06713
16.3	-0.06831
16.31	-0.06596
16.32	-0.06024
16.33	-0.05212
16.34	-0.04273
16.35	-0.03293
16.36	-0.02321
16.37	-0.01366
16.38	-0.00488
16.39	0.00046
16.4	0.00012
16.41	-0.00606
16.42	-0.01641
16.43	-0.02855
16.44	-0.03883
16.45	-0.04299
16.46	-0.03929
16.47	-0.02901
16.48	-0.01520
16.49	-0.00139
16.5	0.01000
16.51	0.01853
16.52	0.02511
16.53	0.03186
16.54	0.04200
16.55	0.05731
16.56	0.07738
16.57	0.09940
16.58	0.11759
16.59	0.12745
16.6	0.12841
16.61	0.12331
16.62	0.11631
16.63	0.11053
16.64	0.10709
16.65	0.10454
16.66	0.10012
16.67	0.09214
16.68	0.08132
16.69	0.07016
16.7	0.06079
16.71	0.05132
16.72	0.03441
16.73	0.00624
16.74	-0.02700
16.75	-0.05687
16.76	-0.07837
16.77	-0.09050
16.78	-0.09534
16.79	-0.09647
16.8	-0.09704
16.81	-0.09872
16.82	-0.10175
16.83	-0.10612
16.84	-0.11195
16.85	-0.11919
16.86	-0.12669
16.87	-0.13020
16.88	-0.12567
16.89	-0.11227
16.9	-0.09195
16.91	-0.06793
16.92	-0.04313
16.93	-0.01914
16.94	0.00378
16.95	0.02453
16.96	0.03918
16.97	0.04513
16.98	0.04290
16.99	0.03530
17	0.02647
17.01	0.01993
17.02	0.01699
17.03	0.01696
17.04	0.01826
17.05	0.01944
17.06	0.01979
17.07	0.01962
17.08	0.01987
17.09	0.02126
17.1	0.02388
17.11	0.02732
17.12	0.03104
17.13	0.03445
17.14	0.03671
17.15	0.03723
17.16	0.03606
17.17	0.03447
17.18	0.03515
17.19	0.03993
17.2	0.04878
17.21	0.05967
17.22	0.06829
17.23	0.07126
17.24	0.06795
17.25	0.06010
17.26	0.05025
17.27	0.04043
17.28	0.03104
17.29	0.02067
17.3	0.00793
17.31	-0.00731
17.32	-0.02119
17.33	-0.02735
17.34	-0.02257
17.35	-0.00803
17.36	0.01180
17.37	0.03187
17.38	0.04911
17.39	0.06219
17.4	0.06906
17.41	0.06865
17.42	0.06197
17.43	0.05124
17.44	0.03751
17.45	0.02047
17.46	0.00268
17.47	-0.01116
17.48	-0.01834
17.49	-0.01914
17.5	-0.01573
17.51	-0.01000
17.52	-0.00272
17.53	0.00581
17.54	0.01545
17.55	0.02602
17.56	0.03852
17.57	0.05561
17.58	0.07822
17.59	0.10228
17.6	0.12201
17.61	0.13418
17.62	0.13756
17.63	0.13296
17.64	0.12378
17.65	0.11371
17.66	0.10295
17.67	0.08456
17.68	0.05465
17.69	0.01620
17.7	-0.02240
17.71	-0.05339
17.72	-0.07144
17.73	-0.07516
17.74	-0.06778
17.75	-0.05459
17.76	-0.04030
17.77	-0.02747
17.78	-0.01650
17.79	-0.00718
17.8	-0.00095
17.81	0.00072
17.82	-0.00228
17.83	-0.00879
17.84	-0.01719
17.85	-0.02632
17.86	-0.03557
17.87	-0.04482
17.88	-0.05415
17.89	-0.06370
17.9	-0.07347
17.91	-0.08331
17.92	-0.09307
17.93	-0.10289
17.94	-0.11304
17.95	-0.12365
17.96	-0.13468
17.97	-0.14509
17.98	-0.15035
17.99	-0.14570
18	-0.12822
18.01	-0.09835
18.02	-0.05980
18.03	-0.01894
18.04	0.01654
18.05	0.04257
18.06	0.05977
18.07	0.07164
18.08	0.08206
18.09	0.09356
18.1	0.10666
18.11	0.11841
18.12	0.12401
18.13	0.12109
18.14	0.11055
18.15	0.09480
18.16	0.07649
18.17	0.05807
18.18	0.04272
18.19	0.03268
18.2	0.02794
18.21	0.02682
18.22	0.02718
18.23	0.02750
18.24	0.02709
18.25	0.02608
18.26	0.02490
18.27	0.02333
18.28	0.01748
18.29	0.00371
18.3	-0.01506
18.31	-0.03267
18.32	-0.04476
18.33	-0.05008
18.34	-0.04991
18.35	-0.04684
18.36	-0.04328
18.37	-0.04053
18.38	-0.03874
18.39	-0.03743
18.4	-0.03594
18.41	-0.03448
18.42	-0.03556
18.43	-0.04183
18.44	-0.05385
18.45	-0.06906
18.46	-0.07958
18.47	-0.07805
18.48	-0.06278
18.49	-0.03759
18.5	-0.00851
18.51	0.01962
18.52	0.04468
18.53	0.06706
18.54	0.08749
18.55	0.10218
18.56	0.10611
18.57	0.09790
18.58	0.08001
18.59	0.05534
18.6	0.02448
18.61	-0.01024
18.62	-0.04289
18.63	-0.06901
18.64	-0.08737
18.65	-0.09822
18.66	-0.10302
18.67	-0.10402
18.68	-0.10347
18.69	-0.10284
18.7	-0.10273
18.71	-0.10294
18.72	-0.10245
18.73	-0.10032
18.74	-0.09633
18.75	-0.08787
18.76	-0.06907
18.77	-0.04354
18.78	-0.01921
18.79	-0.00177
18.8	0.00754
18.81	0.01129
18.82	0.01342
18.83	0.01686
18.84	0.02258
18.85	0.03003
18.86	0.03787
18.87	0.04359
18.88	0.04472
18.89	0.04066
18.9	0.03267
18.91	0.02285
18.92	0.01435
18.93	0.01039
18.94	0.01204
18.95	0.01821
18.96	0.02675
18.97	0.03568
18.98	0.04383
18.99	0.04978
19	0.05236
19.01	0.05166
19.02	0.04869
19.03	0.04476
19.04	0.04089
19.05	0.03759
19.06	0.03587
19.07	0.03735
19.08	0.04279
19.09	0.05161
19.1	0.06252
19.11	0.07422
19.12	0.08588
19.13	0.09706
19.14	0.10497
19.15	0.10521
19.16	0.09600
19.17	0.07989
19.18	0.06154
19.19	0.04450
19.2	0.02721
19.21	0.00509
19.22	-0.02211
19.23	-0.05160
19.24	-0.07988
19.25	-0.10413
19.26	-0.12298
19.27	-0.13372
19.28	-0.13409
19.29	-0.12481
19.3	-0.10907
19.31	-0.09086
19.32	-0.07317
19.33	-0.05725
19.34	-0.04298
19.35	-0.02994
19.36	-0.01779
19.37	-0.00634
19.38	0.00315
19.39	0.00837
19.4	0.00838
19.41	0.00394
19.42	-0.00313
19.43	-0.01103
19.44	-0.01855
19.45	-0.02502
19.46	-0.03034
19.47	-0.03484
19.48	-0.03905
19.49	-0.04339
19.5	-0.04808
19.51	-0.05310
19.52	-0.05837
19.53	-0.06377
19.54	-0.06930
19.55	-0.07495
19.56	-0.08072
19.57	-0.08526
19.58	-0.08541
19.59	-0.07931
19.6	-0.06752
19.61	-0.05216
19.62	-0.03564
19.63	-0.01862
19.64	0.00303
19.65	0.03358
19.66	0.06906
19.67	0.10065
19.68	0.12246
19.69	0.13381
19.7	0.13796
19.71	0.13935
19.72	0.14009
19.73	0.13845
19.74	0.13230
19.75	0.12092
19.76	0.10389
19.77	0.08146
19.78	0.05658
19.79	0.03317
19.8	0.01353
19.81	-0.00141
19.82	-0.01013
19.83	-0.01218
19.84	-0.00884
19.85	-0.00243
19.86	0.00323
19.87	0.00433
19.88	-0.00043
19.89	-0.00990
19.9	-0.02172
19.91	-0.03324
19.92	-0.04094
19.93	-0.04243
19.94	-0.03787
19.95	-0.02921
19.96	-0.01889
19.97	-0.00875
19.98	-0.00063
19.99	0.00401
20	0.00512
20.01	0.00376
20.02	0.00131
20.03	-0.00135
20.04	-0.00420
20.05	-0.00748
20.06	-0.01135
20.07	-0.01500
20.08	-0.01575
20.09	-0.01154
20.1	-0.00227
20.11	0.01052
20.12	0.02480
20.13	0.03842
20.14	0.04938
20.15	0.05698
20.16	0.06188
20.17	0.06529
20.18	0.06806
20.19	0.07059
20.2	0.07294
20.21	0.07527
20.22	0.07791
20.23	0.08109
20.24	0.08482
20.25	0.08889
20.26	0.09304
20.27	0.09704
20.28	0.09918
20.29	0.09572
20.3	0.08454
20.31	0.06609
20.32	0.04260
20.33	0.01681
20.34	-0.00872
20.35	-0.02988
20.36	-0.04328
20.37	-0.04863
20.38	-0.04828
20.39	-0.04540
20.4	-0.04253
20.41	-0.04083
20.42	-0.04029
20.43	-0.04026
20.44	-0.04010
20.45	-0.03950
20.46	-0.03715
20.47	-0.02828
20.48	-0.01176
20.49	0.00814
20.5	0.02661
20.51	0.04094
20.52	0.05112
20.53	0.05873
20.54	0.06499
20.55	0.06807
20.56	0.06574
20.57	0.05748
20.58	0.04462
20.59	0.02937
20.6	0.01360
20.61	-0.00166
20.62	-0.01621
20.63	-0.02978
20.64	-0.04009
20.65	-0.04478
20.66	-0.04349
20.67	-0.03744
20.68	-0.02829
20.69	-0.01750
20.7	-0.00592
20.71	0.00606
20.72	0.01824
20.73	0.02944
20.74	0.03790
20.75	0.04296
20.76	0.04517
20.77	0.04576
20.78	0.04595
20.79	0.04650
20.8	0.04763
20.81	0.04832
20.82	0.04518
20.83	0.03540
20.84	0.01841
20.85	-0.00449
20.86	-0.02924
20.87	-0.05093
20.88	-0.06708
20.89	-0.07793
20.9	-0.08427
20.91	-0.08675
20.92	-0.08635
20.93	-0.08424
20.94	-0.08134
20.95	-0.07828
20.96	-0.07534
20.97	-0.07252
20.98	-0.06976
20.99	-0.06699
21	-0.06429
21.01	-0.06204
21.02	-0.06054
21.03	-0.05983
21.04	-0.05861
21.05	-0.05353
21.06	-0.04237
21.07	-0.02538
21.08	-0.00454
21.09	0.01759
21.1	0.03695
21.11	0.04836
21.12	0.04985
21.13	0.04403
21.14	0.03592
21.15	0.02958
21.16	0.02662
21.17	0.02645
21.18	0.02751
21.19	0.02829
21.2	0.02812
21.21	0.02705
21.22	0.02558
21.23	0.02447
21.24	0.02457
21.25	0.02623
21.26	0.02916
21.27	0.03261
21.28	0.03401
21.29	0.02980
21.3	0.01853
21.31	0.00190
21.32	-0.01663
21.33	-0.03410
21.34	-0.04928
21.35	-0.06244
21.36	-0.07465
21.37	-0.08697
21.38	-0.09992
21.39	-0.11197
21.4	-0.11783
21.41	-0.11353
21.42	-0.09902
21.43	-0.07750
21.44	-0.05347
21.45	-0.03203
21.46	-0.01648
21.47	-0.00690
21.48	-0.00122
21.49	0.00315
21.5	0.00805
21.51	0.01412
21.52	0.02107
21.53	0.02815
21.54	0.03399
21.55	0.03730
21.56	0.03792
21.57	0.03658
21.58	0.03419
21.59	0.03098
21.6	0.02689
21.61	0.02193
21.62	0.01630
21.63	0.01027
21.64	0.00467
21.65	0.00088
21.66	-0.00031
21.67	0.00086
21.68	0.00349
21.69	0.00662
21.7	0.00959
21.71	0.01218
21.72	0.01446
21.73	0.01606
21.74	0.01603
21.75	0.01383
21.76	0.00970
21.77	0.00437
21.78	-0.00138
21.79	-0.00697
21.8	-0.01211
21.81	-0.01505
21.82	-0.01245
21.83	-0.00265
21.84	0.01369
21.85	0.03424
21.86	0.05524
21.87	0.07246
21.88	0.08400
21.89	0.09029
21.9	0.09193
21.91	0.08940
21.92	0.08351
21.93	0.07504
21.94	0.06489
21.95	0.05444
21.96	0.04557
21.97	0.03937
21.98	0.03571
21.99	0.03367
22	0.03219
22.01	0.03052
22.02	0.02841
22.03	0.02599
22.04	0.02350
22.05	0.02136
22.06	0.02018
22.07	0.02019
22.08	0.02113
22.09	0.02136
22.1	0.01813
22.11	0.01004
22.12	-0.00198
22.13	-0.01558
22.14	-0.02867
22.15	-0.04010
22.16	-0.04962
22.17	-0.05772
22.18	-0.06517
22.19	-0.07264
22.2	-0.08021
22.21	-0.08597
22.22	-0.08737
22.23	-0.08357
22.24	-0.07560
22.25	-0.06540
22.26	-0.05488
22.27	-0.04599
22.28	-0.04023
22.29	-0.03770
22.3	-0.03744
22.31	-0.03819
22.32	-0.03893
22.33	-0.03923
22.34	-0.03909
22.35	-0.03840
22.36	-0.03706
22.37	-0.03505
22.38	-0.03257
22.39	-0.02986
22.4	-0.02724
22.41	-0.02516
22.42	-0.02386
22.43	-0.02324
22.44	-0.02304
22.45	-0.02299
22.46	-0.02290
22.47	-0.02278
22.48	-0.02290
22.49	-0.02362
22.5	-0.02503
22.51	-0.02701
22.52	-0.02918
22.53	-0.03061
22.54	-0.03038
22.55	-0.02831
22.56	-0.02487
22.57	-0.02085
22.58	-0.01713
22.59	-0.01421
22.6	-0.01214
22.61	-0.01070
22.62	-0.01043
22.63	-0.01238
22.64	-0.01695
22.65	-0.02369
22.66	-0.03135
22.67	-0.03801
22.68	-0.04247
22.69	-0.04469
22.7	-0.04543
22.71	-0.04568
22.72	-0.04614
22.73	-0.04708
22.74	-0.04822
22.75	-0.04839
22.76	-0.04633
22.77	-0.04175
22.78	-0.03524
22.79	-0.02779
22.8	-0.01994
22.81	-0.01139
22.82	-0.00177
22.83	0.00892
22.84	0.02012
22.85	0.03123
22.86	0.04190
22.87	0.05207
22.88	0.06187
22.89	0.07072
22.9	0.07775
22.91	0.08177
22.92	0.08166
22.93	0.07751
22.94	0.07046
22.95	0.06204
22.96	0.05348
22.97	0.04542
22.98	0.03795
22.99	0.03139
23	0.02605
23.01	0.02193
23.02	0.01871
23.03	0.01596
23.04	0.01333
23.05	0.01064
23.06	0.00777
23.07	0.00455
23.08	0.00091
23.09	-0.00311
23.1	-0.00737
23.11	-0.01168
23.12	-0.01586
23.13	-0.01843
23.14	-0.01710
23.15	-0.01091
23.16	-0.00061
23.17	0.01210
23.18	0.02505
23.19	0.03445
23.2	0.03707
23.21	0.03248
23.22	0.02282
23.23	0.01112
23.24	-0.00024
23.25	-0.01021
23.26	-0.01895
23.27	-0.02683
23.28	-0.03329
23.29	-0.03757
23.3	-0.03955
23.31	-0.03976
23.32	-0.03900
23.33	-0.03804
23.34	-0.03729
23.35	-0.03675
23.36	-0.03534
23.37	-0.03126
23.38	-0.02375
23.39	-0.01327
23.4	-0.00106
23.41	0.01114
23.42	0.02063
23.43	0.02564
23.44	0.02625
23.45	0.02393
23.46	0.02051
23.47	0.01729
23.48	0.01447
23.49	0.01088
23.5	0.00534
23.51	-0.00246
23.52	-0.01200
23.53	-0.02235
23.54	-0.03267
23.55	-0.04150
23.56	-0.04682
23.57	-0.04781
23.58	-0.04518
23.59	-0.04050
23.6	-0.03527
23.61	-0.03042
23.62	-0.02621
23.63	-0.02241
23.64	-0.01873
23.65	-0.01530
23.66	-0.01246
23.67	-0.01040
23.68	-0.00903
23.69	-0.00810
23.7	-0.00730
23.71	-0.00633
23.72	-0.00503
23.73	-0.00343
23.74	-0.00168
23.75	0.00010
23.76	0.00179
23.77	0.00321
23.78	0.00410
23.79	0.00441
23.8	0.00481
23.81	0.00750
23.82	0.01432
23.83	0.02514
23.84	0.03746
23.85	0.04849
23.86	0.05676
23.87	0.06242
23.88	0.06655
23.89	0.06993
23.9	0.07200
23.91	0.07209
23.92	0.07011
23.93	0.06654
23.94	0.06211
23.95	0.05706
23.96	0.05115
23.97	0.04422
23.98	0.03637
23.99	0.02792
24	0.01920
24.01	0.01049
24.02	0.00191
24.03	-0.00659
24.04	-0.01504
24.05	-0.02352
24.06	-0.03174
24.07	-0.03814
24.08	-0.04118
24.09	-0.04063
24.1	-0.03743
24.11	-0.03299
24.12	-0.02877
24.13	-0.02578
24.14	-0.02419
24.15	-0.02358
24.16	-0.02333
24.17	-0.02298
24.18	-0.02233
24.19	-0.02148
24.2	-0.02055
24.21	-0.01969
24.22	-0.01907
24.23	-0.01907
24.24	-0.01997
24.25	-0.02176
24.26	-0.02415
24.27	-0.02678
24.28	-0.02943
24.29	-0.03214
24.3	-0.03537
24.31	-0.03942
24.32	-0.04428
24.33	-0.04963
24.34	-0.05416
24.35	-0.05605
24.36	-0.05451
24.37	-0.05005
24.38	-0.04391
24.39	-0.03734
24.4	-0.03071
24.41	-0.02285
24.42	-0.01258
24.43	0.00037
24.44	0.01515
24.45	0.02871
24.46	0.03767
24.47	0.04083
24.48	0.03931
24.49	0.03534
24.5	0.03100
24.51	0.02745
24.52	0.02487
24.53	0.02282
24.54	0.02078
24.55	0.01838
24.56	0.01563
24.57	0.01266
24.58	0.00970
24.59	0.00687
24.6	0.00474
24.61	0.00443
24.62	0.00660
24.63	0.01097
24.64	0.01654
24.65	0.02164
24.66	0.02491
24.67	0.02602
24.68	0.02552
24.69	0.02433
24.7	0.02329
24.71	0.02335
24.72	0.02514
24.73	0.02860
24.74	0.03311
24.75	0.03649
24.76	0.03470
24.77	0.02556
24.78	0.01070
24.79	-0.00453
24.8	-0.01546
24.81	-0.02052
24.82	-0.02091
24.83	-0.01909
24.84	-0.01731
24.85	-0.01668
24.86	-0.01721
24.87	-0.01829
24.88	-0.01863
24.89	-0.01607
24.9	-0.00950
24.91	0.00002
24.92	0.00922
24.93	0.01536
24.94	0.01768
24.95	0.01706
24.96	0.01513
24.97	0.01308
24.98	0.01116
24.99	0.00912
25	0.00668
25.01	0.00371
25.02	0.00033
25.03	-0.00324
25.04	-0.00678
25.05	-0.01019
25.06	-0.01321
25.07	-0.01339
25.08	-0.00767
25.09	0.00481
25.1	0.02251
25.11	0.04064
25.12	0.05162
25.13	0.05110
25.14	0.03986
25.15	0.02269
25.16	0.00511
25.17	-0.00949
25.18	-0.02049
25.19	-0.02918
25.2	-0.03736
25.21	-0.04630
25.22	-0.05632
25.23	-0.06569
25.24	-0.06978
25.25	-0.06558
25.26	-0.05344
25.27	-0.03608
25.28	-0.01709
25.29	0.00025
25.3	0.01449
25.31	0.02597
25.32	0.03596
25.33	0.04409
25.34	0.04719
25.35	0.04311
25.36	0.03217
25.37	0.01665
25.38	-0.00073
25.39	-0.01681
25.4	-0.02757
25.41	-0.03106
25.42	-0.02824
25.43	-0.02170
25.44	-0.01412
25.45	-0.00722
25.46	-0.00185
25.47	0.00185
25.48	0.00433
25.49	0.00647
25.5	0.01034
25.51	0.01717
25.52	0.02516
25.53	0.03166
25.54	0.03517
25.55	0.03577
25.56	0.03456
25.57	0.03327
25.58	0.03423
25.59	0.03874
25.6	0.04656
25.61	0.05642
25.62	0.06678
25.63	0.07505
25.64	0.07858
25.65	0.07672
25.66	0.07070
25.67	0.06260
25.68	0.05425
25.69	0.04669
25.7	0.04133
25.71	0.03990
25.72	0.04287
25.73	0.04932
25.74	0.05768
25.75	0.06653
25.76	0.07502
25.77	0.08301
25.78	0.09050
25.79	0.09601
25.8	0.09746
25.81	0.09423
25.82	0.08727
25.83	0.07831
25.84	0.06895
25.85	0.06050
25.86	0.05441
25.87	0.05132
25.88	0.05043
25.89	0.04868
25.9	0.04276
25.91	0.03154
25.92	0.01643
25.93	0.00122
25.94	-0.01044
25.95	-0.01728
25.96	-0.02018
25.97	-0.02032
25.98	-0.01766
25.99	-0.01210
26	-0.00404
26.01	0.00573
26.02	0.01620
26.03	0.02640
26.04	0.03580
26.05	0.04440
26.06	0.05254
26.07	0.06055
26.08	0.06755
26.09	0.07028
26.1	0.06654
26.11	0.05660
26.12	0.04252
26.13	0.02681
26.14	0.01133
26.15	-0.00313
26.16	-0.01673
26.17	-0.03005
26.18	-0.04359
26.19	-0.05759
26.2	-0.07196
26.21	-0.08649
26.22	-0.10023
26.23	-0.10941
26.24	-0.11054
26.25	-0.10318
26.26	-0.08960
26.27	-0.07252
26.28	-0.05404
26.29	-0.03683
26.3	-0.02475
26.31	-0.01973
26.32	-0.02098
26.33	-0.02577
26.34	-0.02966
26.35	-0.02895
26.36	-0.02267
26.37	-0.01219
26.38	0.00015
26.39	0.01181
26.4	0.01971
26.41	0.02205
26.42	0.01930
26.43	0.01350
26.44	0.00727
26.45	0.00244
26.46	-0.00054
26.47	-0.00220
26.48	-0.00344
26.49	-0.00556
26.5	-0.01203
26.51	-0.02375
26.52	-0.03813
26.53	-0.05222
26.54	-0.06418
26.55	-0.07377
26.56	-0.08184
26.57	-0.08952
26.58	-0.09759
26.59	-0.10472
26.6	-0.10571
26.61	-0.09645
26.62	-0.07690
26.63	-0.05035
26.64	-0.02179
26.65	0.00468
26.66	0.02753
26.67	0.04743
26.68	0.06481
26.69	0.07522
26.7	0.07368
26.71	0.05931
26.72	0.03521
26.73	0.00634
26.74	-0.02299
26.75	-0.05034
26.76	-0.07299
26.77	-0.08714
26.78	-0.09153
26.79	-0.08794
26.8	-0.07981
26.81	-0.07036
26.82	-0.06159
26.83	-0.05401
26.84	-0.04719
26.85	-0.04043
26.86	-0.03321
26.87	-0.02458
26.88	-0.01274
26.89	0.00318
26.9	0.02264
26.91	0.04340
26.92	0.06002
26.93	0.06770
26.94	0.06558
26.95	0.05624
26.96	0.04356
26.97	0.03078
26.98	0.01949
26.99	0.00980
27	0.00268
27.01	-0.00025
27.02	0.00148
27.03	0.00695
27.04	0.01453
27.05	0.02251
27.06	0.02857
27.07	0.03102
27.08	0.02972
27.09	0.02581
27.1	0.02096
27.11	0.01658
27.12	0.01329
27.13	0.01074
27.14	0.00675
27.15	-0.00128
27.16	-0.01419
27.17	-0.03099
27.18	-0.04961
27.19	-0.06589
27.2	-0.07585
27.21	-0.07851
27.22	-0.07558
27.23	-0.06997
27.24	-0.06380
27.25	-0.05642
27.26	-0.04609
27.27	-0.03197
27.28	-0.01453
27.29	0.00488
27.3	0.02455
27.31	0.04053
27.32	0.04827
27.33	0.04642
27.34	0.03700
27.35	0.02361
27.36	0.00949
27.37	-0.00335
27.38	-0.01235
27.39	-0.01499
27.4	-0.01094
27.41	-0.00196
27.42	0.00848
27.43	0.01672
27.44	0.02093
27.45	0.02149
27.46	0.01999
27.47	0.01809
27.48	0.01683
27.49	0.01639
27.5	0.01634
27.51	0.01478
27.52	0.00941
27.53	-0.00053
27.54	-0.01326
27.55	-0.02283
27.56	-0.02359
27.57	-0.01404
27.58	0.00340
27.59	0.02322
27.6	0.03774
27.61	0.04242
27.62	0.03762
27.63	0.02717
27.64	0.01584
27.65	0.00683
27.66	0.00089
27.67	-0.00331
27.68	-0.00800
27.69	-0.01466
27.7	-0.02350
27.71	-0.03375
27.72	-0.04439
27.73	-0.05408
27.74	-0.06036
27.75	-0.06144
27.76	-0.05756
27.77	-0.05034
27.78	-0.04191
27.79	-0.03559
27.8	-0.03497
27.81	-0.04127
27.82	-0.05312
27.83	-0.06791
27.84	-0.08198
27.85	-0.09020
27.86	-0.08999
27.87	-0.08225
27.88	-0.07096
27.89	-0.06086
27.9	-0.05473
27.91	-0.05272
27.92	-0.05326
27.93	-0.05441
27.94	-0.05301
27.95	-0.04255
27.96	-0.01913
27.97	0.01341
27.98	0.04646
27.99	0.07340
28	0.09225
28.01	0.10337
28.02	0.10505
28.03	0.09698
28.04	0.08335
28.05	0.06981
28.06	0.06000
28.07	0.05461
28.08	0.05227
28.09	0.05089
28.1	0.04859
28.11	0.04419
28.12	0.03815
28.13	0.03291
28.14	0.03086
28.15	0.03270
28.16	0.03755
28.17	0.04386
28.18	0.05023
28.19	0.05536
28.2	0.05696
28.21	0.05347
28.22	0.04500
28.23	0.03256
28.24	0.01766
28.25	0.00204
28.26	-0.01043
28.27	-0.01521
28.28	-0.01122
28.29	-0.00164
28.3	0.00898
28.31	0.01744
28.32	0.02279
28.33	0.02587
28.34	0.02818
28.35	0.03072
28.36	0.03277
28.37	0.03281
28.38	0.03070
28.39	0.02907
28.4	0.03084
28.41	0.03719
28.42	0.04738
28.43	0.05917
28.44	0.06783
28.45	0.06906
28.46	0.06244
28.47	0.05070
28.48	0.03660
28.49	0.02111
28.5	0.00564
28.51	-0.00601
28.52	-0.01116
28.53	-0.00987
28.54	-0.00416
28.55	0.00338
28.56	0.01078
28.57	0.01721
28.58	0.02082
28.59	0.01644
28.6	0.00258
28.61	-0.01506
28.62	-0.02968
28.63	-0.03769
28.64	-0.03923
28.65	-0.03690
28.66	-0.03370
28.67	-0.03215
28.68	-0.03411
28.69	-0.03982
28.7	-0.04818
28.71	-0.05730
28.72	-0.06430
28.73	-0.06703
28.74	-0.06533
28.75	-0.06054
28.76	-0.05445
28.77	-0.04809
28.78	-0.04158
28.79	-0.03477
28.8	-0.02820
28.81	-0.02332
28.82	-0.02071
28.83	-0.01920
28.84	-0.01727
28.85	-0.01400
28.86	-0.00932
28.87	-0.00408
28.88	0.00009
28.89	0.00210
28.9	0.00191
28.91	0.00036
28.92	-0.00018
28.93	0.00328
28.94	0.01140
28.95	0.02141
28.96	0.02986
28.97	0.03488
28.98	0.03658
28.99	0.03627
29	0.03551
29.01	0.03531
29.02	0.03593
29.03	0.03707
29.04	0.03798
29.05	0.03771
29.06	0.03580
29.07	0.03271
29.08	0.03001
29.09	0.02916
29.1	0.03054
29.11	0.03367
29.12	0.03760
29.13	0.04143
29.14	0.04312
29.15	0.03943
29.16	0.02898
29.17	0.01287
29.18	-0.00547
29.19	-0.02212
29.2	-0.03522
29.21	-0.04558
29.22	-0.05501
29.23	-0.06381
29.24	-0.07096
29.25	-0.07568
29.26	-0.07805
29.27	-0.07879
29.28	-0.07885
29.29	-0.07901
29.3	-0.07985
29.31	-0.08164
29.32	-0.08421
29.33	-0.08724
29.34	-0.09037
29.35	-0.09343
29.36	-0.09625
29.37	-0.09713
29.38	-0.09328
29.39	-0.08351
29.4	-0.06776
29.41	-0.04546
29.42	-0.01696
29.43	0.01570
29.44	0.04617
29.45	0.06749
29.46	0.07716
29.47	0.07734
29.48	0.07249
29.49	0.06678
29.5	0.06260
29.51	0.06035
29.52	0.05904
29.53	0.05608
29.54	0.04828
29.55	0.03451
29.56	0.01586
29.57	-0.00514
29.58	-0.02346
29.59	-0.03377
29.6	-0.03438
29.61	-0.02779
29.62	-0.01886
29.63	-0.01163
29.64	-0.00777
29.65	-0.00675
29.66	-0.00703
29.67	-0.00704
29.68	-0.00574
29.69	-0.00274
29.7	0.00155
29.71	0.00631
29.72	0.00964
29.73	0.00959
29.74	0.00574
29.75	-0.00106
29.76	-0.00965
29.77	-0.01915
29.78	-0.02865
29.79	-0.03615
29.8	-0.03990
29.81	-0.03969
29.82	-0.03657
29.83	-0.03211
29.84	-0.02754
29.85	-0.02349
29.86	-0.01995
29.87	-0.01619
29.88	-0.01087
29.89	-0.00329
29.9	0.00568
29.91	0.01370
29.92	0.01896
29.93	0.02115
29.94	0.02114
29.95	0.02025
29.96	0.01950
29.97	0.01938
29.98	0.01980
29.99	0.02046
30	0.02106
30.01	0.02145
30.02	0.02168
30.03	0.02184
30.04	0.02082
30.05	0.01462
30.06	0.00050
30.07	-0.01854
30.08	-0.03642
30.09	-0.04886
30.1	-0.05502
30.11	-0.05658
30.12	-0.05541
30.13	-0.05272
30.14	-0.04922
30.15	-0.04366
30.16	-0.03177
30.17	-0.01139
30.18	0.01293
30.19	0.03393
30.2	0.04616
30.21	0.04614
30.22	0.03495
30.23	0.01773
30.24	-0.00011
30.25	-0.01521
30.26	-0.02502
30.27	-0.02791
30.28	-0.02448
30.29	-0.01688
30.3	-0.00793
30.31	-0.00088
30.32	0.00230
30.33	0.00163
30.34	-0.00153
30.35	-0.00551
30.36	-0.00917
30.37	-0.01213
30.38	-0.01455
30.39	-0.01683
30.4	-0.01881
30.41	-0.01911
30.42	-0.01671
30.43	-0.01162
30.44	-0.00468
30.45	0.00305
30.46	0.01071
30.47	0.01779
30.48	0.02275
30.49	0.02389
30.5	0.02085
30.51	0.01463
30.52	0.00680
30.53	-0.00129
30.54	-0.00892
30.55	-0.01582
30.56	-0.02048
30.57	-0.02105
30.58	-0.01706
30.59	-0.00963
30.6	-0.00203
30.61	0.00044
30.62	-0.00526
30.63	-0.01848
30.64	-0.03530
30.65	-0.05113
30.66	-0.06337
30.67	-0.07187
30.68	-0.07814
30.69	-0.08384
30.7	-0.08827
30.71	-0.08814
30.72	-0.08118
30.73	-0.06621
30.74	-0.04253
30.75	-0.01180
30.76	0.01786
30.77	0.03582
30.78	0.03729
30.79	0.02495
30.8	0.00703
30.81	-0.00846
30.82	-0.01750
30.83	-0.02052
30.84	-0.02110
30.85	-0.02373
30.86	-0.03091
30.87	-0.04195
30.88	-0.05165
30.89	-0.05426
30.9	-0.04765
30.91	-0.03357
30.92	-0.01604
30.93	0.00095
30.94	0.01543
30.95	0.02745
30.96	0.03819
30.97	0.04898
30.98	0.06054
30.99	0.07278
31	0.08270
31.01	0.08495
31.02	0.07676
31.03	0.06014
31.04	0.04143
31.05	0.02648
31.06	0.01779
31.07	0.01444
31.08	0.01388
31.09	0.01497
31.1	0.01906
31.11	0.02741
31.12	0.04003
31.13	0.05566
31.14	0.07183
31.15	0.08617
31.16	0.09769
31.17	0.10680
31.18	0.11468
31.19	0.12216
31.2	0.12694
31.21	0.12544
31.22	0.11639
31.23	0.10115
31.24	0.08331
31.25	0.06750
31.26	0.05645
31.27	0.05019
31.28	0.04695
31.29	0.04456
31.3	0.04158
31.31	0.03708
31.32	0.02602
31.33	0.00190
31.34	-0.03224
31.35	-0.06677
31.36	-0.09406
31.37	-0.11118
31.38	-0.11698
31.39	-0.11199
31.4	-0.09906
31.41	-0.08190
31.42	-0.06375
31.43	-0.04689
31.44	-0.03205
31.45	-0.01879
31.46	-0.00619
31.47	0.00640
31.48	0.01749
31.49	0.02358
31.5	0.02266
31.51	0.01536
31.52	0.00430
31.53	-0.00687
31.54	-0.01536
31.55	-0.01976
31.56	-0.02013
31.57	-0.01776
31.58	-0.01427
31.59	-0.01084
31.6	-0.00829
31.61	-0.00696
31.62	-0.00668
31.63	-0.00702
31.64	-0.00754
31.65	-0.00799
31.66	-0.00831
31.67	-0.00855
31.68	-0.00883
31.69	-0.00919
31.7	-0.00994
31.71	-0.01150
31.72	-0.01402
31.73	-0.01720
31.74	-0.01875
31.75	-0.01450
31.76	-0.00229
31.77	0.01666
31.78	0.03863
31.79	0.05991
31.8	0.07838
31.81	0.09146
31.82	0.09612
31.83	0.09182
31.84	0.08075
31.85	0.06651
31.86	0.05239
31.87	0.04048
31.88	0.03126
31.89	0.02394
31.9	0.01743
31.91	0.01192
31.92	0.00859
31.93	0.00811
31.94	0.01021
31.95	0.01339
31.96	0.01500
31.97	0.01330
31.98	0.00823
31.99	0.00108
32	-0.00649
32.01	-0.01343
32.02	-0.01942
32.03	-0.02474
32.04	-0.02987
32.05	-0.03520
32.06	-0.04032
32.07	-0.04317
32.08	-0.04197
32.09	-0.03648
32.1	-0.02788
32.11	-0.01786
32.12	-0.00788
32.13	0.00125
32.14	0.00945
32.15	0.01713
32.16	0.02475
32.17	0.03189
32.18	0.03637
32.19	0.03634
32.2	0.03178
32.21	0.02402
32.22	0.01499
32.23	0.00717
32.24	0.00272
32.25	0.00217
32.26	0.00453
32.27	0.00827
32.28	0.01209
32.29	0.01535
32.3	0.01776
32.31	0.01877
32.32	0.01819
32.33	0.01628
32.34	0.01360
32.35	0.01124
32.36	0.01042
32.37	0.01167
32.38	0.01464
32.39	0.01859
32.4	0.02309
32.41	0.02836
32.42	0.03471
32.43	0.04170
32.44	0.04732
32.45	0.04970
32.46	0.04842
32.47	0.04437
32.48	0.03900
32.49	0.03371
32.5	0.02984
32.51	0.02813
32.52	0.02838
32.53	0.02984
32.54	0.03167
32.55	0.03259
32.56	0.02906
32.57	0.01887
32.58	0.00340
32.59	-0.01441
32.6	-0.03194
32.61	-0.04782
32.62	-0.06064
32.63	-0.06783
32.64	-0.06832
32.65	-0.06316
32.66	-0.05449
32.67	-0.04369
32.68	-0.03128
32.69	-0.01748
32.7	-0.00266
32.71	0.01165
32.72	0.02277
32.73	0.02926
32.74	0.03152
32.75	0.03114
32.76	0.02988
32.77	0.02897
32.78	0.02879
32.79	0.02918
32.8	0.02969
32.81	0.03001
32.82	0.02956
32.83	0.02620
32.84	0.01799
32.85	0.00474
32.86	-0.01219
32.87	-0.02998
32.88	-0.04456
32.89	-0.05359
32.9	-0.05728
32.91	-0.05762
32.92	-0.05691
32.93	-0.05671
32.94	-0.05755
32.95	-0.05931
32.96	-0.06170
32.97	-0.06443
32.98	-0.06731
32.99	-0.07023
33	-0.07306
33.01	-0.07383
33.02	-0.06945
33.03	-0.05907
33.04	-0.04449
33.05	-0.02836
33.06	-0.01276
33.07	0.00146
33.08	0.01430
33.09	0.02583
33.1	0.03615
33.11	0.04552
33.12	0.05361
33.13	0.05837
33.14	0.05827
33.15	0.05351
33.16	0.04558
33.17	0.03680
33.18	0.03020
33.19	0.02753
33.2	0.02868
33.21	0.03224
33.22	0.03646
33.23	0.03866
33.24	0.03595
33.25	0.02744
33.26	0.01431
33.27	-0.00039
33.28	-0.01196
33.29	-0.01724
33.3	-0.01616
33.31	-0.01087
33.32	-0.00417
33.33	0.00117
33.34	0.00352
33.35	0.00295
33.36	0.00055
33.37	-0.00207
33.38	-0.00229
33.39	0.00195
33.4	0.00962
33.41	0.01763
33.42	0.02343
33.43	0.02618
33.44	0.02628
33.45	0.02392
33.46	0.01918
33.47	0.01195
33.48	0.00145
33.49	-0.01260
33.5	-0.02954
33.51	-0.04799
33.52	-0.06433
33.53	-0.07384
33.54	-0.07453
33.55	-0.06779
33.56	-0.05651
33.57	-0.04284
33.58	-0.02821
33.59	-0.01583
33.6	-0.00917
33.61	-0.00922
33.62	-0.01457
33.63	-0.02271
33.64	-0.03133
33.65	-0.03917
33.66	-0.04544
33.67	-0.04889
33.68	-0.04902
33.69	-0.04632
33.7	-0.04191
33.71	-0.03693
33.72	-0.03208
33.73	-0.02762
33.74	-0.02349
33.75	-0.02006
33.76	-0.01789
33.77	-0.01713
33.78	-0.01751
33.79	-0.01852
33.8	-0.01966
33.81	-0.01982
33.82	-0.01641
33.83	-0.00793
33.84	0.00521
33.85	0.02007
33.86	0.03184
33.87	0.03753
33.88	0.03713
33.89	0.03277
33.9	0.02708
33.91	0.02193
33.92	0.01801
33.93	0.01502
33.94	0.01231
33.95	0.00936
33.96	0.00625
33.97	0.00376
33.98	0.00249
33.99	0.00254
34	0.00354
34.01	0.00495
34.02	0.00635
34.03	0.00754
34.04	0.00854
34.05	0.00947
34.06	0.01050
34.07	0.01187
34.08	0.01377
34.09	0.01622
34.1	0.01903
34.11	0.02171
34.12	0.02350
34.13	0.02405
34.14	0.02380
34.15	0.02525
34.16	0.03104
34.17	0.04194
34.18	0.05546
34.19	0.06643
34.2	0.07126
34.21	0.06952
34.22	0.06324
34.23	0.05525
34.24	0.04768
34.25	0.04140
34.26	0.03630
34.27	0.03261
34.28	0.03086
34.29	0.03114
34.3	0.03299
34.31	0.03576
34.32	0.03880
34.33	0.04173
34.34	0.04436
34.35	0.04597
34.36	0.04569
34.37	0.04333
34.38	0.03937
34.39	0.03458
34.4	0.02964
34.41	0.02494
34.42	0.02052
34.43	0.01625
34.44	0.01198
34.45	0.00760
34.46	0.00317
34.47	-0.00048
34.48	-0.00198
34.49	-0.00072
34.5	0.00287
34.51	0.00782
34.52	0.01312
34.53	0.01780
34.54	0.02105
34.55	0.02269
34.56	0.02310
34.57	0.02292
34.58	0.02267
34.59	0.02248
34.6	0.02141
34.61	0.01832
34.62	0.01287
34.63	0.00554
34.64	-0.00279
34.65	-0.01128
34.66	-0.01948
34.67	-0.02731
34.68	-0.03494
34.69	-0.04259
34.7	-0.05028
34.71	-0.05678
34.72	-0.06032
34.73	-0.06020
34.74	-0.05701
34.75	-0.05212
34.76	-0.04686
34.77	-0.04219
34.78	-0.03850
34.79	-0.03561
34.8	-0.03311
34.81	-0.03062
34.82	-0.02796
34.83	-0.02515
34.84	-0.02228
34.85	-0.01948
34.86	-0.01681
34.87	-0.01456
34.88	-0.01310
34.89	-0.01260
34.9	-0.01280
34.91	-0.01288
34.92	-0.01205
34.93	-0.01005
34.94	-0.00714
34.95	-0.00378
34.96	-0.00045
34.97	0.00257
34.98	0.00498
34.99	0.00665
35	0.00771
35.01	0.00836
35.02	0.00886
35.03	0.00934
35.04	0.00984
35.05	0.01037
35.06	0.01131
35.07	0.01313
35.08	0.01600
35.09	0.01966
35.1	0.02374
35.11	0.02786
35.12	0.03211
35.13	0.03710
35.14	0.04325
35.15	0.05056
35.16	0.05865
35.17	0.06703
35.18	0.07528
35.19	0.08243
35.2	0.08690
35.21	0.08800
35.22	0.08623
35.23	0.08277
35.24	0.07873
35.25	0.07392
35.26	0.06718
35.27	0.05790
35.28	0.04630
35.29	0.03326
35.3	0.01969
35.31	0.00624
35.32	-0.00684
35.33	-0.01846
35.34	-0.02621
35.35	-0.02873
35.36	-0.02652
35.37	-0.02128
35.38	-0.01491
35.39	-0.00873
35.4	-0.00319
35.41	0.00188
35.42	0.00687
35.43	0.01178
35.44	0.01616
35.45	0.01957
35.46	0.02122
35.47	0.02038
35.48	0.01713
35.49	0.01158
35.5	0.00219
35.51	-0.01243
35.52	-0.03206
35.53	-0.05396
35.54	-0.07236
35.55	-0.08291
35.56	-0.08504
35.57	-0.08115
35.58	-0.07471
35.59	-0.06837
35.6	-0.06337
35.61	-0.05954
35.62	-0.05610
35.63	-0.05195
35.64	-0.04574
35.65	-0.03687
35.66	-0.02608
35.67	-0.01622
35.68	-0.01025
35.69	-0.00922
35.7	-0.01212
35.71	-0.01703
35.72	-0.02218
35.73	-0.02658
35.74	-0.03014
35.75	-0.03327
35.76	-0.03644
35.77	-0.03963
35.78	-0.04128
35.79	-0.03970
35.8	-0.03456
35.81	-0.02669
35.82	-0.01753
35.83	-0.00831
35.84	0.00031
35.85	0.00807
35.86	0.01381
35.87	0.01606
35.88	0.01448
35.89	0.00987
35.9	0.00359
35.91	-0.00317
35.92	-0.00974
35.93	-0.01602
35.94	-0.02219
35.95	-0.02771
35.96	-0.02989
35.97	-0.02667
35.98	-0.01804
35.99	-0.00573
36	0.00779
36.01	0.01913
36.02	0.02572
36.03	0.02721
36.04	0.02505
36.05	0.02125
36.06	0.01738
36.07	0.01414
36.08	0.01145
36.09	0.00885
36.1	0.00594
36.11	0.00253
36.12	-0.00128
36.13	-0.00538
36.14	-0.00988
36.15	-0.01500
36.16	-0.02082
36.17	-0.02712
36.18	-0.03239
36.19	-0.03461
36.2	-0.03298
36.21	-0.02821
36.22	-0.02179
36.23	-0.01510
36.24	-0.00894
36.25	-0.00342
36.26	0.00170
36.27	0.00592
36.28	0.00811
36.29	0.00771
36.3	0.00504
36.31	0.00105
36.32	-0.00332
36.33	-0.00784
36.34	-0.01327
36.35	-0.02029
36.36	-0.02891
36.37	-0.03862
36.38	-0.04871
36.39	-0.05758
36.4	-0.06198
36.41	-0.06000
36.42	-0.05253
36.43	-0.04301
36.44	-0.03478
36.45	-0.02945
36.46	-0.02675
36.47	-0.02533
36.48	-0.02427
36.49	-0.02432
36.5	-0.02670
36.51	-0.03181
36.52	-0.03894
36.53	-0.04652
36.54	-0.05310
36.55	-0.05811
36.56	-0.06174
36.57	-0.06463
36.58	-0.06734
36.59	-0.06976
36.6	-0.07042
36.61	-0.06806
36.62	-0.06256
36.63	-0.05479
36.64	-0.04612
36.65	-0.03847
36.66	-0.03340
36.67	-0.03111
36.68	-0.03078
36.69	-0.03130
36.7	-0.03172
36.71	-0.03164
36.72	-0.03054
36.73	-0.02738
36.74	-0.02164
36.75	-0.01370
36.76	-0.00441
36.77	0.00530
36.78	0.01481
36.79	0.02392
36.8	0.03269
36.81	0.04128
36.82	0.04882
36.83	0.05305
36.84	0.05259
36.85	0.04777
36.86	0.04009
36.87	0.03139
36.88	0.02400
36.89	0.01971
36.9	0.01876
36.91	0.02012
36.92	0.02241
36.93	0.02430
36.94	0.02475
36.95	0.02348
36.96	0.02083
36.97	0.01748
36.98	0.01402
36.99	0.01124
37	0.00978
37.01	0.00970
37.02	0.01054
37.03	0.01159
37.04	0.01201
37.05	0.01140
37.06	0.00984
37.07	0.00774
37.08	0.00578
37.09	0.00444
37.1	0.00385
37.11	0.00374
37.12	0.00367
37.13	0.00275
37.14	0.00027
37.15	-0.00383
37.16	-0.00909
37.17	-0.01503
37.18	-0.02142
37.19	-0.02814
37.2	-0.03498
37.21	-0.04002
37.22	-0.04058
37.23	-0.03567
37.24	-0.02622
37.25	-0.01420
37.26	-0.00211
37.27	0.00627
37.28	0.00809
37.29	0.00335
37.3	-0.00592
37.31	-0.01699
37.32	-0.02801
37.33	-0.03837
37.34	-0.04738
37.35	-0.05115
37.36	-0.04579
37.37	-0.03098
37.38	-0.01080
37.39	0.00924
37.4	0.02566
37.41	0.03780
37.42	0.04708
37.43	0.05534
37.44	0.06185
37.45	0.06392
37.46	0.06011
37.47	0.05104
37.48	0.03863
37.49	0.02447
37.5	0.00934
37.51	-0.00646
37.52	-0.02255
37.53	-0.03738
37.54	-0.04921
37.55	-0.05751
37.56	-0.06302
37.57	-0.06703
37.58	-0.07002
37.59	-0.07036
37.6	-0.06646
37.61	-0.05824
37.62	-0.04782
37.63	-0.03818
37.64	-0.03121
37.65	-0.02710
37.66	-0.02488
37.67	-0.02329
37.68	-0.02182
37.69	-0.02072
37.7	-0.02039
37.71	-0.02094
37.72	-0.02222
37.73	-0.02360
37.74	-0.02425
37.75	-0.02368
37.76	-0.02201
37.77	-0.01969
37.78	-0.01720
37.79	-0.01489
37.8	-0.01284
37.81	-0.01099
37.82	-0.00923
37.83	-0.00767
37.84	-0.00678
37.85	-0.00690
37.86	-0.00797
37.87	-0.00970
37.88	-0.01172
37.89	-0.01364
37.9	-0.01395
37.91	-0.01035
37.92	-0.00203
37.93	0.00984
37.94	0.02315
37.95	0.03618
37.96	0.04810
37.97	0.05776
37.98	0.06214
37.99	0.05955
38	0.05063
38.01	0.03765
38.02	0.02314
38.03	0.00887
38.04	-0.00447
38.05	-0.01586
38.06	-0.02315
38.07	-0.02518
38.08	-0.02262
38.09	-0.01720
38.1	-0.01000
38.11	0.00137
38.12	0.01796
38.13	0.03697
38.14	0.05499
38.15	0.07003
38.16	0.08198
38.17	0.09167
38.18	0.09784
38.19	0.09763
38.2	0.08999
38.21	0.07616
38.22	0.05874
38.23	0.04130
38.24	0.02842
38.25	0.02249
38.26	0.02285
38.27	0.02699
38.28	0.03222
38.29	0.03680
38.3	0.04023
38.31	0.04297
38.32	0.04599
38.33	0.04992
38.34	0.05482
38.35	0.06037
38.36	0.06610
38.37	0.07169
38.38	0.07707
38.39	0.08227
38.4	0.08674
38.41	0.08892
38.42	0.08793
38.43	0.08401
38.44	0.07825
38.45	0.07161
38.46	0.06357
38.47	0.05292
38.48	0.03948
38.49	0.02527
38.5	0.01298
38.51	0.00404
38.52	-0.00177
38.53	-0.00566
38.54	-0.00884
38.55	-0.01049
38.56	-0.00872
38.57	-0.00269
38.58	0.00697
38.59	0.01880
38.6	0.03051
38.61	0.03893
38.62	0.04233
38.63	0.04117
38.64	0.03725
38.65	0.03253
38.66	0.02829
38.67	0.02495
38.68	0.02224
38.69	0.01956
38.7	0.01645
38.71	0.01277
38.72	0.00869
38.73	0.00517
38.74	0.00395
38.75	0.00599
38.76	0.01100
38.77	0.01785
38.78	0.02532
38.79	0.03231
38.8	0.03597
38.81	0.03337
38.82	0.02487
38.83	0.01324
38.84	0.00141
38.85	-0.00889
38.86	-0.01742
38.87	-0.02491
38.88	-0.03229
38.89	-0.04018
38.9	-0.04868
38.91	-0.05722
38.92	-0.06336
38.93	-0.06453
38.94	-0.06024
38.95	-0.05225
38.96	-0.04340
38.97	-0.03587
38.98	-0.03037
38.99	-0.02648
39	-0.02323
39.01	-0.01971
39.02	-0.01419
39.03	-0.00509
39.04	0.00687
39.05	0.01806
39.06	0.02530
39.07	0.02766
39.08	0.02626
39.09	0.02308
39.1	0.01985
39.11	0.01744
39.12	0.01586
39.13	0.01443
39.14	0.01025
39.15	0.00012
39.16	-0.01612
39.17	-0.03373
39.18	-0.04704
39.19	-0.05335
39.2	-0.05337
39.21	-0.04981
39.22	-0.04556
39.23	-0.04239
39.24	-0.04073
39.25	-0.04000
39.26	-0.03941
39.27	-0.03843
39.28	-0.03694
39.29	-0.03513
39.3	-0.03291
39.31	-0.02981
39.32	-0.02548
39.33	-0.02025
39.34	-0.01526
39.35	-0.01160
39.36	-0.00965
39.37	-0.00906
39.38	-0.00916
39.39	-0.00933
39.4	-0.00924
39.41	-0.00887
39.42	-0.00834
39.43	-0.00784
39.44	-0.00744
39.45	-0.00715
39.46	-0.00691
39.47	-0.00667
39.48	-0.00638
39.49	-0.00603
39.5	-0.00568
39.51	-0.00576
39.52	-0.00712
39.53	-0.01018
39.54	-0.01473
39.55	-0.02017
39.56	-0.02586
39.57	-0.03151
39.58	-0.03753
39.59	-0.04452
39.6	-0.05258
39.61	-0.06021
39.62	-0.06513
39.63	-0.06626
39.64	-0.06400
39.65	-0.05975
39.66	-0.05492
39.67	-0.05042
39.68	-0.04655
39.69	-0.04305
39.7	-0.03954
39.71	-0.03524
39.72	-0.02925
39.73	-0.02125
39.74	-0.01167
39.75	-0.00122
39.76	0.00941
39.77	0.01896
39.78	0.02537
39.79	0.02759
39.8	0.02616
39.81	0.02252
39.82	0.01822
39.83	0.01394
39.84	0.00851
39.85	0.00045
39.86	-0.00938
39.87	-0.01831
39.88	-0.02434
39.89	-0.02707
39.9	-0.02738
39.91	-0.02654
39.92	-0.02461
39.93	-0.02056
39.94	-0.01373
39.95	-0.00375
39.96	0.00952
39.97	0.02468
39.98	0.03870
39.99	0.04934
40	0.05627
40.01	0.06056
40.02	0.06379
40.03	0.06720
40.04	0.07132
40.05	0.07605
40.06	0.08101
40.07	0.08565
40.08	0.08752
40.09	0.08346
40.1	0.07259
40.11	0.05801
40.12	0.04469
40.13	0.03588
40.14	0.03204
40.15	0.03154
40.16	0.03216
40.17	0.03224
40.18	0.03115
40.19	0.02916
40.2	0.02687
40.21	0.02477
40.22	0.02306
40.23	0.02164
40.24	0.02027
40.25	0.01879
40.26	0.01709
40.27	0.01523
40.28	0.01327
40.29	0.01130
40.3	0.00937
40.31	0.00770
40.32	0.00658
40.33	0.00609
40.34	0.00606
40.35	0.00625
40.36	0.00642
40.37	0.00614
40.38	0.00435
40.39	0.00032
40.4	-0.00588
40.41	-0.01353
40.42	-0.02180
40.43	-0.02998
40.44	-0.03694
40.45	-0.04170
40.46	-0.04414
40.47	-0.04489
40.48	-0.04488
40.49	-0.04484
40.5	-0.04516
40.51	-0.04584
40.52	-0.04670
40.53	-0.04756
40.54	-0.04833
40.55	-0.04902
40.56	-0.04962
40.57	-0.04947
40.58	-0.04739
40.59	-0.04285
40.6	-0.03620
40.61	-0.02862
40.62	-0.02196
40.63	-0.01739
40.64	-0.01494
40.65	-0.01393
40.66	-0.01340
40.67	-0.01270
40.68	-0.01158
40.69	-0.01014
40.7	-0.00860
40.71	-0.00717
40.72	-0.00590
40.73	-0.00475
40.74	-0.00364
40.75	-0.00249
40.76	-0.00125
40.77	0.00011
40.78	0.00158
40.79	0.00317
40.8	0.00481
40.81	0.00649
40.82	0.00787
40.83	0.00806
40.84	0.00647
40.85	0.00325
40.86	-0.00105
40.87	-0.00572
40.88	-0.01004
40.89	-0.01306
40.9	-0.01436
40.91	-0.01420
40.92	-0.01314
40.93	-0.01182
40.94	-0.01061
40.95	-0.00960
40.96	-0.00872
40.97	-0.00787
40.98	-0.00751
40.99	-0.00834
41	-0.01057
41.01	-0.01395
41.02	-0.01796
41.03	-0.02205
41.04	-0.02594
41.05	-0.02956
41.06	-0.03298
41.07	-0.03633
41.08	-0.03906
41.09	-0.03975
41.1	-0.03754
41.11	-0.03264
41.12	-0.02600
41.13	-0.01870
41.14	-0.01173
41.15	-0.00621
41.16	-0.00281
41.17	-0.00128
41.18	-0.00091
41.19	-0.00090
41.2	-0.00073
41.21	-0.00020
41.22	0.00059
41.23	0.00147
41.24	0.00230
41.25	0.00275
41.26	0.00172
41.27	-0.00166
41.28	-0.00740
41.29	-0.01478
41.3	-0.02288
41.31	-0.03055
41.32	-0.03602
41.33	-0.03807
41.34	-0.03683
41.35	-0.03338
41.36	-0.02906
41.37	-0.02483
41.38	-0.02109
41.39	-0.01775
41.4	-0.01453
41.41	-0.01127
41.42	-0.00836
41.43	-0.00640
41.44	-0.00561
41.45	-0.00579
41.46	-0.00652
41.47	-0.00737
41.48	-0.00808
41.49	-0.00861
41.5	-0.00880
41.51	-0.00784
41.52	-0.00490
41.53	0.00015
41.54	0.00674
41.55	0.01409
41.56	0.02149
41.57	0.02862
41.58	0.03544
41.59	0.04201
41.6	0.04829
41.61	0.05421
41.62	0.05980
41.63	0.06510
41.64	0.06956
41.65	0.07222
41.66	0.07264
41.67	0.07119
41.68	0.06863
41.69	0.06573
41.7	0.06290
41.71	0.06001
41.72	0.05678
41.73	0.05328
41.74	0.05022
41.75	0.04815
41.76	0.04716
41.77	0.04695
41.78	0.04706
41.79	0.04703
41.8	0.04637
41.81	0.04483
41.82	0.04253
41.83	0.03976
41.84	0.03685
41.85	0.03397
41.86	0.03134
41.87	0.02961
41.88	0.02942
41.89	0.03080
41.9	0.03331
41.91	0.03634
41.92	0.03936
41.93	0.04213
41.94	0.04444
41.95	0.04578
41.96	0.04587
41.97	0.04487
41.98	0.04316
41.99	0.04115
42	0.03917
42.01	0.03730
42.02	0.03554
42.03	0.03377
42.04	0.03194
42.05	0.03001
42.06	0.02801
42.07	0.02598
42.08	0.02394
42.09	0.02189
42.1	0.01974
42.11	0.01703
42.12	0.01341
42.13	0.00887
42.14	0.00365
42.15	-0.00184
42.16	-0.00674
42.17	-0.00952
42.18	-0.00938
42.19	-0.00666
42.2	-0.00235
42.21	0.00246
42.22	0.00706
42.23	0.01120
42.24	0.01469
42.25	0.01661
42.26	0.01632
42.27	0.01393
42.28	0.01010
42.29	0.00572
42.3	0.00231
42.31	0.00135
42.32	0.00328
42.33	0.00746
42.34	0.01278
42.35	0.01826
42.36	0.02287
42.37	0.02534
42.38	0.02521
42.39	0.02293
42.4	0.01945
42.41	0.01568
42.42	0.01216
42.43	0.00904
42.44	0.00612
42.45	0.00304
42.46	-0.00048
42.47	-0.00444
42.48	-0.00804
42.49	-0.00986
42.5	-0.00910
42.51	-0.00602
42.52	-0.00149
42.53	0.00351
42.54	0.00835
42.55	0.01280
42.56	0.01699
42.57	0.02112
42.58	0.02541
42.59	0.02984
42.6	0.03375
42.61	0.03622
42.62	0.03673
42.63	0.03512
42.64	0.03174
42.65	0.02725
42.66	0.02239
42.67	0.01756
42.68	0.01298
42.69	0.00857
42.7	0.00423
42.71	-0.00015
42.72	-0.00455
42.73	-0.00884
42.74	-0.01291
42.75	-0.01676
42.76	-0.02044
42.77	-0.02405
42.78	-0.02765
42.79	-0.03128
42.8	-0.03494
42.81	-0.03857
42.82	-0.04173
42.83	-0.04369
42.84	-0.04416
42.85	-0.04337
42.86	-0.04186
42.87	-0.04014
42.88	-0.03860
42.89	-0.03748
42.9	-0.03684
42.91	-0.03659
42.92	-0.03655
42.93	-0.03656
42.94	-0.03654
42.95	-0.03647
42.96	-0.03639
42.97	-0.03634
42.98	-0.03633
42.99	-0.03635
43	-0.03610
43.01	-0.03507
43.02	-0.03307
43.03	-0.03026
43.04	-0.02698
43.05	-0.02359
43.06	-0.02032
43.07	-0.01723
43.08	-0.01428
43.09	-0.01138
43.1	-0.00847
43.11	-0.00561
43.12	-0.00321
43.13	-0.00168
43.14	-0.00110
43.15	-0.00123
43.16	-0.00172
43.17	-0.00228
43.18	-0.00271
43.19	-0.00261
43.2	-0.00157
43.21	0.00048
43.22	0.00326
43.23	0.00639
43.24	0.00938
43.25	0.01186
43.26	0.01367
43.27	0.01500
43.28	0.01606
43.29	0.01709
43.3	0.01817
43.31	0.01932
43.32	0.02049
43.33	0.02161
43.34	0.02229
43.35	0.02144
43.36	0.01839
43.37	0.01328
43.38	0.00682
43.39	-0.00015
43.4	-0.00702
43.41	-0.01323
43.42	-0.01810
43.43	-0.02136
43.44	-0.02329
43.45	-0.02447
43.46	-0.02545
43.47	-0.02657
43.48	-0.02790
43.49	-0.02938
43.5	-0.03086
43.51	-0.03229
43.52	-0.03362
43.53	-0.03491
43.54	-0.03618
43.55	-0.03748
43.56	-0.03880
43.57	-0.04013
43.58	-0.04145
43.59	-0.04275
43.6	-0.04402
43.61	-0.04509
43.62	-0.04562
43.63	-0.04537
43.64	-0.04440
43.65	-0.04299
43.66	-0.04140
43.67	-0.03983
43.68	-0.03835
43.69	-0.03693
43.7	-0.03549
43.71	-0.03401
43.72	-0.03251
43.73	-0.03114
43.74	-0.02997
43.75	-0.02897
43.76	-0.02807
43.77	-0.02717
43.78	-0.02622
43.79	-0.02518
43.8	-0.02408
43.81	-0.02292
43.82	-0.02174
43.83	-0.02052
43.84	-0.01927
43.85	-0.01798
43.86	-0.01664
43.87	-0.01526
43.88	-0.01381
43.89	-0.01237
43.9	-0.01141
43.91	-0.01152
43.92	-0.01286
43.93	-0.01516
43.94	-0.01796
43.95	-0.02080
43.96	-0.02344
43.97	-0.02585
43.98	-0.02811
43.99	-0.03033
44	-0.03257
44.01	-0.03485
44.02	-0.03712
44.03	-0.03921
44.04	-0.04053
44.05	-0.04063
44.06	-0.03948
44.07	-0.03745
44.08	-0.03500
44.09	-0.03254
44.1	-0.03022
44.11	-0.02805
44.12	-0.02591
44.13	-0.02371
44.14	-0.02142
44.15	-0.01903
44.16	-0.01660
44.17	-0.01416
44.18	-0.01171
44.19	-0.00928
44.2	-0.00684
44.21	-0.00438
44.22	-0.00190
44.23	0.00061
44.24	0.00313
44.25	0.00565
44.26	0.00819
44.27	0.01072
44.28	0.01326
44.29	0.01580
44.3	0.01833
44.31	0.02076
44.32	0.02259
44.33	0.02331
44.34	0.02287
44.35	0.02156
44.36	0.01983
44.37	0.01806
44.38	0.01644
44.39	0.01497
44.4	0.01357
44.41	0.01214
44.42	0.01062
44.43	0.00902
44.44	0.00737
44.45	0.00571
44.46	0.00404
44.47	0.00245
44.48	0.00163
44.49	0.00247
44.5	0.00523
44.51	0.00949
44.52	0.01452
44.53	0.01967
44.54	0.02455
44.55	0.02912
44.56	0.03349
44.57	0.03783
44.58	0.04224
44.59	0.04672
44.6	0.05124
44.61	0.05571
44.62	0.06011
44.63	0.06444
44.64	0.06849
44.65	0.07152
44.66	0.07282
44.67	0.07239
44.68	0.07070
44.69	0.06843
44.7	0.06613
44.71	0.06402
44.72	0.06211
44.73	0.06027
44.74	0.05837
44.75	0.05633
44.76	0.05416
44.77	0.05192
44.78	0.04965
44.79	0.04739
44.8	0.04512
44.81	0.04284
44.82	0.04053
44.83	0.03816
44.84	0.03575
44.85	0.03331
44.86	0.03095
44.87	0.02889
44.88	0.02724
44.89	0.02592
44.9	0.02481
44.91	0.02374
44.92	0.02261
44.93	0.02139
44.94	0.02010
44.95	0.01878
44.96	0.01746
44.97	0.01613
44.98	0.01480
44.99	0.01347
45	0.01210
45.01	0.01071
45.02	0.00930
45.03	0.00786
45.04	0.00642
45.05	0.00497
45.06	0.00350
45.07	0.00203
45.08	0.00055
45.09	-0.00095
45.1	-0.00246
45.11	-0.00398
45.12	-0.00548
45.13	-0.00684
45.14	-0.00793
45.15	-0.00874
45.16	-0.00930
45.17	-0.00976
45.18	-0.01020
45.19	-0.01068
45.2	-0.01120
45.21	-0.01174
45.22	-0.01229
45.23	-0.01280
45.24	-0.01331
45.25	-0.01382
45.26	-0.01439
45.27	-0.01504
45.28	-0.01575
45.29	-0.01650
45.3	-0.01725
45.31	-0.01798
45.32	-0.01869
45.33	-0.01937
45.34	-0.02005
45.35	-0.02070
45.36	-0.02104
45.37	-0.02050
45.38	-0.01879
45.39	-0.01606
45.4	-0.01270
45.41	-0.00912
45.42	-0.00562
45.43	-0.00228
45.44	0.00095
45.45	0.00414
45.46	0.00689
45.47	0.00845
45.48	0.00848
45.49	0.00720
45.5	0.00511
45.51	0.00281
45.52	0.00064
45.53	-0.00128
45.54	-0.00301
45.55	-0.00468
45.56	-0.00634
45.57	-0.00767
45.58	-0.00824
45.59	-0.00791
45.6	-0.00685
45.61	-0.00541
45.62	-0.00388
45.63	-0.00244
45.64	-0.00112
45.65	0.00014
45.66	0.00141
45.67	0.00274
45.68	0.00413
45.69	0.00558
45.7	0.00704
45.71	0.00831
45.72	0.00884
45.73	0.00831
45.74	0.00676
45.75	0.00456
45.76	0.00214
45.77	-0.00022
45.78	-0.00240
45.79	-0.00444
45.8	-0.00641
45.81	-0.00841
45.82	-0.01048
45.83	-0.01257
45.84	-0.01461
45.85	-0.01632
45.86	-0.01748
45.87	-0.01810
45.88	-0.01833
45.89	-0.01838
45.9	-0.01844
45.91	-0.01856
45.92	-0.01876
45.93	-0.01898
45.94	-0.01918
45.95	-0.01934
45.96	-0.01946
45.97	-0.01956
45.98	-0.01966
45.99	-0.01976
46	-0.01989
46.01	-0.01999
46.02	-0.02011
46.03	-0.02020
46.04	-0.02029
46.05	-0.02038
46.06	-0.02046
46.07	-0.02054
46.08	-0.02062
46.09	-0.02070
46.1	-0.02069
46.11	-0.02033
46.12	-0.01947
46.13	-0.01813
46.14	-0.01646
46.15	-0.01470
46.16	-0.01293
46.17	-0.01126
46.18	-0.00965
46.19	-0.00806
46.2	-0.00645
46.21	-0.00481
46.22	-0.00315
46.23	-0.00149
46.24	0.00017
46.25	0.00181
46.26	0.00345
46.27	0.00508
46.28	0.00670
46.29	0.00834
46.3	0.00996
46.31	0.01160
46.32	0.01316
46.33	0.01399
46.34	0.01326
46.35	0.01076
46.36	0.00684
46.37	0.00218
46.38	-0.00261
46.39	-0.00720
46.4	-0.01153
46.41	-0.01570
46.42	-0.01983
46.43	-0.02348
46.44	-0.02598
46.45	-0.02711
46.46	-0.02714
46.47	-0.02653
46.48	-0.02578
46.49	-0.02518
46.5	-0.02482
46.51	-0.02457
46.52	-0.02435
46.53	-0.02406
46.54	-0.02371
46.55	-0.02330
46.56	-0.02289
46.57	-0.02252
46.58	-0.02218
46.59	-0.02176
46.6	-0.02094
46.61	-0.01952
46.62	-0.01755
46.63	-0.01521
46.64	-0.01274
46.65	-0.01030
46.66	-0.00795
46.67	-0.00569
46.68	-0.00349
46.69	-0.00141
46.7	0.00052
46.71	0.00229
46.72	0.00394
46.73	0.00554
46.74	0.00714
46.75	0.00874
46.76	0.01035
46.77	0.01174
46.78	0.01236
46.79	0.01190
46.8	0.01046
46.81	0.00839
46.82	0.00611
46.83	0.00388
46.84	0.00183
46.85	-0.00011
46.86	-0.00201
46.87	-0.00395
46.88	-0.00596
46.89	-0.00802
46.9	-0.01010
46.91	-0.01216
46.92	-0.01420
46.93	-0.01623
46.94	-0.01824
46.95	-0.02026
46.96	-0.02217
46.97	-0.02329
46.98	-0.02304
46.99	-0.02129
47	-0.01846
47.01	-0.01512
47.02	-0.01173
47.03	-0.00854
47.04	-0.00556
47.05	-0.00268
47.06	0.00021
47.07	0.00318
47.08	0.00624
47.09	0.00934
47.1	0.01243
47.11	0.01545
47.12	0.01796
47.13	0.01941
47.14	0.01969
47.15	0.01903
47.16	0.01789
47.17	0.01668
47.18	0.01561
47.19	0.01471
47.2	0.01391
47.21	0.01311
47.22	0.01224
47.23	0.01133
47.24	0.01060
47.25	0.01038
47.26	0.01080
47.27	0.01173
47.28	0.01298
47.29	0.01428
47.3	0.01550
47.31	0.01663
47.32	0.01770
47.33	0.01877
47.34	0.01987
47.35	0.02101
47.36	0.02205
47.37	0.02265
47.38	0.02255
47.39	0.02180
47.4	0.02062
47.41	0.01929
47.42	0.01799
47.43	0.01679
47.44	0.01570
47.45	0.01464
47.46	0.01354
47.47	0.01242
47.48	0.01131
47.49	0.01044
47.5	0.01002
47.51	0.01004
47.52	0.01040
47.53	0.01089
47.54	0.01138
47.55	0.01180
47.56	0.01217
47.57	0.01250
47.58	0.01285
47.59	0.01323
47.6	0.01363
47.61	0.01403
47.62	0.01436
47.63	0.01447
47.64	0.01427
47.65	0.01381
47.66	0.01320
47.67	0.01255
47.68	0.01192
47.69	0.01134
47.7	0.01079
47.71	0.01024
47.72	0.00964
47.73	0.00893
47.74	0.00810
47.75	0.00717
47.76	0.00622
47.77	0.00527
47.78	0.00433
47.79	0.00341
47.8	0.00249
47.81	0.00157
47.82	0.00065
47.83	-0.00028
47.84	-0.00122
47.85	-0.00214
47.86	-0.00305
47.87	-0.00360
47.88	-0.00329
47.89	-0.00188
47.9	0.00045
47.91	0.00334
47.92	0.00636
47.93	0.00930
47.94	0.01206
47.95	0.01471
47.96	0.01734
47.97	0.01998
47.98	0.02212
47.99	0.02308
48	0.02265
48.01	0.02112
48.02	0.01898
48.03	0.01672
48.04	0.01463
48.05	0.01274
48.06	0.01098
48.07	0.00924
48.08	0.00741
48.09	0.00550
48.1	0.00354
48.11	0.00157
48.12	-0.00037
48.13	-0.00228
48.14	-0.00418
48.15	-0.00607
48.16	-0.00797
48.17	-0.00990
48.18	-0.01181
48.19	-0.01359
48.2	-0.01484
48.21	-0.01539
48.22	-0.01527
48.23	-0.01476
48.24	-0.01409
48.25	-0.01348
48.26	-0.01298
48.27	-0.01257
48.28	-0.01217
48.29	-0.01177
48.3	-0.01131
48.31	-0.01083
48.32	-0.01034
48.33	-0.00987
48.34	-0.00940
48.35	-0.00897
48.36	-0.00853
48.37	-0.00809
48.38	-0.00765
48.39	-0.00721
48.4	-0.00677
48.41	-0.00634
48.42	-0.00591
48.43	-0.00548
48.44	-0.00505
48.45	-0.00464
48.46	-0.00422
48.47	-0.00381
48.48	-0.00339
48.49	-0.00298
48.5	-0.00258
48.51	-0.00218
48.52	-0.00177
48.53	-0.00138
48.54	-0.00098
48.55	-0.00059
48.56	-0.00020
48.57	0.00025
48.58	0.00094
48.59	0.00199
48.6	0.00339
48.61	0.00502
48.62	0.00672
48.63	0.00841
48.64	0.01003
48.65	0.01160
48.66	0.01317
48.67	0.01474
48.68	0.01633
48.69	0.01793
48.7	0.01954
48.71	0.02115
48.72	0.02268
48.73	0.02382
48.74	0.02418
48.75	0.02369
48.76	0.02254
48.77	0.02108
48.78	0.01957
48.79	0.01817
48.8	0.01689
48.81	0.01568
48.82	0.01445
48.83	0.01318
48.84	0.01187
48.85	0.01051
48.86	0.00917
48.87	0.00761
48.88	0.00538
48.89	0.00218
48.9	-0.00191
48.91	-0.00656
48.92	-0.01142
48.93	-0.01619
48.94	-0.02034
48.95	-0.02331
48.96	-0.02496
48.97	-0.02560
48.98	-0.02572
48.99	-0.02573
49	-0.02589
49.01	-0.02624
49.02	-0.02668
49.03	-0.02711
49.04	-0.02748
49.05	-0.02778
49.06	-0.02805
49.07	-0.02830
49.08	-0.02858
49.09	-0.02889
49.1	-0.02918
49.11	-0.02918
49.12	-0.02848
49.13	-0.02696
49.14	-0.02475
49.15	-0.02216
49.16	-0.01949
49.17	-0.01691
49.18	-0.01444
49.19	-0.01206
49.2	-0.00967
49.21	-0.00724
49.22	-0.00477
49.23	-0.00225
49.24	0.00025
49.25	0.00274
49.26	0.00491
49.27	0.00643
49.28	0.00715
49.29	0.00723
49.3	0.00695
49.31	0.00660
49.32	0.00634
49.33	0.00619
49.34	0.00612
49.35	0.00606
49.36	0.00596
49.37	0.00582
49.38	0.00566
49.39	0.00551
49.4	0.00537
49.41	0.00524
49.42	0.00514
49.43	0.00503
49.44	0.00494
49.45	0.00483
49.46	0.00473
49.47	0.00462
49.48	0.00453
49.49	0.00444
49.5	0.00436
49.51	0.00428
49.52	0.00421
49.53	0.00413
49.54	0.00407
49.55	0.00401
49.56	0.00394
49.57	0.00389
49.58	0.00385
49.59	0.00377
49.6	0.00335
49.61	0.00210
49.62	-0.00013
49.63	-0.00317
49.64	-0.00665
49.65	-0.01023
49.66	-0.01371
49.67	-0.01703
49.68	-0.02025
49.69	-0.02339
49.7	-0.02593
49.71	-0.02734
49.72	-0.02745
49.73	-0.02654
49.74	-0.02509
49.75	-0.02355
49.76	-0.02217
49.77	-0.02098
49.78	-0.01989
49.79	-0.01882
49.8	-0.01794
49.81	-0.01756
49.82	-0.01778
49.83	-0.01852
49.84	-0.01955
49.85	-0.02065
49.86	-0.02168
49.87	-0.02261
49.88	-0.02349
49.89	-0.02433
49.9	-0.02522
49.91	-0.02613
49.92	-0.02705
49.93	-0.02770
49.94	-0.02777
49.95	-0.02717
49.96	-0.02604
49.97	-0.02464
49.98	-0.02319
49.99	-0.02184
50	-0.02078
50.01	-0.02025
50.02	-0.02032
50.03	-0.02088
50.04	-0.02170
50.05	-0.02258
50.06	-0.02340
50.07	-0.02403
50.08	-0.02409
50.09	-0.02328
50.1	-0.02159
50.11	-0.01930
50.12	-0.01674
50.13	-0.01418
50.14	-0.01174
50.15	-0.00942
50.16	-0.00714
50.17	-0.00484
50.18	-0.00250
50.19	-0.00011
50.2	0.00229
50.21	0.00454
50.22	0.00647
50.23	0.00804
50.24	0.00928
50.25	0.01036
50.26	0.01141
50.27	0.01250
50.28	0.01365
50.29	0.01483
50.3	0.01601
50.31	0.01716
50.32	0.01830
50.33	0.01942
50.34	0.02053
50.35	0.02166
50.36	0.02278
50.37	0.02392
50.38	0.02504
50.39	0.02616
50.4	0.02728
50.41	0.02839
50.42	0.02951
50.43	0.03061
50.44	0.03172
50.45	0.03283
50.46	0.03393
50.47	0.03503
50.48	0.03612
50.49	0.03721
50.5	0.03831
50.51	0.03939
50.52	0.04030
50.53	0.04065
50.54	0.04023
50.55	0.03911
50.56	0.03755
50.57	0.03582
50.58	0.03414
50.59	0.03257
50.6	0.03108
50.61	0.02962
50.62	0.02814
50.63	0.02659
50.64	0.02502
50.65	0.02352
50.66	0.02219
50.67	0.02106
50.68	0.02006
50.69	0.01914
50.7	0.01821
50.71	0.01726
50.72	0.01626
50.73	0.01526
50.74	0.01425
50.75	0.01325
50.76	0.01226
50.77	0.01126
50.78	0.01027
50.79	0.00927
50.8	0.00826
50.81	0.00724
50.82	0.00622
50.83	0.00521
50.84	0.00418
50.85	0.00315
50.86	0.00212
50.87	0.00109
50.88	0.00006
50.89	-0.00098
50.9	-0.00202
50.91	-0.00306
50.92	-0.00411
50.93	-0.00504
50.94	-0.00553
50.95	-0.00529
50.96	-0.00434
50.97	-0.00291
50.98	-0.00128
50.99	0.00033
51	0.00184
51.01	0.00323
51.02	0.00460
51.03	0.00597
51.04	0.00728
51.05	0.00841
51.06	0.00926
51.07	0.00988
51.08	0.01036
51.09	0.01080
51.1	0.01125
51.11	0.01175
51.12	0.01229
51.13	0.01282
51.14	0.01333
51.15	0.01384
51.16	0.01424
51.17	0.01428
51.18	0.01373
51.19	0.01263
51.2	0.01114
51.21	0.00948
51.22	0.00784
51.23	0.00628
51.24	0.00481
51.25	0.00335
51.26	0.00191
51.27	0.00068
51.28	0.00002
51.29	0.00008
51.3	0.00073
51.31	0.00171
51.32	0.00279
51.33	0.00379
51.34	0.00468
51.35	0.00551
51.36	0.00633
51.37	0.00717
51.38	0.00806
51.39	0.00897
51.4	0.00973
51.41	0.01014
51.42	0.01010
51.43	0.00967
51.44	0.00903
51.45	0.00833
51.46	0.00767
51.47	0.00709
51.48	0.00654
51.49	0.00601
51.5	0.00546
51.51	0.00488
51.52	0.00433
51.53	0.00403
51.54	0.00415
51.55	0.00470
51.56	0.00556
51.57	0.00655
51.58	0.00754
51.59	0.00846
51.6	0.00915
51.61	0.00944
51.62	0.00927
51.63	0.00876
51.64	0.00807
51.65	0.00734
51.66	0.00665
51.67	0.00606
51.68	0.00565
51.69	0.00548
51.7	0.00549
51.71	0.00561
51.72	0.00578
51.73	0.00594
51.74	0.00607
51.75	0.00618
51.76	0.00628
51.77	0.00631
51.78	0.00613
51.79	0.00571
51.8	0.00511
51.81	0.00439
51.82	0.00364
51.83	0.00291
51.84	0.00221
51.85	0.00155
51.86	0.00089
51.87	0.00042
51.88	0.00032
51.89	0.00066
51.9	0.00135
51.91	0.00223
51.92	0.00315
51.93	0.00401
51.94	0.00474
51.95	0.00503
51.96	0.00459
51.97	0.00339
51.98	0.00165
51.99	-0.00035
52	-0.00237
52.01	-0.00429
52.02	-0.00611
52.03	-0.00788
52.04	-0.00967
52.05	-0.01149
52.06	-0.01334
52.07	-0.01503
52.08	-0.01616
52.09	-0.01660
52.1	-0.01638
52.11	-0.01579
52.12	-0.01507
52.13	-0.01442
52.14	-0.01388
52.15	-0.01343
52.16	-0.01317
52.17	-0.01326
52.18	-0.01377
52.19	-0.01465
52.2	-0.01573
52.21	-0.01686
52.22	-0.01797
52.23	-0.01893
52.24	-0.01950
52.25	-0.01950
52.26	-0.01897
52.27	-0.01809
52.28	-0.01706
52.29	-0.01606
52.3	-0.01513
52.31	-0.01426
52.32	-0.01343
52.33	-0.01257
52.34	-0.01168
52.35	-0.01079
52.36	-0.01010
52.37	-0.00992
52.38	-0.01035
52.39	-0.01130
52.4	-0.01251
52.41	-0.01380
52.42	-0.01500
52.43	-0.01612
52.44	-0.01718
52.45	-0.01824
52.46	-0.01932
52.47	-0.02045
52.48	-0.02154
52.49	-0.02239
52.5	-0.02279
52.51	-0.02271
52.52	-0.02226
52.53	-0.02166
52.54	-0.02104
52.55	-0.02049
52.56	-0.02001
52.57	-0.01956
52.58	-0.01910
52.59	-0.01854
52.6	-0.01766
52.61	-0.01630
52.62	-0.01454
52.63	-0.01251
52.64	-0.01039
52.65	-0.00828
52.66	-0.00626
52.67	-0.00427
52.68	-0.00231
52.69	-0.00032
52.7	0.00170
52.71	0.00351
52.72	0.00464
52.73	0.00481
52.74	0.00411
52.75	0.00284
52.76	0.00137
52.77	-0.00004
52.78	-0.00128
52.79	-0.00242
52.8	-0.00352
52.81	-0.00466
52.82	-0.00585
52.83	-0.00709
52.84	-0.00834
52.85	-0.00956
52.86	-0.01077
52.87	-0.01195
52.88	-0.01313
52.89	-0.01431
52.9	-0.01550
52.91	-0.01669
52.92	-0.01789
52.93	-0.01907
52.94	-0.02025
52.95	-0.02129
52.96	-0.02177
52.97	-0.02143
52.98	-0.02034
52.99	-0.01873
53	-0.01694
53.01	-0.01521
53.02	-0.01383
53.03	-0.01301
53.04	-0.01271
53.05	-0.01277
53.06	-0.01296
53.07	-0.01313
53.08	-0.01323
53.09	-0.01326
53.1	-0.01326
53.11	-0.01328
53.12	-0.01333
53.13	-0.01340
53.14	-0.01348
53.15	-0.01355
53.16	-0.01361
53.17	-0.01387
53.18	-0.01456
53.19	-0.01578
53.2	-0.01748
53.21	-0.01954
53.22	-0.02185
53.23	-0.02428
53.24	-0.02648
53.25	-0.02804
53.26	-0.02878
53.27	-0.02888
53.28	-0.02861
53.29	-0.02826
53.3	-0.02800
53.31	-0.02785
53.32	-0.02773
53.33	-0.02739
53.34	-0.02665
53.35	-0.02549
53.36	-0.02403
53.37	-0.02245
53.38	-0.02089
53.39	-0.01939
53.4	-0.01795
53.41	-0.01653
53.42	-0.01510
53.43	-0.01363
53.44	-0.01213
53.45	-0.01063
53.46	-0.00918
53.47	-0.00799
53.48	-0.00717
53.49	-0.00671
53.5	-0.00651
53.51	-0.00640
53.52	-0.00627
53.53	-0.00609
53.54	-0.00585
53.55	-0.00555
53.56	-0.00508
53.57	-0.00437
53.58	-0.00342
53.59	-0.00232
53.6	-0.00115
53.61	0.00003
53.62	0.00117
53.63	0.00228
53.64	0.00337
53.65	0.00448
53.66	0.00559
53.67	0.00672
53.68	0.00786
53.69	0.00890
53.7	0.00950
53.71	0.00943
53.72	0.00870
53.73	0.00753
53.74	0.00618
53.75	0.00483
53.76	0.00359
53.77	0.00245
53.78	0.00133
53.79	0.00019
53.8	-0.00097
53.81	-0.00195
53.82	-0.00242
53.83	-0.00230
53.84	-0.00165
53.85	-0.00073
53.86	0.00028
53.87	0.00121
53.88	0.00204
53.89	0.00281
53.9	0.00357
53.91	0.00435
53.92	0.00518
53.93	0.00602
53.94	0.00687
53.95	0.00771
53.96	0.00852
53.97	0.00932
53.98	0.01013
53.99	0.01093
54	0.01173
54.01	0.01253
54.02	0.01333
54.03	0.01412
54.04	0.01485
54.05	0.01548
54.06	0.01603
54.07	0.01651
54.08	0.01699
54.09	0.01763
54.1	0.01869
54.11	0.02023
54.12	0.02216
54.13	0.02431
54.14	0.02649
54.15	0.02862
54.16	0.03066
54.17	0.03240
54.18	0.03344
54.19	0.03356
54.2	0.03290
54.21	0.03174
54.22	0.03043
54.23	0.02918
54.24	0.02805
54.25	0.02704
54.26	0.02618
54.27	0.02552
54.28	0.02503
54.29	0.02467
54.3	0.02437
54.31	0.02408
54.32	0.02377
54.33	0.02343
54.34	0.02309
54.35	0.02273
54.36	0.02238
54.37	0.02203
54.38	0.02168
54.39	0.02132
54.4	0.02096
54.41	0.02059
54.42	0.02022
54.43	0.01983
54.44	0.01946
54.45	0.01907
54.46	0.01867
54.47	0.01828
54.48	0.01788
54.49	0.01747
54.5	0.01706
54.51	0.01665
54.52	0.01623
54.53	0.01581
54.54	0.01538
54.55	0.01495
54.56	0.01451
54.57	0.01407
54.58	0.01364
54.59	0.01337
54.6	0.01347
54.61	0.01400
54.62	0.01491
54.63	0.01601
54.64	0.01716
54.65	0.01825
54.66	0.01928
54.67	0.02026
54.68	0.02122
54.69	0.02222
54.7	0.02323
54.71	0.02419
54.72	0.02498
54.73	0.02553
54.74	0.02586
54.75	0.02606
54.76	0.02622
54.77	0.02641
54.78	0.02662
54.79	0.02675
54.8	0.02640
54.81	0.02522
54.82	0.02319
54.83	0.02055
54.84	0.01765
54.85	0.01495
54.86	0.01291
54.87	0.01173
54.88	0.01122
54.89	0.01108
54.9	0.01102
54.91	0.01085
54.92	0.01056
54.93	0.01018
54.94	0.00981
54.95	0.00949
54.96	0.00922
54.97	0.00897
54.98	0.00873
54.99	0.00847
55	0.00819
55.01	0.00790
55.02	0.00761
55.03	0.00732
55.04	0.00704
55.05	0.00677
55.06	0.00651
55.07	0.00624
55.08	0.00596
55.09	0.00569
55.1	0.00542
55.11	0.00515
55.12	0.00488
55.13	0.00461
55.14	0.00436
55.15	0.00410
55.16	0.00384
55.17	0.00358
55.18	0.00333
55.19	0.00308
55.2	0.00282
55.21	0.00258
55.22	0.00233
55.23	0.00209
55.24	0.00185
55.25	0.00158
55.26	0.00127
55.27	0.00088
55.28	0.00045
55.29	-0.00002
55.3	-0.00048
55.31	-0.00088
55.32	-0.00112
55.33	-0.00113
55.34	-0.00094
55.35	-0.00061
55.36	-0.00025
55.37	0.00011
55.38	0.00044
55.39	0.00073
55.4	0.00104
55.41	0.00134
55.42	0.00150
55.43	0.00135
55.44	0.00084
55.45	0.00002
55.46	-0.00095
55.47	-0.00195
55.48	-0.00290
55.49	-0.00379
55.5	-0.00464
55.51	-0.00550
55.52	-0.00635
55.53	-0.00724
55.54	-0.00813
55.55	-0.00900
55.56	-0.00990
55.57	-0.01087
55.58	-0.01193
55.59	-0.01312
55.6	-0.01436
55.61	-0.01564
55.62	-0.01691
55.63	-0.01816
55.64	-0.01938
55.65	-0.02059
55.66	-0.02161
55.67	-0.02212
55.68	-0.02194
55.69	-0.02116
55.7	-0.02000
55.71	-0.01873
55.72	-0.01749
55.73	-0.01636
55.74	-0.01529
55.75	-0.01428
55.76	-0.01341
55.77	-0.01280
55.78	-0.01244
55.79	-0.01229
55.8	-0.01224
55.81	-0.01221
55.82	-0.01214
55.83	-0.01202
55.84	-0.01188
55.85	-0.01174
55.86	-0.01161
55.87	-0.01150
55.88	-0.01146
55.89	-0.01149
55.9	-0.01160
55.91	-0.01177
55.92	-0.01197
55.93	-0.01215
55.94	-0.01233
55.95	-0.01250
55.96	-0.01265
55.97	-0.01281
55.98	-0.01297
55.99	-0.01310
56	-0.01311
56.01	-0.01296
56.02	-0.01266
56.03	-0.01227
56.04	-0.01185
56.05	-0.01144
56.06	-0.01104
56.07	-0.01067
56.08	-0.01029
56.09	-0.00992
56.1	-0.00957
56.11	-0.00933
56.12	-0.00927
56.13	-0.00936
56.14	-0.00955
56.15	-0.00978
56.16	-0.01000
56.17	-0.01020
56.18	-0.01036
56.19	-0.01053
56.2	-0.01070
56.21	-0.01088
56.22	-0.01107
56.23	-0.01125
56.24	-0.01144
56.25	-0.01160
56.26	-0.01162
56.27	-0.01149
56.28	-0.01121
56.29	-0.01084
56.3	-0.01044
56.31	-0.01005
56.32	-0.00969
56.33	-0.00934
56.34	-0.00904
56.35	-0.00891
56.36	-0.00902
56.37	-0.00936
56.38	-0.00984
56.39	-0.01039
56.4	-0.01094
56.41	-0.01144
56.42	-0.01193
56.43	-0.01239
56.44	-0.01287
56.45	-0.01337
56.46	-0.01387
56.47	-0.01438
56.48	-0.01490
56.49	-0.01536
56.5	-0.01568
56.51	-0.01575
56.52	-0.01561
56.53	-0.01533
56.54	-0.01500
56.55	-0.01469
56.56	-0.01440
56.57	-0.01416
56.58	-0.01392
56.59	-0.01367
56.6	-0.01342
56.61	-0.01310
56.62	-0.01253
56.63	-0.01160
56.64	-0.01034
56.65	-0.00887
56.66	-0.00731
56.67	-0.00577
56.68	-0.00428
56.69	-0.00285
56.7	-0.00142
56.71	0.00000
56.72	0.00145
56.73	0.00291
56.74	0.00438
56.75	0.00583
56.76	0.00728
56.77	0.00871
56.78	0.01015
56.79	0.01159
56.8	0.01302
56.81	0.01445
56.82	0.01589
56.83	0.01731
56.84	0.01873
56.85	0.02011
56.86	0.02117
56.87	0.02160
56.88	0.02135
56.89	0.02056
56.9	0.01952
56.91	0.01843
56.92	0.01743
56.93	0.01653
56.94	0.01568
56.95	0.01483
56.96	0.01393
56.97	0.01299
56.98	0.01203
56.99	0.01107
57	0.01012
57.01	0.00918
57.02	0.00826
57.03	0.00732
57.04	0.00638
57.05	0.00544
57.06	0.00448
57.07	0.00353
57.08	0.00260
57.09	0.00191
57.1	0.00163
57.11	0.00184
57.12	0.00239
57.13	0.00314
57.14	0.00390
57.15	0.00461
57.16	0.00523
57.17	0.00583
57.18	0.00642
57.19	0.00704
57.2	0.00769
57.21	0.00834
57.22	0.00900
57.23	0.00965
57.24	0.01028
57.25	0.01090
57.26	0.01154
57.27	0.01217
57.28	0.01279
57.29	0.01329
57.3	0.01348
57.31	0.01328
57.32	0.01275
57.33	0.01201
57.34	0.01124
57.35	0.01049
57.36	0.00980
57.37	0.00914
57.38	0.00850
57.39	0.00784
57.4	0.00715
57.41	0.00645
57.42	0.00574
57.43	0.00504
57.44	0.00436
57.45	0.00368
57.46	0.00301
57.47	0.00248
57.48	0.00228
57.49	0.00244
57.5	0.00288
57.51	0.00349
57.52	0.00412
57.53	0.00470
57.54	0.00523
57.55	0.00574
57.56	0.00624
57.57	0.00671
57.58	0.00710
57.59	0.00734
57.6	0.00744
57.61	0.00746
57.62	0.00744
57.63	0.00744
57.64	0.00745
57.65	0.00749
57.66	0.00753
57.67	0.00757
57.68	0.00758
57.69	0.00739
57.7	0.00677
57.71	0.00566
57.72	0.00418
57.73	0.00248
57.74	0.00076
57.75	-0.00091
57.76	-0.00247
57.77	-0.00371
57.78	-0.00431
57.79	-0.00423
57.8	-0.00361
57.81	-0.00271
57.82	-0.00175
57.83	-0.00086
57.84	-0.00007
57.85	0.00066
57.86	0.00141
57.87	0.00218
57.88	0.00298
57.89	0.00381
57.9	0.00459
57.91	0.00521
57.92	0.00564
57.93	0.00593
57.94	0.00613
57.95	0.00631
57.96	0.00651
57.97	0.00674
57.98	0.00699
57.99	0.00724
58	0.00748
58.01	0.00772
58.02	0.00794
58.03	0.00817
58.04	0.00841
58.05	0.00864
58.06	0.00887
58.07	0.00897
58.08	0.00875
58.09	0.00818
58.1	0.00734
58.11	0.00635
58.12	0.00534
58.13	0.00438
58.14	0.00347
58.15	0.00259
58.16	0.00170
58.17	0.00080
58.18	-0.00011
58.19	-0.00104
58.2	-0.00197
58.21	-0.00288
58.22	-0.00380
58.23	-0.00471
58.24	-0.00561
58.25	-0.00652
58.26	-0.00743
58.27	-0.00834
58.28	-0.00917
58.29	-0.00978
58.3	-0.01007
58.31	-0.01007
58.32	-0.00988
58.33	-0.00963
58.34	-0.00940
58.35	-0.00921
58.36	-0.00907
58.37	-0.00893
58.38	-0.00878
58.39	-0.00861
58.4	-0.00843
58.41	-0.00824
58.42	-0.00806
58.43	-0.00787
58.44	-0.00771
58.45	-0.00754
58.46	-0.00737
58.47	-0.00723
58.48	-0.00724
58.49	-0.00747
58.5	-0.00793
58.51	-0.00852
58.52	-0.00917
58.53	-0.00980
58.54	-0.01041
58.55	-0.01097
58.56	-0.01154
58.57	-0.01197
58.58	-0.01208
58.59	-0.01174
58.6	-0.01101
58.61	-0.01002
58.62	-0.00896
58.63	-0.00792
58.64	-0.00694
58.65	-0.00603
58.66	-0.00512
58.67	-0.00419
58.68	-0.00325
58.69	-0.00228
58.7	-0.00131
58.71	-0.00034
58.72	0.00062
58.73	0.00157
58.74	0.00246
58.75	0.00308
58.76	0.00315
58.77	0.00268
58.78	0.00180
58.79	0.00072
58.8	-0.00038
58.81	-0.00140
58.82	-0.00234
58.83	-0.00324
58.84	-0.00415
58.85	-0.00509
58.86	-0.00606
58.87	-0.00705
58.88	-0.00804
58.89	-0.00900
58.9	-0.00980
58.91	-0.01034
58.92	-0.01056
58.93	-0.01057
58.94	-0.01047
58.95	-0.01036
58.96	-0.01028
58.97	-0.01025
58.98	-0.01024
58.99	-0.01023
59	-0.01020
59.01	-0.01015
59.02	-0.01010
59.03	-0.01005
59.04	-0.01000
59.05	-0.00997
59.06	-0.00994
59.07	-0.00990
59.08	-0.00987
59.09	-0.00989
59.1	-0.01008
59.11	-0.01054
59.12	-0.01121
59.13	-0.01203
59.14	-0.01291
59.15	-0.01377
59.16	-0.01460
59.17	-0.01539
59.18	-0.01616
59.19	-0.01672
59.2	-0.01673
59.21	-0.01606
59.22	-0.01478
59.23	-0.01317
59.24	-0.01144
59.25	-0.00977
59.26	-0.00821
59.27	-0.00673
59.28	-0.00525
59.29	-0.00375
59.3	-0.00221
59.31	-0.00064
59.32	0.00085
59.33	0.00192
59.34	0.00238
59.35	0.00222
59.36	0.00165
59.37	0.00092
59.38	0.00019
59.39	-0.00043
59.4	-0.00097
59.41	-0.00148
59.42	-0.00201
59.43	-0.00258
59.44	-0.00318
59.45	-0.00370
59.46	-0.00376
59.47	-0.00306
59.48	-0.00159
59.49	0.00043
59.5	0.00268
59.51	0.00494
59.52	0.00708
59.53	0.00900
59.54	0.01044
59.55	0.01124
59.56	0.01147
59.57	0.01135
59.58	0.01109
59.59	0.01085
59.6	0.01070
59.61	0.01062
59.62	0.01055
59.63	0.01047
59.64	0.01034
59.65	0.01021
59.66	0.01018
59.67	0.01044
59.68	0.01103
59.69	0.01189
59.7	0.01291
59.71	0.01396
59.72	0.01497
59.73	0.01593
59.74	0.01676
59.75	0.01719
59.76	0.01706
59.77	0.01641
59.78	0.01540
59.79	0.01427
59.8	0.01316
59.81	0.01213
59.82	0.01116
59.83	0.01021
59.84	0.00926
59.85	0.00827
59.86	0.00725
59.87	0.00623
59.88	0.00521
59.89	0.00420
59.9	0.00321
59.91	0.00221
59.92	0.00122
59.93	0.00022
59.94	-0.00079
59.95	-0.00179
59.96	-0.00280
59.97	-0.00380
59.98	-0.00480
59.99	-0.00580
60	-0.00680
60.01	-0.00780
60.02	-0.00880
60.03	-0.00980
60.04	-0.01080
60.05	-0.01180
60.06	-0.01280
60.07	-0.01375
60.08	-0.01450
60.09	-0.01493
60.1	-0.01506
60.11	-0.01497
60.12	-0.01479
60.13	-0.01463
60.14	-0.01450
60.15	-0.01442
60.16	-0.01436
60.17	-0.01428
60.18	-0.01419
60.19	-0.01407
60.2	-0.01378
60.21	-0.01307
60.22	-0.01187
60.23	-0.01021
60.24	-0.00831
60.25	-0.00633
60.26	-0.00439
60.27	-0.00253
60.28	-0.00073
60.29	0.00093
60.3	0.00214
60.31	0.00275
60.32	0.00279
60.33	0.00246
60.34	0.00200
60.35	0.00156
60.36	0.00122
60.37	0.00095
60.38	0.00071
60.39	0.00045
60.4	0.00015
60.41	-0.00018
60.42	-0.00052
60.43	-0.00085
60.44	-0.00117
60.45	-0.00148
60.46	-0.00178
60.47	-0.00208
60.48	-0.00239
60.49	-0.00271
60.5	-0.00295
60.51	-0.00278
60.52	-0.00188
60.53	-0.00021
60.54	0.00205
60.55	0.00456
60.56	0.00710
60.57	0.00945
60.58	0.01127
60.59	0.01236
60.6	0.01273
60.61	0.01265
60.62	0.01240
60.63	0.01215
60.64	0.01201
60.65	0.01195
60.66	0.01193
60.67	0.01187
60.68	0.01177
60.69	0.01165
60.7	0.01151
60.71	0.01138
60.72	0.01127
60.73	0.01117
60.74	0.01101
60.75	0.01067
60.76	0.01003
60.77	0.00911
60.78	0.00802
60.79	0.00686
60.8	0.00571
60.81	0.00461
60.82	0.00355
60.83	0.00250
60.84	0.00143
60.85	0.00035
60.86	-0.00074
60.87	-0.00184
60.88	-0.00294
60.89	-0.00403
60.9	-0.00511
60.91	-0.00620
60.92	-0.00727
60.93	-0.00836
60.94	-0.00945
60.95	-0.01054
60.96	-0.01154
60.97	-0.01219
60.98	-0.01229
60.99	-0.01183
61	-0.01100
61.01	-0.01003
61.02	-0.00906
61.03	-0.00818
61.04	-0.00737
61.05	-0.00659
61.06	-0.00579
61.07	-0.00497
61.08	-0.00411
61.09	-0.00325
61.1	-0.00238
61.11	-0.00154
61.12	-0.00070
61.13	0.00007
61.14	0.00055
61.15	0.00059
61.16	0.00018
61.17	-0.00052
61.18	-0.00135
61.19	-0.00216
61.2	-0.00291
61.21	-0.00361
61.22	-0.00427
61.23	-0.00495
61.24	-0.00564
61.25	-0.00620
61.26	-0.00653
61.27	-0.00662
61.28	-0.00654
61.29	-0.00636
61.3	-0.00619
61.31	-0.00604
61.32	-0.00594
61.33	-0.00585
61.34	-0.00578
61.35	-0.00567
61.36	-0.00555
61.37	-0.00543
61.38	-0.00531
61.39	-0.00519
61.4	-0.00508
61.41	-0.00497
61.42	-0.00486
61.43	-0.00471
61.44	-0.00431
61.45	-0.00349
61.46	-0.00220
61.47	-0.00058
61.48	0.00122
61.49	0.00301
61.5	0.00474
61.51	0.00641
61.52	0.00804
61.53	0.00965
61.54	0.01097
61.55	0.01173
61.56	0.01187
61.57	0.01150
61.58	0.01087
61.59	0.01020
61.6	0.00960
61.61	0.00910
61.62	0.00867
61.63	0.00822
61.64	0.00774
61.65	0.00723
61.66	0.00670
61.67	0.00625
61.68	0.00605
61.69	0.00617
61.7	0.00656
61.71	0.00712
61.72	0.00773
61.73	0.00832
61.74	0.00884
61.75	0.00934
61.76	0.00984
61.77	0.01035
61.78	0.01087
61.79	0.01140
61.8	0.01194
61.81	0.01249
61.82	0.01296
61.83	0.01313
61.84	0.01285
61.85	0.01209
61.86	0.01098
61.87	0.00974
61.88	0.00848
61.89	0.00731
61.9	0.00618
61.91	0.00509
61.92	0.00404
61.93	0.00311
61.94	0.00241
61.95	0.00196
61.96	0.00168
61.97	0.00148
61.98	0.00128
61.99	0.00105
62	0.00078
62.01	0.00050
62.02	0.00022
62.03	-0.00005
62.04	-0.00030
62.05	-0.00045
62.06	-0.00042
62.07	-0.00013
62.08	0.00037
62.09	0.00099
62.1	0.00164
62.11	0.00227
62.12	0.00278
62.13	0.00307
62.14	0.00314
62.15	0.00305
62.16	0.00288
62.17	0.00271
62.18	0.00256
62.19	0.00245
62.2	0.00234
62.21	0.00227
62.22	0.00232
62.23	0.00260
62.24	0.00309
62.25	0.00374
62.26	0.00445
62.27	0.00516
62.28	0.00584
62.29	0.00648
62.3	0.00708
62.31	0.00744
62.32	0.00741
62.33	0.00694
62.34	0.00614
62.35	0.00518
62.36	0.00421
62.37	0.00329
62.38	0.00245
62.39	0.00162
62.4	0.00080
62.41	-0.00005
62.42	-0.00093
62.43	-0.00181
62.44	-0.00269
62.45	-0.00357
62.46	-0.00444
62.47	-0.00530
62.48	-0.00616
62.49	-0.00703
62.5	-0.00789
62.51	-0.00876
62.52	-0.00964
62.53	-0.01049
62.54	-0.01111
62.55	-0.01124
62.56	-0.01074
62.57	-0.00975
62.58	-0.00848
62.59	-0.00715
62.6	-0.00588
62.61	-0.00471
62.62	-0.00358
62.63	-0.00246
62.64	-0.00132
62.65	-0.00014
62.66	0.00107
62.67	0.00227
62.68	0.00335
62.69	0.00398
62.7	0.00398
62.71	0.00335
62.72	0.00234
62.73	0.00118
62.74	0.00005
62.75	-0.00092
62.76	-0.00142
62.77	-0.00126
62.78	-0.00042
62.79	0.00091
62.8	0.00245
62.81	0.00399
62.82	0.00545
62.83	0.00682
62.84	0.00814
62.85	0.00907
62.86	0.00927
62.87	0.00858
62.88	0.00718
62.89	0.00541
62.9	0.00355
62.91	0.00179
62.92	0.00018
62.93	-0.00114
62.94	-0.00207
62.95	-0.00261
62.96	-0.00288
62.97	-0.00300
62.98	-0.00311
62.99	-0.00325
63	-0.00345
63.01	-0.00363
63.02	-0.00385
63.03	-0.00404
63.04	-0.00421
63.05	-0.00438
63.06	-0.00455
63.07	-0.00473
63.08	-0.00491
63.09	-0.00509
63.1	-0.00526
63.11	-0.00528
63.12	-0.00498
63.13	-0.00438
63.14	-0.00351
63.15	-0.00253
63.16	-0.00154
63.17	-0.00058
63.18	0.00032
63.19	0.00121
63.2	0.00209
63.21	0.00296
63.22	0.00368
63.23	0.00405
63.24	0.00404
63.25	0.00373
63.26	0.00328
63.27	0.00278
63.28	0.00235
63.29	0.00198
63.3	0.00163
63.31	0.00128
63.32	0.00092
63.33	0.00052
63.34	0.00012
63.35	-0.00025
63.36	-0.00046
63.37	-0.00045
63.38	-0.00024
63.39	0.00013
63.4	0.00055
63.41	0.00096
63.42	0.00135
63.43	0.00170
63.44	0.00203
63.45	0.00238
63.46	0.00274
63.47	0.00310
63.48	0.00347
63.49	0.00384
63.5	0.00420
63.51	0.00455
63.52	0.00491
63.53	0.00526
63.54	0.00561
63.55	0.00581
63.56	0.00570
63.57	0.00521
63.58	0.00441
63.59	0.00344
63.6	0.00243
63.61	0.00146
63.62	0.00055
63.63	-0.00028
63.64	-0.00087
63.65	-0.00099
63.66	-0.00059
63.67	0.00018
63.68	0.00117
63.69	0.00218
63.7	0.00314
63.71	0.00401
63.72	0.00484
63.73	0.00568
63.74	0.00653
63.75	0.00741
63.76	0.00830
63.77	0.00918
63.78	0.01006
63.79	0.01090
63.8	0.01147
63.81	0.01143
63.82	0.01067
63.83	0.00931
63.84	0.00764
63.85	0.00590
63.86	0.00424
63.87	0.00268
63.88	0.00120
63.89	-0.00027
63.9	-0.00177
63.91	-0.00330
63.92	-0.00485
63.93	-0.00627
63.94	-0.00732
63.95	-0.00788
63.96	-0.00804
63.97	-0.00793
63.98	-0.00775
63.99	-0.00761
64	-0.00755
64.01	-0.00754
64.02	-0.00754
64.03	-0.00751
64.04	-0.00745
64.05	-0.00738
64.06	-0.00731
64.07	-0.00724
64.08	-0.00717
64.09	-0.00712
64.1	-0.00707
64.11	-0.00702
64.12	-0.00696
64.13	-0.00690
64.14	-0.00684
64.15	-0.00678
64.16	-0.00672
64.17	-0.00667
64.18	-0.00661
64.19	-0.00654
64.2	-0.00631
64.21	-0.00577
64.22	-0.00485
64.23	-0.00365
64.24	-0.00231
64.25	-0.00094
64.26	0.00038
64.27	0.00163
64.28	0.00281
64.29	0.00379
64.3	0.00445
64.31	0.00476
64.32	0.00481
64.33	0.00474
64.34	0.00465
64.35	0.00461
64.36	0.00461
64.37	0.00462
64.38	0.00464
64.39	0.00464
64.4	0.00462
64.41	0.00460
64.42	0.00457
64.43	0.00454
64.44	0.00454
64.45	0.00453
64.46	0.00451
64.47	0.00450
64.48	0.00448
64.49	0.00447
64.5	0.00444
64.51	0.00443
64.52	0.00445
64.53	0.00464
64.54	0.00508
64.55	0.00574
64.56	0.00655
64.57	0.00742
64.58	0.00827
64.59	0.00907
64.6	0.00983
64.61	0.01057
64.62	0.01132
64.63	0.01187
64.64	0.01208
64.65	0.01184
64.66	0.01126
64.67	0.01050
64.68	0.00971
64.69	0.00897
64.7	0.00831
64.71	0.00768
64.72	0.00706
64.73	0.00642
64.74	0.00577
64.75	0.00509
64.76	0.00443
64.77	0.00378
64.78	0.00318
64.79	0.00264
64.8	0.00213
64.81	0.00165
64.82	0.00118
64.83	0.00070
64.84	0.00023
64.85	-0.00025
64.86	-0.00074
64.87	-0.00128
64.88	-0.00190
64.89	-0.00258
64.9	-0.00331
64.91	-0.00406
64.92	-0.00480
64.93	-0.00551
64.94	-0.00621
64.95	-0.00691
64.96	-0.00760
64.97	-0.00828
64.98	-0.00897
64.99	-0.00965
65	-0.01032
65.01	-0.01098
65.02	-0.01164
65.03	-0.01229
65.04	-0.01293
65.05	-0.01357
65.06	-0.01420
65.07	-0.01482
65.08	-0.01543
65.09	-0.01603
65.1	-0.01664
65.11	-0.01723
65.12	-0.01768
65.13	-0.01787
65.14	-0.01776
65.15	-0.01743
65.16	-0.01697
65.17	-0.01650
65.18	-0.01605
65.19	-0.01566
65.2	-0.01529
65.21	-0.01493
65.22	-0.01455
65.23	-0.01416
65.24	-0.01375
65.25	-0.01336
65.26	-0.01297
65.27	-0.01258
65.28	-0.01221
65.29	-0.01184
65.3	-0.01151
65.31	-0.01125
65.32	-0.01109
65.33	-0.01099
65.34	-0.01093
65.35	-0.01088
65.36	-0.01081
65.37	-0.01074
65.38	-0.01065
65.39	-0.01057
65.4	-0.01049
65.41	-0.01040
65.42	-0.01034
65.43	-0.01026
65.44	-0.01017
65.45	-0.01010
65.46	-0.01001
65.47	-0.00994
65.48	-0.00985
65.49	-0.00977
65.5	-0.00968
65.51	-0.00960
65.52	-0.00952
65.53	-0.00944
65.54	-0.00935
65.55	-0.00927
65.56	-0.00917
65.57	-0.00910
65.58	-0.00900
65.59	-0.00892
65.6	-0.00883
65.61	-0.00874
65.62	-0.00866
65.63	-0.00857
65.64	-0.00848
65.65	-0.00839
65.66	-0.00830
65.67	-0.00821
65.68	-0.00812
65.69	-0.00803
65.7	-0.00794
65.71	-0.00784
65.72	-0.00775
65.73	-0.00766
65.74	-0.00757
65.75	-0.00747
65.76	-0.00737
65.77	-0.00729
65.78	-0.00719
65.79	-0.00710
65.8	-0.00701
65.81	-0.00691
65.82	-0.00681
65.83	-0.00671
65.84	-0.00661
65.85	-0.00653
65.86	-0.00643
65.87	-0.00634
65.88	-0.00623
65.89	-0.00605
65.9	-0.00571
65.91	-0.00517
65.92	-0.00447
65.93	-0.00370
65.94	-0.00291
65.95	-0.00215
65.96	-0.00142
65.97	-0.00073
65.98	-0.00005
65.99	0.00064
66	0.00132
66.01	0.00200
66.02	0.00268
66.03	0.00334
66.04	0.00398
66.05	0.00462
66.06	0.00524
66.07	0.00586
66.08	0.00647
66.09	0.00708
66.1	0.00767
66.11	0.00825
66.12	0.00883
66.13	0.00938
66.14	0.00994
66.15	0.01048
66.16	0.01096
66.17	0.01132
66.18	0.01154
66.19	0.01167
66.2	0.01173
66.21	0.01180
66.22	0.01187
66.23	0.01195
66.24	0.01204
66.25	0.01213
66.26	0.01222
66.27	0.01229
66.28	0.01235
66.29	0.01241
66.3	0.01247
66.31	0.01253
66.32	0.01258
66.33	0.01263
66.34	0.01269
66.35	0.01270
66.36	0.01265
66.37	0.01253
66.38	0.01236
66.39	0.01215
66.4	0.01194
66.41	0.01173
66.42	0.01154
66.43	0.01137
66.44	0.01118
66.45	0.01100
66.46	0.01081
66.47	0.01063
66.48	0.01044
66.49	0.01026
66.5	0.01007
66.51	0.00990
66.52	0.00972
66.53	0.00954
66.54	0.00936
66.55	0.00918
66.56	0.00900
66.57	0.00883
66.58	0.00865
66.59	0.00848
66.6	0.00831
66.61	0.00814
66.62	0.00796
66.63	0.00779
66.64	0.00762
66.65	0.00744
66.66	0.00728
66.67	0.00711
66.68	0.00695
66.69	0.00675
66.7	0.00651
66.71	0.00618
66.72	0.00581
66.73	0.00541
66.74	0.00502
66.75	0.00463
66.76	0.00426
66.77	0.00391
66.78	0.00357
66.79	0.00322
66.8	0.00288
66.81	0.00255
66.82	0.00222
66.83	0.00191
66.84	0.00159
66.85	0.00128
66.86	0.00100
66.87	0.00071
66.88	0.00042
66.89	0.00015
66.9	-0.00012
66.91	-0.00038
66.92	-0.00063
66.93	-0.00087
66.94	-0.00112
66.95	-0.00135
66.96	-0.00157
66.97	-0.00178
66.98	-0.00199
66.99	-0.00219
67	-0.00239
67.01	-0.00258
67.02	-0.00276
67.03	-0.00294
67.04	-0.00308
67.05	-0.00311
67.06	-0.00295
67.07	-0.00260
67.08	-0.00210
67.09	-0.00155
67.1	-0.00101
67.11	-0.00052
67.12	-0.00005
67.13	0.00037
67.14	0.00078
67.15	0.00119
67.16	0.00159
67.17	0.00198
67.18	0.00237
67.19	0.00272
67.2	0.00300
67.21	0.00315
67.22	0.00318
67.23	0.00312
67.24	0.00301
67.25	0.00291
67.26	0.00281
67.27	0.00274
67.28	0.00267
67.29	0.00260
67.3	0.00253
67.31	0.00245
67.32	0.00237
67.33	0.00227
67.34	0.00213
67.35	0.00195
67.36	0.00172
67.37	0.00149
67.38	0.00126
67.39	0.00104
67.4	0.00083
67.41	0.00064
67.42	0.00045
67.43	0.00027
67.44	0.00009
67.45	-0.00008
67.46	-0.00025
67.47	-0.00041
67.48	-0.00056
67.49	-0.00071
67.5	-0.00085
67.51	-0.00097
67.52	-0.00108
67.53	-0.00114
67.54	-0.00116
67.55	-0.00117
67.56	-0.00117
67.57	-0.00117
67.58	-0.00117
67.59	-0.00118
67.6	-0.00118
67.61	-0.00119
67.62	-0.00119
67.63	-0.00119
67.64	-0.00119
67.65	-0.00119
67.66	-0.00118
67.67	-0.00118
67.68	-0.00118
67.69	-0.00118
67.7	-0.00118
67.71	-0.00118
67.72	-0.00117
67.73	-0.00116
67.74	-0.00115
67.75	-0.00115
67.76	-0.00115
67.77	-0.00115
67.78	-0.00114
67.79	-0.00113
67.8	-0.00112
67.81	-0.00111
67.82	-0.00110
67.83	-0.00109
67.84	-0.00107
67.85	-0.00103
67.86	-0.00097
67.87	-0.00090
67.88	-0.00083
67.89	-0.00076
67.9	-0.00069
67.91	-0.00064
67.92	-0.00058
67.93	-0.00053
67.94	-0.00048
67.95	-0.00044
67.96	-0.00039
67.97	-0.00036
67.98	-0.00036
67.99	-0.00040
68	-0.00048
68.01	-0.00058
68.02	-0.00067
68.03	-0.00076
68.04	-0.00085
68.05	-0.00092
68.06	-0.00097
68.07	-0.00103
68.08	-0.00108
68.09	-0.00114
68.1	-0.00118
68.11	-0.00122
68.12	-0.00122
68.13	-0.00118
68.14	-0.00112
68.15	-0.00103
68.16	-0.00094
68.17	-0.00086
68.18	-0.00078
68.19	-0.00072
68.2	-0.00066
68.21	-0.00059
68.22	-0.00054
68.23	-0.00048
68.24	-0.00044
68.25	-0.00038
68.26	-0.00035
68.27	-0.00031
68.28	-0.00027
68.29	-0.00025
68.3	-0.00022
68.31	-0.00022
68.32	-0.00022
68.33	-0.00023
68.34	-0.00025
68.35	-0.00025
68.36	-0.00026
68.37	-0.00026
68.38	-0.00027
68.39	-0.00028
68.4	-0.00028
68.41	-0.00029
68.42	-0.00030
68.43	-0.00030
68.44	-0.00031
68.45	-0.00031
68.46	-0.00032
68.47	-0.00032
68.48	-0.00032
68.49	-0.00030
68.5	-0.00029
68.51	-0.00028
68.52	-0.00026
68.53	-0.00025
68.54	-0.00025
68.55	-0.00025
68.56	-0.00025
68.57	-0.00025
68.58	-0.00026
68.59	-0.00026
68.6	-0.00026
68.61	-0.00027
68.62	-0.00027
68.63	-0.00027
68.64	-0.00027
68.65	-0.00027
68.66	-0.00027
68.67	-0.00028
68.68	-0.00028
68.69	-0.00028
68.7	-0.00028
68.71	-0.00028
68.72	-0.00029
68.73	-0.00031
68.74	-0.00032
68.75	-0.00034
68.76	-0.00035
68.77	-0.00035
68.78	-0.00035
68.79	-0.00035
68.8	-0.00034
68.81	-0.00033
68.82	-0.00032
68.83	-0.00031
68.84	-0.00030
68.85	-0.00029
68.86	-0.00028
68.87	-0.00027
68.88	-0.00026
68.89	-0.00025
68.9	-0.00025
68.91	-0.00025
68.92	-0.00025
68.93	-0.00024
68.94	-0.00024
68.95	-0.00023
68.96	-0.00023
68.97	-0.00022
68.98	-0.00022
68.99	-0.00022
69	-0.00022
69.01	-0.00021
69.02	-0.00021
69.03	-0.00020
69.04	-0.00020
69.05	-0.00019
69.06	-0.00019
69.07	-0.00018
69.08	-0.00018
69.09	-0.00018
69.1	-0.00018
69.11	-0.00018
69.12	-0.00018
69.13	-0.00017
69.14	-0.00017
69.15	-0.00016
69.16	-0.00016
69.17	-0.00016
69.18	-0.00015
69.19	-0.00015
69.2	-0.00015
69.21	-0.00015
69.22	-0.00015
69.23	-0.00014
69.24	-0.00014
69.25	-0.00014
69.26	-0.00013
69.27	-0.00013
69.28	-0.00013
69.29	-0.00012
69.3	-0.00012
69.31	-0.00012
69.32	-0.00012
69.33	-0.00012
69.34	-0.00012
69.35	-0.00012
69.36	-0.00011
69.37	-0.00011
69.38	-0.00011
69.39	-0.00011
69.4	-0.00011
69.41	-0.00011
69.42	-0.00011
69.43	-0.00011
69.44	-0.00010
69.45	-0.00010
69.46	-0.00010
69.47	-0.00010
69.48	-0.00009
69.49	-0.00009
69.5	-0.00009
69.51	-0.00009
69.52	-0.00008
69.53	-0.00008
69.54	-0.00008
69.55	-0.00008
69.56	-0.00008
69.57	-0.00008
69.58	-0.00008
69.59	-0.00008
69.6	-0.00007
69.61	-0.00007
69.62	-0.00007
69.63	-0.00007
69.64	-0.00006
69.65	-0.00006
69.66	-0.00006
69.67	-0.00005
69.68	-0.00005
69.69	-0.00005
69.7	-0.00005
69.71	-0.00005
69.72	-0.00005
69.73	-0.00005
69.74	-0.00005
69.75	-0.00004
69.76	-0.00004
69.77	-0.00004
69.78	-0.00004
69.79	-0.00004
69.8	-0.00004
69.81	-0.00004
69.82	-0.00004
69.83	-0.00003
69.84	-0.00003
69.85	-0.00003
69.86	-0.00003
69.87	-0.00002
69.88	-0.00002
69.89	-0.00002
69.9	-0.00002
69.91	-0.00002
69.92	-0.00002
69.93	-0.00002
69.94	-0.00001
69.95	-0.00001
69.96	-0.00001
69.97	-0.00001
69.98	0.00000
69.99	0.00000