t(s)	a(g)
0	0.00028
0.01	-0.00103
0.02	-0.00105
0.03	-0.00106
0.04	-0.00108
0.05	-0.00109
0.06	-0.00111
0.07	-0.00112
0.08	-0.00114
0.09	-0.00115
0.1	-0.00116
0.11	-0.00117
0.12	-0.00119
0.13	-0.00120
0.14	-0.00122
0.15	-0.00123
0.16	-0.00124
0.17	-0.00126
0.18	-0.00127
0.19	-0.00128
0.2	-0.00128
0.21	-0.00131
0.22	-0.00132
0.23	-0.00135
0.24	-0.00135
0.25	-0.00136
0.26	-0.00138
0.27	-0.00139
0.28	-0.00141
0.29	-0.00142
0.3	-0.00143
0.31	-0.00145
0.32	-0.00145
0.33	-0.00147
0.34	-0.00148
0.35	-0.00149
0.36	-0.00151
0.37	-0.00152
0.38	-0.00155
0.39	-0.00155
0.4	-0.00156
0.41	-0.00156
0.42	-0.00156
0.43	-0.00156
0.44	-0.00158
0.45	-0.00160
0.46	-0.00163
0.47	-0.00165
0.48	-0.00169
0.49	-0.00171
0.5	-0.00173
0.51	-0.00175
0.52	-0.00175
0.53	-0.00176
0.54	-0.00178
0.55	-0.00178
0.56	-0.00179
0.57	-0.00180
0.58	-0.00180
0.59	-0.00181
0.6	-0.00181
0.61	-0.00184
0.62	-0.00187
0.63	-0.00192
0.64	-0.00198
0.65	-0.00203
0.66	-0.00204
0.67	-0.00201
0.68	-0.00197
0.69	-0.00192
0.7	-0.00187
0.71	-0.00184
0.72	-0.00181
0.73	-0.00185
0.74	-0.00190
0.75	-0.00197
0.76	-0.00201
0.77	-0.00205
0.78	-0.00205
0.79	-0.00207
0.8	-0.00208
0.81	-0.00211
0.82	-0.00212
0.83	-0.00215
0.84	-0.00217
0.85	-0.00218
0.86	-0.00221
0.87	-0.00223
0.88	-0.00227
0.89	-0.00232
0.9	-0.00237
0.91	-0.00241
0.92	-0.00242
0.93	-0.00243
0.94	-0.00244
0.95	-0.00246
0.96	-0.00253
0.97	-0.00261
0.98	-0.00269
0.99	-0.00272
1	-0.00264
1.01	-0.00245
1.02	-0.00219
1.03	-0.00193
1.04	-0.00169
1.05	-0.00160
1.06	-0.00166
1.07	-0.00185
1.08	-0.00209
1.09	-0.00233
1.1	-0.00257
1.11	-0.00280
1.12	-0.00305
1.13	-0.00328
1.14	-0.00335
1.15	-0.00321
1.16	-0.00293
1.17	-0.00259
1.18	-0.00228
1.19	-0.00211
1.2	-0.00213
1.21	-0.00230
1.22	-0.00241
1.23	-0.00236
1.24	-0.00209
1.25	-0.00171
1.26	-0.00133
1.27	-0.00114
1.28	-0.00128
1.29	-0.00174
1.3	-0.00236
1.31	-0.00301
1.32	-0.00367
1.33	-0.00430
1.34	-0.00489
1.35	-0.00523
1.36	-0.00515
1.37	-0.00474
1.38	-0.00417
1.39	-0.00358
1.4	-0.00301
1.41	-0.00248
1.42	-0.00190
1.43	-0.00125
1.44	-0.00057
1.45	0.00015
1.46	0.00062
1.47	0.00059
1.48	0.00007
1.49	-0.00073
1.5	-0.00158
1.51	-0.00241
1.52	-0.00321
1.53	-0.00402
1.54	-0.00481
1.55	-0.00528
1.56	-0.00524
1.57	-0.00478
1.58	-0.00413
1.59	-0.00346
1.6	-0.00288
1.61	-0.00255
1.62	-0.00277
1.63	-0.00350
1.64	-0.00453
1.65	-0.00564
1.66	-0.00671
1.67	-0.00734
1.68	-0.00713
1.69	-0.00609
1.7	-0.00455
1.71	-0.00289
1.72	-0.00145
1.73	-0.00045
1.74	0.00018
1.75	0.00064
1.76	0.00111
1.77	0.00166
1.78	0.00230
1.79	0.00293
1.8	0.00320
1.81	0.00261
1.82	0.00115
1.83	-0.00090
1.84	-0.00312
1.85	-0.00523
1.86	-0.00669
1.87	-0.00712
1.88	-0.00668
1.89	-0.00585
1.9	-0.00501
1.91	-0.00448
1.92	-0.00438
1.93	-0.00458
1.94	-0.00488
1.95	-0.00516
1.96	-0.00537
1.97	-0.00555
1.98	-0.00571
1.99	-0.00568
2	-0.00530
2.01	-0.00463
2.02	-0.00381
2.03	-0.00290
2.04	-0.00115
2.05	0.00241
2.06	0.00714
2.07	0.01057
2.08	0.01143
2.09	0.01014
2.1	0.00800
2.11	0.00598
2.12	0.00388
2.13	0.00054
2.14	-0.00460
2.15	-0.01112
2.16	-0.01722
2.17	-0.01882
2.18	-0.01402
2.19	-0.00452
2.2	0.00481
2.21	0.00982
2.22	0.01010
2.23	0.00782
2.24	0.00538
2.25	0.00393
2.26	0.00333
2.27	0.00288
2.28	0.00205
2.29	0.00075
2.3	-0.00079
2.31	-0.00230
2.32	-0.00368
2.33	-0.00497
2.34	-0.00625
2.35	-0.00751
2.36	-0.00841
2.37	-0.00871
2.38	-0.00848
2.39	-0.00801
2.4	-0.00753
2.41	-0.00713
2.42	-0.00679
2.43	-0.00639
2.44	-0.00577
2.45	-0.00491
2.46	-0.00392
2.47	-0.00308
2.48	-0.00321
2.49	-0.00479
2.5	-0.00751
2.51	-0.01074
2.52	-0.01395
2.53	-0.01658
2.54	-0.01790
2.55	-0.01795
2.56	-0.01726
2.57	-0.01641
2.58	-0.01571
2.59	-0.01497
2.6	-0.01329
2.61	-0.01007
2.62	-0.00557
2.63	-0.00053
2.64	0.00375
2.65	0.00618
2.66	0.00684
2.67	0.00662
2.68	0.00632
2.69	0.00595
2.7	0.00388
2.71	-0.00105
2.72	-0.00844
2.73	-0.01680
2.74	-0.02198
2.75	-0.01899
2.76	-0.00962
2.77	0.00002
2.78	0.00604
2.79	0.00833
2.8	0.00893
2.81	0.00993
2.82	0.01347
2.83	0.02122
2.84	0.03125
2.85	0.03774
2.86	0.03761
2.87	0.03214
2.88	0.02455
2.89	0.01766
2.9	0.01350
2.91	0.01230
2.92	0.01274
2.93	0.01261
2.94	0.00974
2.95	0.00391
2.96	-0.00358
2.97	-0.01134
2.98	-0.01764
2.99	-0.01976
3	-0.01707
3.01	-0.01124
3.02	-0.00496
3.03	-0.00120
3.04	-0.00094
3.05	-0.00304
3.06	-0.00570
3.07	-0.00681
3.08	-0.00519
3.09	-0.00139
3.1	0.00329
3.11	0.00737
3.12	0.00899
3.13	0.00766
3.14	0.00440
3.15	0.00056
3.16	-0.00283
3.17	-0.00467
3.18	-0.00450
3.19	-0.00295
3.2	-0.00094
3.21	0.00095
3.22	0.00258
3.23	0.00410
3.24	0.00564
3.25	0.00687
3.26	0.00717
3.27	0.00650
3.28	0.00523
3.29	0.00381
3.3	0.00248
3.31	0.00139
3.32	0.00165
3.33	0.00495
3.34	0.01143
3.35	0.01979
3.36	0.02859
3.37	0.03705
3.38	0.04433
3.39	0.04655
3.4	0.04100
3.41	0.02927
3.42	0.01638
3.43	0.00712
3.44	0.00246
3.45	0.00052
3.46	-0.00108
3.47	-0.00361
3.48	-0.00709
3.49	-0.01083
3.5	-0.01418
3.51	-0.01613
3.52	-0.01571
3.53	-0.01326
3.54	-0.00982
3.55	-0.00631
3.56	-0.00311
3.57	-0.00015
3.58	0.00279
3.59	0.00588
3.6	0.00862
3.61	0.00902
3.62	0.00588
3.63	-0.00006
3.64	-0.00721
3.65	-0.01410
3.66	-0.01793
3.67	-0.01532
3.68	-0.00641
3.69	0.00603
3.7	0.01908
3.71	0.03041
3.72	0.03636
3.73	0.03545
3.74	0.02968
3.75	0.02215
3.76	0.01478
3.77	0.00762
3.78	0.00006
3.79	-0.00824
3.8	-0.01716
3.81	-0.02598
3.82	-0.03138
3.83	-0.03068
3.84	-0.02475
3.85	-0.01637
3.86	-0.00806
3.87	-0.00253
3.88	-0.00163
3.89	-0.00463
3.9	-0.00940
3.91	-0.01417
3.92	-0.01796
3.93	-0.01769
3.94	-0.01058
3.95	0.00246
3.96	0.01622
3.97	0.02390
3.98	0.02369
3.99	0.01836
4	0.01180
4.01	0.00638
4.02	0.00231
4.03	-0.00181
4.04	-0.00743
4.05	-0.01475
4.06	-0.02288
4.07	-0.02875
4.08	-0.02865
4.09	-0.02239
4.1	-0.01258
4.11	-0.00238
4.12	0.00434
4.13	0.00554
4.14	0.00249
4.15	-0.00215
4.16	-0.00644
4.17	-0.00982
4.18	-0.01244
4.19	-0.01263
4.2	-0.00874
4.21	-0.00128
4.22	0.00800
4.23	0.01748
4.24	0.02679
4.25	0.03692
4.26	0.04856
4.27	0.06151
4.28	0.07355
4.29	0.07786
4.3	0.07063
4.31	0.05438
4.32	0.03437
4.33	0.01476
4.34	-0.00278
4.35	-0.01513
4.36	-0.01890
4.37	-0.01496
4.38	-0.00734
4.39	-0.00046
4.4	0.00384
4.41	0.00619
4.42	0.00809
4.43	0.01059
4.44	0.01380
4.45	0.01734
4.46	0.02076
4.47	0.02298
4.48	0.02204
4.49	0.01762
4.5	0.01102
4.51	0.00385
4.52	-0.00275
4.53	-0.00683
4.54	-0.00715
4.55	-0.00451
4.56	-0.00082
4.57	0.00080
4.58	-0.00165
4.59	-0.00748
4.6	-0.01469
4.61	-0.02021
4.62	-0.02077
4.63	-0.01622
4.64	-0.00878
4.65	-0.00087
4.66	0.00606
4.67	0.01138
4.68	0.01535
4.69	0.01876
4.7	0.02222
4.71	0.02554
4.72	0.02700
4.73	0.02552
4.74	0.02162
4.75	0.01720
4.76	0.01510
4.77	0.01654
4.78	0.02056
4.79	0.02500
4.8	0.02612
4.81	0.02184
4.82	0.01331
4.83	0.00311
4.84	-0.00681
4.85	-0.01456
4.86	-0.01637
4.87	-0.01096
4.88	-0.00055
4.89	0.01046
4.9	0.01681
4.91	0.01686
4.92	0.01276
4.93	0.00755
4.94	0.00319
4.95	-0.00005
4.96	-0.00224
4.97	-0.00157
4.98	0.00318
4.99	0.01107
5	0.01909
5.01	0.02454
5.02	0.02707
5.03	0.02799
5.04	0.02876
5.05	0.03011
5.06	0.03201
5.07	0.03401
5.08	0.03475
5.09	0.03132
5.1	0.02287
5.11	0.01100
5.12	-0.00169
5.13	-0.01051
5.14	-0.01131
5.15	-0.00465
5.16	0.00584
5.17	0.01668
5.18	0.02575
5.19	0.03147
5.2	0.03387
5.21	0.03441
5.22	0.03459
5.23	0.03510
5.24	0.03540
5.25	0.03473
5.26	0.03296
5.27	0.03054
5.28	0.02799
5.29	0.02564
5.3	0.02347
5.31	0.02069
5.32	0.00976
5.33	-0.00939
5.34	-0.02768
5.35	-0.03892
5.36	-0.04158
5.37	-0.03813
5.38	-0.03253
5.39	-0.02771
5.4	-0.02521
5.41	-0.02494
5.42	-0.02575
5.43	-0.02655
5.44	-0.02689
5.45	-0.02675
5.46	-0.02555
5.47	-0.02279
5.48	-0.01877
5.49	-0.01416
5.5	-0.00959
5.51	-0.00614
5.52	-0.00460
5.53	-0.00470
5.54	-0.00545
5.55	-0.00541
5.56	-0.00374
5.57	-0.00078
5.58	0.00270
5.59	0.00605
5.6	0.00909
5.61	0.01193
5.62	0.01437
5.63	0.01531
5.64	0.01433
5.65	0.01196
5.66	0.00905
5.67	0.00638
5.68	0.00519
5.69	0.00631
5.7	0.00927
5.71	0.01301
5.72	0.01669
5.73	0.02003
5.74	0.02317
5.75	0.02633
5.76	0.02963
5.77	0.03306
5.78	0.03653
5.79	0.03996
5.8	0.04330
5.81	0.04592
5.82	0.04663
5.83	0.04524
5.84	0.04254
5.85	0.03880
5.86	0.03179
5.87	0.01996
5.88	0.00606
5.89	-0.00339
5.9	-0.00561
5.91	-0.00239
5.92	0.00262
5.93	0.00646
5.94	0.00808
5.95	0.00830
5.96	0.00834
5.97	0.00894
5.98	0.01010
5.99	0.01144
6	0.01243
6.01	0.01219
6.02	0.01032
6.03	0.00743
6.04	0.00544
6.05	0.00608
6.06	0.00924
6.07	0.01347
6.08	0.01668
6.09	0.01796
6.1	0.01773
6.11	0.01702
6.12	0.01656
6.13	0.01651
6.14	0.01667
6.15	0.01678
6.16	0.01637
6.17	0.01236
6.18	0.00225
6.19	-0.01101
6.2	-0.02099
6.21	-0.02468
6.22	-0.02350
6.23	-0.02066
6.24	-0.01918
6.25	-0.02032
6.26	-0.02343
6.27	-0.02708
6.28	-0.03029
6.29	-0.03284
6.3	-0.03378
6.31	-0.03111
6.32	-0.02459
6.33	-0.01570
6.34	-0.00615
6.35	0.00284
6.36	0.01014
6.37	0.01536
6.38	0.01917
6.39	0.02251
6.4	0.02589
6.41	0.02781
6.42	0.02567
6.43	0.01911
6.44	0.00985
6.45	0.00042
6.46	-0.00643
6.47	-0.00980
6.48	-0.01088
6.49	-0.01133
6.5	-0.01223
6.51	-0.01373
6.52	-0.01545
6.53	-0.01703
6.54	-0.01784
6.55	-0.01667
6.56	-0.01323
6.57	-0.00831
6.58	-0.00293
6.59	0.00213
6.6	0.00541
6.61	0.00580
6.62	0.00371
6.63	0.00045
6.64	-0.00287
6.65	-0.00579
6.66	-0.00843
6.67	-0.01056
6.68	-0.01077
6.69	-0.00834
6.7	-0.00389
6.71	0.00142
6.72	0.00664
6.73	0.01151
6.74	0.01614
6.75	0.02036
6.76	0.02260
6.77	0.02182
6.78	0.01863
6.79	0.01434
6.8	0.01009
6.81	0.00627
6.82	0.00273
6.83	-0.00068
6.84	-0.00304
6.85	-0.00338
6.86	-0.00191
6.87	0.00052
6.88	0.00305
6.89	0.00531
6.9	0.00734
6.91	0.00930
6.92	0.01069
6.93	0.00989
6.94	0.00644
6.95	0.00116
6.96	-0.00846
6.97	-0.02442
6.98	-0.03920
6.99	-0.04717
7	-0.04834
7.01	-0.04606
7.02	-0.04370
7.03	-0.04278
7.04	-0.04303
7.05	-0.04351
7.06	-0.04349
7.07	-0.04289
7.08	-0.04202
7.09	-0.04122
7.1	-0.04065
7.11	-0.03976
7.12	-0.03724
7.13	-0.03254
7.14	-0.02627
7.15	-0.01945
7.16	-0.01280
7.17	-0.00648
7.18	-0.00034
7.19	0.00571
7.2	0.00994
7.21	0.01019
7.22	0.00644
7.23	0.00040
7.24	-0.00608
7.25	-0.01204
7.26	-0.01737
7.27	-0.02073
7.28	-0.01926
7.29	-0.01254
7.3	-0.00258
7.31	0.00723
7.32	0.01393
7.33	0.01720
7.34	0.01859
7.35	0.01982
7.36	0.02172
7.37	0.02421
7.38	0.02684
7.39	0.02920
7.4	0.03097
7.41	0.03191
7.42	0.03226
7.43	0.03236
7.44	0.03249
7.45	0.03271
7.46	0.03301
7.47	0.03291
7.48	0.02778
7.49	0.01210
7.5	-0.01385
7.51	-0.04241
7.52	-0.06050
7.53	-0.06280
7.54	-0.05363
7.55	-0.04083
7.56	-0.03065
7.57	-0.02501
7.58	-0.02215
7.59	-0.01952
7.6	-0.01539
7.61	-0.00894
7.62	-0.00057
7.63	0.00860
7.64	0.01768
7.65	0.02611
7.66	0.03107
7.67	0.02987
7.68	0.02312
7.69	0.01357
7.7	0.00369
7.71	-0.00537
7.72	-0.01372
7.73	-0.02198
7.74	-0.03046
7.75	-0.03790
7.76	-0.04246
7.77	-0.04400
7.78	-0.04375
7.79	-0.04309
7.8	-0.04283
7.81	-0.04302
7.82	-0.04336
7.83	-0.04356
7.84	-0.04353
7.85	-0.04309
7.86	-0.04137
7.87	-0.03800
7.88	-0.03344
7.89	-0.02839
7.9	-0.02341
7.91	-0.01866
7.92	-0.01402
7.93	-0.00924
7.94	-0.00421
7.95	0.00105
7.96	0.00641
7.97	0.01173
7.98	0.01630
7.99	0.01823
8	0.01691
8.01	0.01333
8.02	0.00900
8.03	0.00494
8.04	0.00188
8.05	0.00055
8.06	0.00077
8.07	0.00173
8.08	0.00211
8.09	0.00105
8.1	-0.00127
8.11	-0.00411
8.12	-0.00631
8.13	-0.00634
8.14	-0.00398
8.15	-0.00018
8.16	0.00393
8.17	0.00696
8.18	0.00700
8.19	0.00388
8.2	-0.00113
8.21	-0.00614
8.22	-0.00921
8.23	-0.00990
8.24	-0.00910
8.25	-0.00867
8.26	-0.01082
8.27	-0.01605
8.28	-0.02342
8.29	-0.03161
8.3	-0.03971
8.31	-0.04745
8.32	-0.05305
8.33	-0.05226
8.34	-0.04406
8.35	-0.03132
8.36	-0.01820
8.37	-0.00702
8.38	0.00226
8.39	0.01056
8.4	0.01629
8.41	0.01757
8.42	0.01482
8.43	0.00990
8.44	0.00464
8.45	-0.00009
8.46	-0.00432
8.47	-0.00841
8.48	-0.01240
8.49	-0.01580
8.5	-0.01837
8.51	-0.02032
8.52	-0.02201
8.53	-0.02372
8.54	-0.02555
8.55	-0.02747
8.56	-0.02938
8.57	-0.03124
8.58	-0.03305
8.59	-0.03486
8.6	-0.03680
8.61	-0.04015
8.62	-0.04592
8.63	-0.05377
8.64	-0.06233
8.65	-0.06744
8.66	-0.06559
8.67	-0.05736
8.68	-0.04592
8.69	-0.03403
8.7	-0.02241
8.71	-0.01074
8.72	0.00143
8.73	0.01327
8.74	0.02081
8.75	0.02153
8.76	0.01673
8.77	0.00952
8.78	0.00241
8.79	-0.00325
8.8	-0.00551
8.81	-0.00344
8.82	0.00176
8.83	0.00817
8.84	0.01443
8.85	0.01986
8.86	0.02300
8.87	0.02302
8.88	0.02063
8.89	0.01726
8.9	0.01392
8.91	0.01097
8.92	0.00827
8.93	0.00552
8.94	0.00260
8.95	-0.00049
8.96	-0.00361
8.97	-0.00645
8.98	-0.00827
8.99	-0.00879
9	-0.00836
9.01	-0.00758
9.02	-0.00689
9.03	-0.00640
9.04	-0.00600
9.05	-0.00558
9.06	-0.00506
9.07	-0.00448
9.08	-0.00389
9.09	-0.00321
9.1	-0.00124
9.11	0.00328
9.12	0.01014
9.13	0.01821
9.14	0.02625
9.15	0.03176
9.16	0.03277
9.17	0.02989
9.18	0.02515
9.19	0.02014
9.2	0.01392
9.21	0.00488
9.22	-0.00699
9.23	-0.02052
9.24	-0.03439
9.25	-0.04662
9.26	-0.05199
9.27	-0.04783
9.28	-0.03645
9.29	-0.02239
9.3	-0.01073
9.31	-0.00405
9.32	-0.00129
9.33	0.00009
9.34	0.00201
9.35	0.00495
9.36	0.00842
9.37	0.01177
9.38	0.01455
9.39	0.01682
9.4	0.01886
9.41	0.02092
9.42	0.02227
9.43	0.02046
9.44	0.01455
9.45	0.00571
9.46	-0.00441
9.47	-0.01532
9.48	-0.02705
9.49	-0.03953
9.5	-0.05212
9.51	-0.06069
9.52	-0.06116
9.53	-0.05413
9.54	-0.04317
9.55	-0.03174
9.56	-0.02183
9.57	-0.01520
9.58	-0.01236
9.59	-0.01203
9.6	-0.01305
9.61	-0.01527
9.62	-0.01866
9.63	-0.02289
9.64	-0.02717
9.65	-0.03014
9.66	-0.03134
9.67	-0.03126
9.68	-0.03075
9.69	-0.03098
9.7	-0.03443
9.71	-0.04229
9.72	-0.05346
9.73	-0.06590
9.74	-0.07815
9.75	-0.08974
9.76	-0.09963
9.77	-0.10456
9.78	-0.10345
9.79	-0.09816
9.8	-0.09140
9.81	-0.08501
9.82	-0.07945
9.83	-0.07430
9.84	-0.06889
9.85	-0.06281
9.86	-0.05614
9.87	-0.04926
9.88	-0.04244
9.89	-0.03441
9.9	-0.02179
9.91	-0.00456
9.92	0.01303
9.93	0.02763
9.94	0.03882
9.95	0.04779
9.96	0.05406
9.97	0.05693
9.98	0.05704
9.99	0.05574
10	0.05421
10.01	0.05297
10.02	0.05222
10.03	0.05244
10.04	0.05381
10.05	0.05597
10.06	0.05843
10.07	0.06085
10.08	0.06307
10.09	0.06312
10.1	0.05737
10.11	0.04526
10.12	0.02921
10.13	0.01387
10.14	0.00514
10.15	0.00424
10.16	0.00825
10.17	0.01336
10.18	0.01739
10.19	0.01971
10.2	0.01892
10.21	0.01419
10.22	0.00654
10.23	-0.00236
10.24	-0.01106
10.25	-0.01633
10.26	-0.01410
10.27	-0.00444
10.28	0.00943
10.29	0.02353
10.3	0.03274
10.31	0.03464
10.32	0.03109
10.33	0.02558
10.34	0.02087
10.35	0.01877
10.36	0.01935
10.37	0.02137
10.38	0.02355
10.39	0.02519
10.4	0.02485
10.41	0.01999
10.42	0.01039
10.43	-0.00208
10.44	-0.01436
10.45	-0.02162
10.46	-0.02158
10.47	-0.01616
10.48	-0.00876
10.49	-0.00188
10.5	0.00305
10.51	0.00573
10.52	0.00695
10.53	0.00778
10.54	0.00888
10.55	0.01115
10.56	0.01587
10.57	0.02309
10.58	0.03164
10.59	0.04022
10.6	0.04816
10.61	0.05554
10.62	0.06199
10.63	0.06517
10.64	0.06397
10.65	0.05945
10.66	0.05368
10.67	0.04872
10.68	0.04572
10.69	0.04433
10.7	0.04351
10.71	0.04251
10.72	0.04110
10.73	0.03946
10.74	0.03786
10.75	0.03627
10.76	0.03317
10.77	0.02721
10.78	0.01876
10.79	0.01017
10.8	0.00419
10.81	0.00145
10.82	0.00073
10.83	0.00042
10.84	-0.00038
10.85	-0.00179
10.86	-0.00430
10.87	-0.00996
10.88	-0.01951
10.89	-0.03149
10.9	-0.04019
10.91	-0.03963
10.92	-0.02970
10.93	-0.01456
10.94	0.00136
10.95	0.01545
10.96	0.02369
10.97	0.02312
10.98	0.01529
10.99	0.00409
11	-0.00724
11.01	-0.01745
11.02	-0.02685
11.03	-0.03462
11.04	-0.03673
11.05	-0.03158
11.06	-0.02116
11.07	-0.00883
11.08	0.00163
11.09	0.00679
11.1	0.00667
11.11	0.00380
11.12	0.00096
11.13	-0.00052
11.14	-0.00086
11.15	-0.00094
11.16	-0.00100
11.17	0.00052
11.18	0.00475
11.19	0.01139
11.2	0.01919
11.21	0.02583
11.22	0.02798
11.23	0.02500
11.24	0.01885
11.25	0.01190
11.26	0.00627
11.27	0.00481
11.28	0.00861
11.29	0.01606
11.3	0.02478
11.31	0.03315
11.32	0.04081
11.33	0.04786
11.34	0.05193
11.35	0.05031
11.36	0.04341
11.37	0.03365
11.38	0.02345
11.39	0.01400
11.4	0.00661
11.41	0.00444
11.42	0.00834
11.43	0.01633
11.44	0.02563
11.45	0.03373
11.46	0.03908
11.47	0.04210
11.48	0.04411
11.49	0.04624
11.5	0.04889
11.51	0.05185
11.52	0.05471
11.53	0.05646
11.54	0.05644
11.55	0.05500
11.56	0.05297
11.57	0.05099
11.58	0.04932
11.59	0.04782
11.6	0.04632
11.61	0.04489
11.62	0.04522
11.63	0.04876
11.64	0.05516
11.65	0.06287
11.66	0.06938
11.67	0.07264
11.68	0.07284
11.69	0.07150
11.7	0.07009
11.71	0.06926
11.72	0.06889
11.73	0.06843
11.74	0.06597
11.75	0.05986
11.76	0.05160
11.77	0.04586
11.78	0.04517
11.79	0.04863
11.8	0.05378
11.81	0.05859
11.82	0.06233
11.83	0.06416
11.84	0.06350
11.85	0.06094
11.86	0.05717
11.87	0.04787
11.88	0.02715
11.89	-0.00068
11.9	-0.02793
11.91	-0.05070
11.92	-0.06963
11.93	-0.08746
11.94	-0.10635
11.95	-0.12682
11.96	-0.14739
11.97	-0.15998
11.98	-0.15686
11.99	-0.13935
12	-0.11444
12.01	-0.08882
12.02	-0.06628
12.03	-0.04904
12.04	-0.03655
12.05	-0.02645
12.06	-0.01658
12.07	-0.00602
12.08	0.00516
12.09	0.01768
12.1	0.03243
12.11	0.04924
12.12	0.06717
12.13	0.08365
12.14	0.09430
12.15	0.09812
12.16	0.09756
12.17	0.09582
12.18	0.09482
12.19	0.09486
12.2	0.09506
12.21	0.09113
12.22	0.07838
12.23	0.05958
12.24	0.04031
12.25	0.02378
12.26	0.00984
12.27	-0.00581
12.28	-0.02792
12.29	-0.05690
12.3	-0.08903
12.31	-0.11317
12.32	-0.11961
12.33	-0.10969
12.34	-0.09153
12.35	-0.07269
12.36	-0.05630
12.37	-0.04176
12.38	-0.02801
12.39	-0.01827
12.4	-0.01565
12.41	-0.01940
12.42	-0.02649
12.43	-0.03404
12.44	-0.04070
12.45	-0.04646
12.46	-0.05116
12.47	-0.05448
12.48	-0.05662
12.49	-0.05814
12.5	-0.05953
12.51	-0.06100
12.52	-0.06260
12.53	-0.06421
12.54	-0.06580
12.55	-0.06735
12.56	-0.06888
12.57	-0.07045
12.58	-0.07206
12.59	-0.07370
12.6	-0.07537
12.61	-0.07706
12.62	-0.07875
12.63	-0.08046
12.64	-0.08256
12.65	-0.08597
12.66	-0.09105
12.67	-0.09728
12.68	-0.10392
12.69	-0.11031
12.7	-0.11212
12.71	-0.10175
12.72	-0.07815
12.73	-0.04634
12.74	-0.01213
12.75	0.02269
12.76	0.05892
12.77	0.09716
12.78	0.13717
12.79	0.17725
12.8	0.20711
12.81	0.21481
12.82	0.20091
12.83	0.17505
12.84	0.14715
12.85	0.12220
12.86	0.09957
12.87	0.07635
12.88	0.05076
12.89	0.02302
12.9	-0.00544
12.91	-0.03347
12.92	-0.06066
12.93	-0.08736
12.94	-0.11381
12.95	-0.13691
12.96	-0.15152
12.97	-0.15721
12.98	-0.15748
12.99	-0.15646
13	-0.15648
13.01	-0.15780
13.02	-0.15957
13.03	-0.16066
13.04	-0.15638
13.05	-0.14032
13.06	-0.11244
13.07	-0.07775
13.08	-0.04167
13.09	-0.00733
13.1	0.02007
13.11	0.03226
13.12	0.02877
13.13	0.01593
13.14	0.00083
13.15	-0.01258
13.16	-0.02393
13.17	-0.03467
13.18	-0.04599
13.19	-0.05536
13.2	-0.05710
13.21	-0.04972
13.22	-0.03630
13.23	-0.02103
13.24	-0.00575
13.25	0.01057
13.26	0.02895
13.27	0.04773
13.28	0.06106
13.29	0.06567
13.3	0.06341
13.31	0.05831
13.32	0.05354
13.33	0.05038
13.34	0.04857
13.35	0.04721
13.36	0.04556
13.37	0.04349
13.38	0.04035
13.39	0.03371
13.4	0.02245
13.41	0.00817
13.42	-0.00344
13.43	-0.00779
13.44	-0.00537
13.45	0.00025
13.46	0.00510
13.47	0.00731
13.48	0.00737
13.49	0.00683
13.5	0.00681
13.51	0.00816
13.52	0.01206
13.53	0.01839
13.54	0.02612
13.55	0.03388
13.56	0.03767
13.57	0.03230
13.58	0.01770
13.59	-0.00280
13.6	-0.02662
13.61	-0.05185
13.62	-0.07332
13.63	-0.08271
13.64	-0.07873
13.65	-0.06643
13.66	-0.05202
13.67	-0.03910
13.68	-0.02811
13.69	-0.01779
13.7	-0.00693
13.71	0.00439
13.72	0.01309
13.73	0.01673
13.74	0.01589
13.75	0.01285
13.76	0.00977
13.77	0.00797
13.78	0.00783
13.79	0.00876
13.8	0.00993
13.81	0.01084
13.82	0.01134
13.83	0.00945
13.84	0.00226
13.85	-0.00944
13.86	-0.02189
13.87	-0.03250
13.88	-0.04094
13.89	-0.04798
13.9	-0.05015
13.91	-0.04109
13.92	-0.02037
13.93	0.00611
13.94	0.03166
13.95	0.05341
13.96	0.07008
13.97	0.07698
13.98	0.07250
13.99	0.06011
14	0.04476
14.01	0.03085
14.02	0.02255
14.03	0.02069
14.04	0.02284
14.05	0.02597
14.06	0.02835
14.07	0.02980
14.08	0.03098
14.09	0.03248
14.1	0.03447
14.11	0.03673
14.12	0.03930
14.13	0.04519
14.14	0.05764
14.15	0.07618
14.16	0.09645
14.17	0.11071
14.18	0.11537
14.19	0.11274
14.2	0.10748
14.21	0.10302
14.22	0.10027
14.23	0.09858
14.24	0.09810
14.25	0.09987
14.26	0.10394
14.27	0.10950
14.28	0.11557
14.29	0.12096
14.3	0.12023
14.31	0.10908
14.32	0.08907
14.33	0.06464
14.34	0.03644
14.35	0.00252
14.36	-0.03070
14.37	-0.05298
14.38	-0.06187
14.39	-0.06210
14.4	-0.06006
14.41	-0.05961
14.42	-0.06124
14.43	-0.06300
14.44	-0.06297
14.45	-0.06086
14.46	-0.05757
14.47	-0.05420
14.48	-0.05132
14.49	-0.04969
14.5	-0.05216
14.51	-0.06035
14.52	-0.07291
14.53	-0.08726
14.54	-0.10143
14.55	-0.11107
14.56	-0.10771
14.57	-0.08976
14.58	-0.06245
14.59	-0.03109
14.6	0.00231
14.61	0.03726
14.62	0.07286
14.63	0.10154
14.64	0.11547
14.65	0.11549
14.66	0.10804
14.67	0.09956
14.68	0.09312
14.69	0.08750
14.7	0.07824
14.71	0.06310
14.72	0.04343
14.73	0.02209
14.74	0.00118
14.75	-0.01862
14.76	-0.03583
14.77	-0.04462
14.78	-0.04232
14.79	-0.03181
14.8	-0.01824
14.81	-0.00743
14.82	-0.00371
14.83	-0.00660
14.84	-0.01274
14.85	-0.01898
14.86	-0.02397
14.87	-0.02805
14.88	-0.03207
14.89	-0.03670
14.9	-0.04279
14.91	-0.05073
14.92	-0.05994
14.93	-0.06698
14.94	-0.06507
14.95	-0.05257
14.96	-0.03314
14.97	-0.01173
14.98	0.00954
14.99	0.03277
15	0.05982
15.01	0.09038
15.02	0.12046
15.03	0.14097
15.04	0.14769
15.05	0.14412
15.06	0.13667
15.07	0.13008
15.08	0.12570
15.09	0.12143
15.1	0.11110
15.11	0.09130
15.12	0.06450
15.13	0.03933
15.14	0.02349
15.15	0.01739
15.16	0.01651
15.17	0.01546
15.18	0.00844
15.19	-0.00675
15.2	-0.02763
15.21	-0.04992
15.22	-0.07059
15.23	-0.08917
15.24	-0.10597
15.25	-0.11530
15.26	-0.11188
15.27	-0.09734
15.28	-0.07721
15.29	-0.05652
15.3	-0.03761
15.31	-0.02136
15.32	-0.00751
15.33	0.00509
15.34	0.01755
15.35	0.03031
15.36	0.04286
15.37	0.05058
15.38	0.04969
15.39	0.04132
15.4	0.02941
15.41	0.01736
15.42	0.00650
15.43	-0.00341
15.44	-0.01147
15.45	-0.01496
15.46	-0.01333
15.47	-0.00837
15.48	-0.00235
15.49	0.00330
15.5	0.00826
15.51	0.01293
15.52	0.01775
15.53	0.02313
15.54	0.03164
15.55	0.04577
15.56	0.06493
15.57	0.08601
15.58	0.10089
15.59	0.10360
15.6	0.09581
15.61	0.08315
15.62	0.07049
15.63	0.05974
15.64	0.05064
15.65	0.04357
15.66	0.03894
15.67	0.03619
15.68	0.03431
15.69	0.03254
15.7	0.03051
15.71	0.02678
15.72	0.01740
15.73	0.00105
15.74	-0.02016
15.75	-0.04290
15.76	-0.06195
15.77	-0.07216
15.78	-0.07372
15.79	-0.07068
15.8	-0.06707
15.81	-0.06489
15.82	-0.06401
15.83	-0.06345
15.84	-0.06245
15.85	-0.06088
15.86	-0.05911
15.87	-0.05751
15.88	-0.05600
15.89	-0.05364
15.9	-0.04974
15.91	-0.04457
15.92	-0.03917
15.93	-0.03802
15.94	-0.04601
15.95	-0.06254
15.96	-0.08297
15.97	-0.10311
15.98	-0.12134
15.99	-0.13539
16	-0.13894
16.01	-0.13015
16.02	-0.11296
16.03	-0.09293
16.04	-0.07439
16.05	-0.05994
16.06	-0.04932
16.07	-0.04052
16.08	-0.03168
16.09	-0.02211
16.1	-0.01201
16.11	-0.00194
16.12	0.00767
16.13	0.01529
16.14	0.01926
16.15	0.01983
16.16	0.01855
16.17	0.01573
16.18	0.01034
16.19	0.00220
16.2	-0.00774
16.21	-0.01825
16.22	-0.02761
16.23	-0.03303
16.24	-0.03373
16.25	-0.03131
16.26	-0.02793
16.27	-0.02496
16.28	-0.02272
16.29	-0.02150
16.3	-0.02145
16.31	-0.02222
16.32	-0.02332
16.33	-0.02438
16.34	-0.02365
16.35	-0.01725
16.36	-0.00430
16.37	0.01283
16.38	0.02893
16.39	0.03809
16.4	0.03933
16.41	0.03584
16.42	0.03144
16.43	0.02851
16.44	0.02954
16.45	0.03560
16.46	0.04523
16.47	0.05620
16.48	0.06694
16.49	0.07762
16.5	0.08983
16.51	0.10435
16.52	0.12066
16.53	0.13739
16.54	0.15002
16.55	0.15274
16.56	0.14539
16.57	0.13168
16.58	0.11472
16.59	0.09411
16.6	0.06881
16.61	0.04834
16.62	0.03907
16.63	0.03969
16.64	0.04469
16.65	0.04692
16.66	0.04140
16.67	0.02881
16.68	0.01265
16.69	-0.00504
16.7	-0.02352
16.71	-0.04076
16.72	-0.05458
16.73	-0.06509
16.74	-0.07360
16.75	-0.08008
16.76	-0.08334
16.77	-0.08342
16.78	-0.08153
16.79	-0.07901
16.8	-0.07665
16.81	-0.07485
16.82	-0.07433
16.83	-0.07525
16.84	-0.07710
16.85	-0.07921
16.86	-0.08024
16.87	-0.07715
16.88	-0.06869
16.89	-0.05633
16.9	-0.04252
16.91	-0.02896
16.92	-0.01755
16.93	-0.01173
16.94	-0.01239
16.95	-0.01727
16.96	-0.02344
16.97	-0.02907
16.98	-0.03373
16.99	-0.03572
17	-0.03161
17.01	-0.02097
17.02	-0.00625
17.03	0.00974
17.04	0.02618
17.05	0.04344
17.06	0.06101
17.07	0.07152
17.08	0.06854
17.09	0.05350
17.1	0.03095
17.11	0.00524
17.12	-0.01550
17.13	-0.02765
17.14	-0.03347
17.15	-0.03728
17.16	-0.04215
17.17	-0.04879
17.18	-0.05635
17.19	-0.06382
17.2	-0.07073
17.21	-0.07728
17.22	-0.08390
17.23	-0.09089
17.24	-0.09829
17.25	-0.10558
17.26	-0.10802
17.27	-0.09995
17.28	-0.08164
17.29	-0.05774
17.3	-0.03298
17.31	-0.00981
17.32	0.01154
17.33	0.03144
17.34	0.05046
17.35	0.06912
17.36	0.08766
17.37	0.10598
17.38	0.12218
17.39	0.13351
17.4	0.13984
17.41	0.14324
17.42	0.14599
17.43	0.14903
17.44	0.14961
17.45	0.14436
17.46	0.13332
17.47	0.11594
17.48	0.08757
17.49	0.05065
17.5	0.01858
17.51	0.00057
17.52	-0.00453
17.53	-0.00354
17.54	-0.00269
17.55	-0.00451
17.56	-0.00823
17.57	-0.01203
17.58	-0.01466
17.59	-0.01611
17.6	-0.01701
17.61	-0.01797
17.62	-0.01989
17.63	-0.02821
17.64	-0.04364
17.65	-0.06030
17.66	-0.07367
17.67	-0.08294
17.68	-0.08990
17.69	-0.09668
17.7	-0.10368
17.71	-0.10818
17.72	-0.10800
17.73	-0.10369
17.74	-0.09733
17.75	-0.09080
17.76	-0.08495
17.77	-0.07963
17.78	-0.07415
17.79	-0.06700
17.8	-0.05733
17.81	-0.04572
17.82	-0.03343
17.83	-0.02269
17.84	-0.01571
17.85	-0.01247
17.86	-0.01130
17.87	-0.01050
17.88	-0.00924
17.89	-0.00701
17.9	-0.00240
17.91	0.00511
17.92	0.01459
17.93	0.02472
17.94	0.03423
17.95	0.03993
17.96	0.03957
17.97	0.03414
17.98	0.02634
17.99	0.01837
18	0.01250
18.01	0.01192
18.02	0.01682
18.03	0.02485
18.04	0.03266
18.05	0.03793
18.06	0.04060
18.07	0.04200
18.08	0.04336
18.09	0.04524
18.1	0.04746
18.11	0.04965
18.12	0.05155
18.13	0.05318
18.14	0.05358
18.15	0.05035
18.16	0.04291
18.17	0.03276
18.18	0.02184
18.19	0.01140
18.2	0.00300
18.21	-0.00018
18.22	0.00273
18.23	0.00977
18.24	0.01831
18.25	0.02662
18.26	0.03441
18.27	0.04213
18.28	0.05032
18.29	0.05838
18.3	0.06274
18.31	0.06120
18.32	0.05474
18.33	0.04345
18.34	0.02692
18.35	0.00810
18.36	-0.00626
18.37	-0.01280
18.38	-0.01312
18.39	-0.01084
18.4	-0.00875
18.41	-0.00767
18.42	-0.00684
18.43	-0.00433
18.44	0.00108
18.45	0.00890
18.46	0.01716
18.47	0.02101
18.48	0.01739
18.49	0.00772
18.5	-0.00422
18.51	-0.01326
18.52	-0.01603
18.53	-0.01340
18.54	-0.00844
18.55	-0.00371
18.56	-0.00035
18.57	-0.00032
18.58	-0.00641
18.59	-0.01837
18.6	-0.03378
18.61	-0.04999
18.62	-0.06260
18.63	-0.06586
18.64	-0.05945
18.65	-0.04753
18.66	-0.03475
18.67	-0.02356
18.68	-0.01343
18.69	-0.00270
18.7	0.00940
18.71	0.02240
18.72	0.03539
18.73	0.04781
18.74	0.05961
18.75	0.07092
18.76	0.08127
18.77	0.08485
18.78	0.07572
18.79	0.05481
18.8	0.02750
18.81	0.00058
18.82	-0.01831
18.83	-0.02689
18.84	-0.02879
18.85	-0.02913
18.86	-0.03108
18.87	-0.03508
18.88	-0.04005
18.89	-0.04553
18.9	-0.05302
18.91	-0.06343
18.92	-0.07625
18.93	-0.09007
18.94	-0.10054
18.95	-0.10104
18.96	-0.09064
18.97	-0.07353
18.98	-0.05559
18.99	-0.04200
19	-0.03388
19.01	-0.02889
19.02	-0.02412
19.03	-0.01796
19.04	-0.01040
19.05	-0.00216
19.06	0.00613
19.07	0.01435
19.08	0.02260
19.09	0.02960
19.1	0.03389
19.11	0.03575
19.12	0.03654
19.13	0.03762
19.14	0.03967
19.15	0.04263
19.16	0.04592
19.17	0.04675
19.18	0.04289
19.19	0.03512
19.2	0.02612
19.21	0.01969
19.22	0.01793
19.23	0.01998
19.24	0.02372
19.25	0.02751
19.26	0.03081
19.27	0.03394
19.28	0.03736
19.29	0.03997
19.3	0.03927
19.31	0.03459
19.32	0.02725
19.33	0.01699
19.34	0.00107
19.35	-0.02092
19.36	-0.04686
19.37	-0.07352
19.38	-0.09219
19.39	-0.09403
19.4	-0.07991
19.41	-0.05734
19.42	-0.03381
19.43	-0.01305
19.44	0.00405
19.45	0.01836
19.46	0.03149
19.47	0.04458
19.48	0.05783
19.49	0.07091
19.5	0.08343
19.51	0.09529
19.52	0.10658
19.53	0.11747
19.54	0.12804
19.55	0.13834
19.56	0.14810
19.57	0.15177
19.58	0.13970
19.59	0.11562
19.6	0.09063
19.61	0.07149
19.62	0.05737
19.63	0.03477
19.64	0.00160
19.65	-0.02967
19.66	-0.05094
19.67	-0.06243
19.68	-0.06917
19.69	-0.07607
19.7	-0.08460
19.71	-0.08797
19.72	-0.07941
19.73	-0.05971
19.74	-0.03515
19.75	-0.01160
19.76	0.00880
19.77	0.02703
19.78	0.04507
19.79	0.06419
19.8	0.08181
19.81	0.08870
19.82	0.08032
19.83	0.06040
19.84	0.03438
19.85	0.00305
19.86	-0.03333
19.87	-0.06909
19.88	-0.09439
19.89	-0.10638
19.9	-0.10939
19.91	-0.10964
19.92	-0.11111
19.93	-0.11374
19.94	-0.11377
19.95	-0.10870
19.96	-0.09919
19.97	-0.08766
19.98	-0.07623
19.99	-0.06572
20	-0.05588
20.01	-0.04692
20.02	-0.04066
20.03	-0.03787
20.04	-0.03765
20.05	-0.03850
20.06	-0.03929
20.07	-0.03973
20.08	-0.04003
20.09	-0.04049
20.1	-0.04128
20.11	-0.04148
20.12	-0.03933
20.13	-0.03450
20.14	-0.02801
20.15	-0.02122
20.16	-0.01516
20.17	-0.01099
20.18	-0.00925
20.19	-0.00930
20.2	-0.01012
20.21	-0.01102
20.22	-0.01180
20.23	-0.01265
20.24	-0.01374
20.25	-0.01517
20.26	-0.01687
20.27	-0.01875
20.28	-0.02073
20.29	-0.02281
20.3	-0.02497
20.31	-0.02725
20.32	-0.02965
20.33	-0.03250
20.34	-0.03722
20.35	-0.04463
20.36	-0.05415
20.37	-0.06454
20.38	-0.07487
20.39	-0.08478
20.4	-0.09458
20.41	-0.10481
20.42	-0.11563
20.43	-0.12682
20.44	-0.13804
20.45	-0.14906
20.46	-0.15955
20.47	-0.16511
20.48	-0.15924
20.49	-0.14154
20.5	-0.11678
20.51	-0.09030
20.52	-0.06507
20.53	-0.04073
20.54	-0.01277
20.55	0.02219
20.56	0.06275
20.57	0.09945
20.58	0.12176
20.59	0.12885
20.6	0.12677
20.61	0.12113
20.62	0.11503
20.63	0.10926
20.64	0.10186
20.65	0.08445
20.66	0.05734
20.67	0.02917
20.68	0.00593
20.69	-0.01163
20.7	-0.02375
20.71	-0.02881
20.72	-0.02748
20.73	-0.02239
20.74	-0.01627
20.75	-0.01060
20.76	-0.00664
20.77	-0.00595
20.78	-0.00850
20.79	-0.01291
20.8	-0.01824
20.81	-0.02566
20.82	-0.03624
20.83	-0.04952
20.84	-0.06418
20.85	-0.07881
20.86	-0.08905
20.87	-0.08930
20.88	-0.07951
20.89	-0.06400
20.9	-0.04742
20.91	-0.03201
20.92	-0.01724
20.93	-0.00184
20.94	0.01360
20.95	0.02508
20.96	0.03024
20.97	0.03027
20.98	0.02801
20.99	0.02580
21	0.02450
21.01	0.02381
21.02	0.02364
21.03	0.02546
21.04	0.03018
21.05	0.03717
21.06	0.04509
21.07	0.05188
21.08	0.05588
21.09	0.05728
21.1	0.05741
21.11	0.05751
21.12	0.05812
21.13	0.05917
21.14	0.06032
21.15	0.06050
21.16	0.05745
21.17	0.05051
21.18	0.04097
21.19	0.03068
21.2	0.02085
21.21	0.01170
21.22	0.00295
21.23	-0.00581
21.24	-0.01470
21.25	-0.02362
21.26	-0.03222
21.27	-0.03710
21.28	-0.03337
21.29	-0.02079
21.3	-0.00291
21.31	0.01621
21.32	0.03385
21.33	0.04682
21.34	0.05384
21.35	0.05669
21.36	0.05815
21.37	0.06009
21.38	0.06295
21.39	0.06632
21.4	0.06960
21.41	0.07259
21.42	0.07541
21.43	0.07827
21.44	0.08133
21.45	0.08514
21.46	0.09259
21.47	0.10561
21.48	0.12137
21.49	0.13404
21.5	0.14099
21.51	0.14357
21.52	0.14466
21.53	0.14636
21.54	0.14919
21.55	0.15047
21.56	0.14356
21.57	0.12607
21.58	0.10119
21.59	0.07582
21.6	0.05706
21.61	0.04626
21.62	0.04022
21.63	0.03487
21.64	0.02803
21.65	0.01962
21.66	0.01067
21.67	0.00208
21.68	-0.00591
21.69	-0.01353
21.7	-0.02113
21.71	-0.02891
21.72	-0.03601
21.73	-0.04126
21.74	-0.04461
21.75	-0.04692
21.76	-0.04911
21.77	-0.05171
21.78	-0.05495
21.79	-0.05939
21.8	-0.06530
21.81	-0.07230
21.82	-0.07984
21.83	-0.08750
21.84	-0.09513
21.85	-0.10266
21.86	-0.10838
21.87	-0.11009
21.88	-0.10792
21.89	-0.10358
21.9	-0.09895
21.91	-0.09497
21.92	-0.09165
21.93	-0.08849
21.94	-0.08503
21.95	-0.08116
21.96	-0.07711
21.97	-0.07311
21.98	-0.06851
21.99	-0.06068
22	-0.04833
22.01	-0.03258
22.02	-0.01526
22.03	0.00245
22.04	0.02007
22.05	0.03764
22.06	0.05533
22.07	0.07272
22.08	0.08704
22.09	0.09625
22.1	0.10120
22.11	0.10417
22.12	0.10714
22.13	0.11087
22.14	0.11458
22.15	0.11523
22.16	0.11106
22.17	0.10308
22.18	0.09353
22.19	0.08421
22.2	0.07576
22.21	0.06790
22.22	0.06008
22.23	0.05202
22.24	0.04375
22.25	0.03532
22.26	0.02494
22.27	0.01024
22.28	-0.00871
22.29	-0.02974
22.3	-0.04792
22.31	-0.05925
22.32	-0.06420
22.33	-0.06543
22.34	-0.06435
22.35	-0.06154
22.36	-0.05745
22.37	-0.05256
22.38	-0.04713
22.39	-0.04058
22.4	-0.03229
22.41	-0.02269
22.42	-0.01474
22.43	-0.01252
22.44	-0.01647
22.45	-0.02408
22.46	-0.03240
22.47	-0.03944
22.48	-0.04336
22.49	-0.04356
22.5	-0.04125
22.51	-0.03810
22.52	-0.03575
22.53	-0.03529
22.54	-0.03650
22.55	-0.03841
22.56	-0.04021
22.57	-0.04158
22.58	-0.04265
22.59	-0.04364
22.6	-0.04473
22.61	-0.04594
22.62	-0.04785
22.63	-0.05134
22.64	-0.05647
22.65	-0.06256
22.66	-0.06885
22.67	-0.07493
22.68	-0.08078
22.69	-0.08654
22.7	-0.09239
22.71	-0.09822
22.72	-0.10202
22.73	-0.10079
22.74	-0.09430
22.75	-0.08471
22.76	-0.07446
22.77	-0.06490
22.78	-0.05621
22.79	-0.04790
22.8	-0.03947
22.81	-0.03061
22.82	-0.01890
22.83	-0.00078
22.84	0.02247
22.85	0.04260
22.86	0.05338
22.87	0.05536
22.88	0.05300
22.89	0.05052
22.9	0.04972
22.91	0.05021
22.92	0.05073
22.93	0.05049
22.94	0.04942
22.95	0.04792
22.96	0.04641
22.97	0.04538
22.98	0.04546
22.99	0.04666
23	0.04845
23.01	0.05027
23.02	0.05182
23.03	0.05308
23.04	0.05421
23.05	0.05530
23.06	0.05638
23.07	0.05740
23.08	0.05831
23.09	0.05912
23.1	0.05948
23.11	0.05832
23.12	0.05520
23.13	0.05060
23.14	0.04539
23.15	0.04023
23.16	0.03530
23.17	0.03050
23.18	0.02578
23.19	0.02145
23.2	0.01768
23.21	0.01435
23.22	0.01120
23.23	0.00807
23.24	0.00488
23.25	0.00164
23.26	-0.00150
23.27	-0.00380
23.28	-0.00453
23.29	-0.00384
23.3	-0.00238
23.31	-0.00081
23.32	0.00052
23.33	0.00056
23.34	-0.00178
23.35	-0.00634
23.36	-0.01207
23.37	-0.01773
23.38	-0.02101
23.39	-0.02005
23.4	-0.01544
23.41	-0.00904
23.42	-0.00250
23.43	0.00349
23.44	0.00907
23.45	0.01470
23.46	0.02064
23.47	0.02688
23.48	0.03317
23.49	0.03792
23.5	0.03945
23.51	0.03784
23.52	0.03454
23.53	0.03097
23.54	0.02786
23.55	0.02520
23.56	0.02263
23.57	0.01986
23.58	0.01674
23.59	0.01214
23.6	0.00498
23.61	-0.00448
23.62	-0.01514
23.63	-0.02601
23.64	-0.03659
23.65	-0.04585
23.66	-0.05042
23.67	-0.04887
23.68	-0.04283
23.69	-0.03514
23.7	-0.02739
23.71	-0.01939
23.72	-0.01065
23.73	-0.00108
23.74	0.00900
23.75	0.01914
23.76	0.02801
23.77	0.03146
23.78	0.02715
23.79	0.01687
23.8	0.00408
23.81	-0.00856
23.82	-0.02017
23.83	-0.03091
23.84	-0.03853
23.85	-0.03971
23.86	-0.03457
23.87	-0.02578
23.88	-0.01623
23.89	-0.00744
23.9	0.00052
23.91	0.00821
23.92	0.01563
23.93	0.02129
23.94	0.02443
23.95	0.02567
23.96	0.02616
23.97	0.02682
23.98	0.02793
23.99	0.02941
24	0.03101
24.01	0.03260
24.02	0.03423
24.03	0.03605
24.04	0.03820
24.05	0.04066
24.06	0.04329
24.07	0.04544
24.08	0.04642
24.09	0.04634
24.1	0.04585
24.11	0.04555
24.12	0.04612
24.13	0.04825
24.14	0.05195
24.15	0.05658
24.16	0.06161
24.17	0.06651
24.18	0.06885
24.19	0.06579
24.2	0.05758
24.21	0.04664
24.22	0.03595
24.23	0.02838
24.24	0.02469
24.25	0.02352
24.26	0.02309
24.27	0.02228
24.28	0.02101
24.29	0.01904
24.3	0.01486
24.31	0.00765
24.32	-0.00182
24.33	-0.01223
24.34	-0.02255
24.35	-0.03247
24.36	-0.04140
24.37	-0.04769
24.38	-0.05080
24.39	-0.05175
24.4	-0.05203
24.41	-0.05280
24.42	-0.05519
24.43	-0.05963
24.44	-0.06555
24.45	-0.07209
24.46	-0.07873
24.47	-0.08511
24.48	-0.08905
24.49	-0.08834
24.5	-0.08346
24.51	-0.07658
24.52	-0.06973
24.53	-0.06387
24.54	-0.05893
24.55	-0.05441
24.56	-0.05004
24.57	-0.04669
24.58	-0.04565
24.59	-0.04702
24.6	-0.04999
24.61	-0.05359
24.62	-0.05697
24.63	-0.05725
24.64	-0.05180
24.65	-0.04126
24.66	-0.02831
24.67	-0.01538
24.68	-0.00352
24.69	0.00743
24.7	0.01810
24.71	0.03004
24.72	0.04599
24.73	0.06603
24.74	0.08432
24.75	0.09377
24.76	0.09341
24.77	0.08718
24.78	0.07979
24.79	0.07395
24.8	0.07009
24.81	0.06738
24.82	0.06468
24.83	0.06151
24.84	0.05801
24.85	0.05402
24.86	0.04885
24.87	0.04239
24.88	0.03517
24.89	0.02785
24.9	0.02087
24.91	0.01433
24.92	0.00815
24.93	0.00221
24.94	-0.00351
24.95	-0.00883
24.96	-0.01276
24.97	-0.01460
24.98	-0.01468
24.99	-0.01390
25	-0.01483
25.01	-0.02053
25.02	-0.03111
25.03	-0.04434
25.04	-0.05783
25.05	-0.06914
25.06	-0.07355
25.07	-0.06890
25.08	-0.05755
25.09	-0.04351
25.1	-0.02965
25.11	-0.01682
25.12	-0.00445
25.13	0.00827
25.14	0.02169
25.15	0.03568
25.16	0.04765
25.17	0.05133
25.18	0.04456
25.19	0.03056
25.2	0.01423
25.21	-0.00109
25.22	-0.01465
25.23	-0.02736
25.24	-0.03993
25.25	-0.04828
25.26	-0.04761
25.27	-0.03827
25.28	-0.02422
25.29	-0.00950
25.3	0.00384
25.31	0.01575
25.32	0.02719
25.33	0.03889
25.34	0.05069
25.35	0.05915
25.36	0.06077
25.37	0.05587
25.38	0.04742
25.39	0.03831
25.4	0.02994
25.41	0.02224
25.42	0.01476
25.43	0.00809
25.44	0.00281
25.45	-0.00128
25.46	-0.00486
25.47	-0.00852
25.48	-0.01257
25.49	-0.01696
25.5	-0.02156
25.51	-0.02608
25.52	-0.02862
25.53	-0.02733
25.54	-0.02256
25.55	-0.01605
25.56	-0.00945
25.57	-0.00348
25.58	0.00206
25.59	0.00877
25.6	0.01793
25.61	0.02927
25.62	0.04165
25.63	0.05391
25.64	0.06220
25.65	0.06027
25.66	0.04746
25.67	0.02805
25.68	0.00707
25.69	-0.01257
25.7	-0.02881
25.71	-0.03856
25.72	-0.04177
25.73	-0.04110
25.74	-0.03940
25.75	-0.03818
25.76	-0.03763
25.77	-0.03797
25.78	-0.03986
25.79	-0.04326
25.8	-0.04755
25.81	-0.05198
25.82	-0.05608
25.83	-0.05782
25.84	-0.05375
25.85	-0.04343
25.86	-0.02945
25.87	-0.01596
25.88	-0.00552
25.89	0.00209
25.9	0.00859
25.91	0.01519
25.92	0.01910
25.93	0.01603
25.94	0.00564
25.95	-0.00851
25.96	-0.02073
25.97	-0.02777
25.98	-0.03038
25.99	-0.03119
26	-0.03237
26.01	-0.03466
26.02	-0.03734
26.03	-0.03883
26.04	-0.03837
26.05	-0.03637
26.06	-0.03384
26.07	-0.03149
26.08	-0.02980
26.09	-0.03083
26.1	-0.03616
26.11	-0.04511
26.12	-0.05565
26.13	-0.06546
26.14	-0.07344
26.15	-0.07996
26.16	-0.08603
26.17	-0.09243
26.18	-0.09865
26.19	-0.10224
26.2	-0.10190
26.21	-0.09852
26.22	-0.09398
26.23	-0.08966
26.24	-0.08605
26.25	-0.08224
26.26	-0.07517
26.27	-0.06303
26.28	-0.04696
26.29	-0.02927
26.3	-0.01186
26.31	0.00303
26.32	0.01122
26.33	0.01170
26.34	0.00711
26.35	0.00132
26.36	0.00026
26.37	0.00749
26.38	0.02166
26.39	0.04161
26.4	0.06694
26.41	0.09369
26.42	0.11318
26.43	0.12159
26.44	0.12176
26.45	0.11894
26.46	0.11650
26.47	0.11350
26.48	0.10794
26.49	0.09940
26.5	0.08890
26.51	0.07795
26.52	0.06866
26.53	0.06347
26.54	0.06247
26.55	0.06381
26.56	0.06562
26.57	0.06686
26.58	0.06547
26.59	0.05378
26.6	0.03021
26.61	0.00170
26.62	-0.02514
26.63	-0.04389
26.64	-0.04619
26.65	-0.03206
26.66	-0.00843
26.67	0.01736
26.68	0.04150
26.69	0.06378
26.7	0.08539
26.71	0.10289
26.72	0.10957
26.73	0.10442
26.74	0.09188
26.75	0.07684
26.76	0.05824
26.77	0.03428
26.78	0.01263
26.79	0.00126
26.8	0.00063
26.81	0.00603
26.82	0.01230
26.83	0.01661
26.84	0.01689
26.85	0.01265
26.86	0.00550
26.87	-0.00255
26.88	-0.01027
26.89	-0.01748
26.9	-0.02455
26.91	-0.03185
26.92	-0.03940
26.93	-0.04489
26.94	-0.04414
26.95	-0.03642
26.96	-0.02433
26.97	-0.01110
26.98	0.00126
26.99	0.01244
27	0.02309
27.01	0.03392
27.02	0.04521
27.03	0.05678
27.04	0.06800
27.05	0.07512
27.06	0.07458
27.07	0.06705
27.08	0.05621
27.09	0.04666
27.1	0.04083
27.11	0.03812
27.12	0.03652
27.13	0.03446
27.14	0.03149
27.15	0.02802
27.16	0.02461
27.17	0.02152
27.18	0.01873
27.19	0.01600
27.2	0.01317
27.21	0.01018
27.22	0.00617
27.23	-0.00104
27.24	-0.01193
27.25	-0.02474
27.26	-0.03644
27.27	-0.04552
27.28	-0.05245
27.29	-0.05861
27.3	-0.06505
27.31	-0.07208
27.32	-0.07928
27.33	-0.08409
27.34	-0.08301
27.35	-0.07588
27.36	-0.06521
27.37	-0.05384
27.38	-0.04324
27.39	-0.03367
27.4	-0.02678
27.41	-0.02543
27.42	-0.02971
27.43	-0.03733
27.44	-0.04578
27.45	-0.05362
27.46	-0.05934
27.47	-0.05891
27.48	-0.05072
27.49	-0.03696
27.5	-0.02113
27.51	-0.00621
27.52	0.00403
27.53	0.00794
27.54	0.00726
27.55	0.00491
27.56	0.00295
27.57	0.00190
27.58	0.00131
27.59	0.00055
27.6	-0.00062
27.61	-0.00211
27.62	-0.00418
27.63	-0.00782
27.64	-0.01331
27.65	-0.02005
27.66	-0.02698
27.67	-0.03171
27.68	-0.03254
27.69	-0.03008
27.7	-0.02615
27.71	-0.02226
27.72	-0.01951
27.73	-0.01891
27.74	-0.02033
27.75	-0.02282
27.76	-0.02548
27.77	-0.02770
27.78	-0.02786
27.79	-0.02452
27.8	-0.01812
27.81	-0.01027
27.82	-0.00334
27.83	0.00055
27.84	0.00137
27.85	0.00058
27.86	0.00023
27.87	0.00293
27.88	0.00950
27.89	0.01845
27.9	0.02470
27.91	0.02225
27.92	0.01060
27.93	-0.00641
27.94	-0.02369
27.95	-0.03606
27.96	-0.04180
27.97	-0.04306
27.98	-0.04309
27.99	-0.04393
28	-0.04591
28.01	-0.04833
28.02	-0.05043
28.03	-0.05028
28.04	-0.04397
28.05	-0.03088
28.06	-0.01380
28.07	0.00368
28.08	0.01968
28.09	0.03425
28.1	0.04827
28.11	0.06080
28.12	0.06949
28.13	0.07392
28.14	0.07578
28.15	0.07901
28.16	0.08727
28.17	0.10066
28.18	0.11520
28.19	0.12188
28.2	0.11567
28.21	0.09873
28.22	0.07565
28.23	0.05257
28.24	0.03707
28.25	0.03131
28.26	0.03189
28.27	0.03414
28.28	0.03517
28.29	0.03460
28.3	0.03345
28.31	0.03275
28.32	0.03284
28.33	0.03345
28.34	0.03424
28.35	0.03498
28.36	0.03563
28.37	0.03624
28.38	0.03679
28.39	0.03577
28.4	0.03134
28.41	0.02355
28.42	0.01352
28.43	0.00160
28.44	-0.01217
28.45	-0.02712
28.46	-0.03979
28.47	-0.04449
28.48	-0.04020
28.49	-0.03022
28.5	-0.01849
28.51	-0.00713
28.52	0.00348
28.53	0.01310
28.54	0.02010
28.55	0.02382
28.56	0.02518
28.57	0.02562
28.58	0.02597
28.59	0.02383
28.6	0.01478
28.61	-0.00372
28.62	-0.03188
28.63	-0.06229
28.64	-0.08078
28.65	-0.08223
28.66	-0.07149
28.67	-0.05425
28.68	-0.03273
28.69	-0.01318
28.7	-0.00126
28.71	0.00316
28.72	0.00376
28.73	0.00410
28.74	0.00578
28.75	0.00856
28.76	0.01146
28.77	0.01381
28.78	0.01557
28.79	0.01706
28.8	0.01672
28.81	0.00946
28.82	-0.00634
28.83	-0.02458
28.84	-0.03594
28.85	-0.03730
28.86	-0.03179
28.87	-0.02440
28.88	-0.01834
28.89	-0.01422
28.9	-0.01154
28.91	-0.01049
28.92	-0.01091
28.93	-0.01229
28.94	-0.01405
28.95	-0.01589
28.96	-0.01768
28.97	-0.01948
28.98	-0.02093
28.99	-0.02077
29	-0.01839
29.01	-0.01436
29.02	-0.00968
29.03	-0.00513
29.04	-0.00094
29.05	0.00305
29.06	0.00772
29.07	0.01506
29.08	0.02570
29.09	0.03858
29.1	0.05145
29.11	0.05665
29.12	0.04842
29.13	0.02911
29.14	0.00825
29.15	-0.00608
29.16	-0.01270
29.17	-0.01513
29.18	-0.01749
29.19	-0.02243
29.2	-0.03015
29.21	-0.03926
29.22	-0.04767
29.23	-0.04959
29.24	-0.04078
29.25	-0.02315
29.26	-0.00156
29.27	0.01941
29.28	0.03737
29.29	0.05269
29.3	0.06706
29.31	0.08184
29.32	0.09728
29.33	0.10962
29.34	0.11203
29.35	0.10328
29.36	0.08745
29.37	0.06703
29.38	0.03937
29.39	0.01049
29.4	-0.00981
29.41	-0.01889
29.42	-0.02059
29.43	-0.02030
29.44	-0.02145
29.45	-0.02453
29.46	-0.02838
29.47	-0.03131
29.48	-0.02819
29.49	-0.01456
29.5	0.00824
29.51	0.03510
29.52	0.05686
29.53	0.06563
29.54	0.06204
29.55	0.05215
29.56	0.04180
29.57	0.03389
29.58	0.02940
29.59	0.02772
29.6	0.02729
29.61	0.02533
29.62	0.01290
29.63	-0.01521
29.64	-0.04918
29.65	-0.07495
29.66	-0.08767
29.67	-0.09129
29.68	-0.09250
29.69	-0.09569
29.7	-0.10158
29.71	-0.10866
29.72	-0.11509
29.73	-0.11802
29.74	-0.11451
29.75	-0.10510
29.76	-0.09258
29.77	-0.07973
29.78	-0.06794
29.79	-0.05710
29.8	-0.04673
29.81	-0.03907
29.82	-0.03743
29.83	-0.04193
29.84	-0.04999
29.85	-0.05845
29.86	-0.06490
29.87	-0.06899
29.88	-0.07182
29.89	-0.07464
29.9	-0.07799
29.91	-0.08157
29.92	-0.08283
29.93	-0.07931
29.94	-0.07135
29.95	-0.06108
29.96	-0.05053
29.97	-0.04053
29.98	-0.03096
29.99	-0.02146
30	-0.01260
30.01	-0.00544
30.02	-0.00012
30.03	0.00404
30.04	0.00788
30.05	0.01190
30.06	0.01616
30.07	0.02050
30.08	0.02475
30.09	0.02888
30.1	0.03289
30.11	0.03663
30.12	0.03707
30.13	0.03051
30.14	0.01709
30.15	-0.00020
30.16	-0.01819
30.17	-0.03530
30.18	-0.04938
30.19	-0.05620
30.2	-0.05517
30.21	-0.04922
30.22	-0.04194
30.23	-0.03556
30.24	-0.03049
30.25	-0.02604
30.26	-0.02131
30.27	-0.01466
30.28	-0.00459
30.29	0.00840
30.3	0.02011
30.31	0.02427
30.32	0.01952
30.33	0.00907
30.34	-0.00256
30.35	-0.01173
30.36	-0.01746
30.37	-0.02112
30.38	-0.02450
30.39	-0.02875
30.4	-0.03503
30.41	-0.04431
30.42	-0.05468
30.43	-0.06030
30.44	-0.05800
30.45	-0.04944
30.46	-0.03838
30.47	-0.02774
30.48	-0.01905
30.49	-0.01311
30.5	-0.00936
30.51	-0.00654
30.52	-0.00369
30.53	-0.00038
30.54	0.00445
30.55	0.01156
30.56	0.02052
30.57	0.03029
30.58	0.04009
30.59	0.04959
30.6	0.05887
30.61	0.06683
30.62	0.06933
30.63	0.06440
30.64	0.05392
30.65	0.04126
30.66	0.02851
30.67	0.01285
30.68	-0.00923
30.69	-0.03747
30.7	-0.06420
30.71	-0.07509
30.72	-0.06591
30.73	-0.04364
30.74	-0.01905
30.75	0.00135
30.76	0.01699
30.77	0.03074
30.78	0.04530
30.79	0.06165
30.8	0.07762
30.81	0.08654
30.82	0.08299
30.83	0.06825
30.84	0.04902
30.85	0.03348
30.86	0.02650
30.87	0.02811
30.88	0.03451
30.89	0.04146
30.9	0.04662
30.91	0.04979
30.92	0.05127
30.93	0.05146
30.94	0.05093
30.95	0.05015
30.96	0.04935
30.97	0.04897
30.98	0.04942
30.99	0.05068
31	0.05238
31.01	0.05420
31.02	0.05592
31.03	0.05755
31.04	0.05919
31.05	0.06087
31.06	0.06261
31.07	0.06440
31.08	0.06599
31.09	0.06554
31.1	0.06154
31.11	0.05447
31.12	0.04592
31.13	0.03743
31.14	0.03057
31.15	0.02608
31.16	0.02329
31.17	0.02110
31.18	0.01875
31.19	0.01603
31.2	0.01343
31.21	0.01250
31.22	0.01406
31.23	0.01754
31.24	0.02182
31.25	0.02597
31.26	0.02952
31.27	0.03054
31.28	0.02719
31.29	0.01998
31.3	0.01080
31.31	0.00141
31.32	-0.00787
31.33	-0.01838
31.34	-0.03095
31.35	-0.04525
31.36	-0.06034
31.37	-0.07539
31.38	-0.09006
31.39	-0.10158
31.4	-0.10342
31.41	-0.09409
31.42	-0.07745
31.43	-0.05864
31.44	-0.04087
31.45	-0.02473
31.46	-0.00932
31.47	0.00476
31.48	0.01485
31.49	0.02020
31.5	0.02232
31.51	0.02336
31.52	0.02470
31.53	0.02727
31.54	0.03258
31.55	0.04105
31.56	0.05162
31.57	0.06255
31.58	0.06927
31.59	0.06786
31.6	0.05918
31.61	0.04689
31.62	0.03339
31.63	0.01776
31.64	-0.00073
31.65	-0.01900
31.66	-0.02948
31.67	-0.02958
31.68	-0.02236
31.69	-0.01273
31.7	-0.00407
31.71	0.00156
31.72	0.00311
31.73	0.00155
31.74	-0.00129
31.75	-0.00402
31.76	-0.00622
31.77	-0.00814
31.78	-0.01014
31.79	-0.01239
31.8	-0.01483
31.81	-0.01709
31.82	-0.01637
31.83	-0.00858
31.84	0.00647
31.85	0.02578
31.86	0.04566
31.87	0.06302
31.88	0.07715
31.89	0.08936
31.9	0.10081
31.91	0.10740
31.92	0.10408
31.93	0.09125
31.94	0.07319
31.95	0.05425
31.96	0.03820
31.97	0.02868
31.98	0.02558
31.99	0.02601
32	0.02698
32.01	0.02706
32.02	0.02631
32.03	0.02544
32.04	0.02497
32.05	0.02497
32.06	0.02519
32.07	0.02537
32.08	0.02536
32.09	0.02432
32.1	0.01938
32.11	0.00929
32.12	-0.00461
32.13	-0.01996
32.14	-0.03354
32.15	-0.04070
32.16	-0.04033
32.17	-0.03510
32.18	-0.02825
32.19	-0.02134
32.2	-0.01459
32.21	-0.00762
32.22	-0.00018
32.23	0.00774
32.24	0.01606
32.25	0.02461
32.26	0.03254
32.27	0.03753
32.28	0.03857
32.29	0.03669
32.3	0.03372
32.31	0.03094
32.32	0.02874
32.33	0.02683
32.34	0.02485
32.35	0.02259
32.36	0.02006
32.37	0.01629
32.38	0.00925
32.39	-0.00135
32.4	-0.01420
32.41	-0.02649
32.42	-0.03451
32.43	-0.03744
32.44	-0.03718
32.45	-0.03617
32.46	-0.03584
32.47	-0.03658
32.48	-0.03873
32.49	-0.04226
32.5	-0.04666
32.51	-0.05138
32.52	-0.05584
32.53	-0.05769
32.54	-0.05467
32.55	-0.04727
32.56	-0.03763
32.57	-0.02778
32.58	-0.01862
32.59	-0.01005
32.6	-0.00248
32.61	0.00238
32.62	0.00403
32.63	0.00350
32.64	0.00221
32.65	0.00113
32.66	0.00045
32.67	0.00000
32.68	0.00011
32.69	0.00138
32.7	0.00385
32.71	0.00703
32.72	0.01037
32.73	0.01358
32.74	0.01480
32.75	0.00987
32.76	-0.00232
32.77	-0.01965
32.78	-0.03897
32.79	-0.05803
32.8	-0.07439
32.81	-0.08360
32.82	-0.08461
32.83	-0.08019
32.84	-0.07451
32.85	-0.07110
32.86	-0.07101
32.87	-0.07300
32.88	-0.07535
32.89	-0.07706
32.9	-0.07811
32.91	-0.07881
32.92	-0.07790
32.93	-0.07340
32.94	-0.06529
32.95	-0.05504
32.96	-0.04432
32.97	-0.03401
32.98	-0.02421
32.99	-0.01457
33	-0.00490
33.01	0.00365
33.02	0.00974
33.03	0.01341
33.04	0.01576
33.05	0.01793
33.06	0.02156
33.07	0.02870
33.08	0.03940
33.09	0.05215
33.1	0.06530
33.11	0.07773
33.12	0.08701
33.13	0.09150
33.14	0.09214
33.15	0.09109
33.16	0.09007
33.17	0.08874
33.18	0.08302
33.19	0.07016
33.2	0.05173
33.21	0.03397
33.22	0.02332
33.23	0.02059
33.24	0.02244
33.25	0.02498
33.26	0.02617
33.27	0.02598
33.28	0.02535
33.29	0.02388
33.3	0.01991
33.31	0.01305
33.32	0.00423
33.33	-0.00526
33.34	-0.01453
33.35	-0.02339
33.36	-0.03202
33.37	-0.03939
33.38	-0.04206
33.39	-0.03873
33.4	-0.03115
33.41	-0.02206
33.42	-0.01367
33.43	-0.00674
33.44	-0.00078
33.45	0.00509
33.46	0.01132
33.47	0.01796
33.48	0.02408
33.49	0.02581
33.5	0.02054
33.51	0.00954
33.52	-0.00399
33.53	-0.01745
33.54	-0.02967
33.55	-0.03900
33.56	-0.04371
33.57	-0.04437
33.58	-0.04292
33.59	-0.04116
33.6	-0.03991
33.61	-0.03938
33.62	-0.04027
33.63	-0.04296
33.64	-0.04696
33.65	-0.05154
33.66	-0.05611
33.67	-0.06044
33.68	-0.06350
33.69	-0.06337
33.7	-0.05984
33.71	-0.05416
33.72	-0.04792
33.73	-0.04205
33.74	-0.03665
33.75	-0.03142
33.76	-0.02671
33.77	-0.02595
33.78	-0.03176
33.79	-0.04309
33.8	-0.05709
33.81	-0.07162
33.82	-0.08584
33.83	-0.09982
33.84	-0.11240
33.85	-0.11763
33.86	-0.11183
33.87	-0.09729
33.88	-0.07895
33.89	-0.06079
33.9	-0.04433
33.91	-0.02989
33.92	-0.01733
33.93	-0.00585
33.94	0.00534
33.95	0.01660
33.96	0.02795
33.97	0.03913
33.98	0.04752
33.99	0.04952
34	0.04496
34.01	0.03655
34.02	0.02731
34.03	0.01888
34.04	0.01138
34.05	0.00478
34.06	0.00051
34.07	-0.00063
34.08	0.00063
34.09	0.00294
34.1	0.00523
34.11	0.00714
34.12	0.00744
34.13	0.00267
34.14	-0.00829
34.15	-0.02353
34.16	-0.04025
34.17	-0.05654
34.18	-0.07120
34.19	-0.07778
34.2	-0.07107
34.21	-0.05312
34.22	-0.02984
34.23	-0.00617
34.24	0.01626
34.25	0.03805
34.26	0.06028
34.27	0.08175
34.28	0.09813
34.29	0.10791
34.3	0.11284
34.31	0.11417
34.32	0.11217
34.33	0.10773
34.34	0.10200
34.35	0.09596
34.36	0.09002
34.37	0.08426
34.38	0.07851
34.39	0.07236
34.4	0.06523
34.41	0.05704
34.42	0.04825
34.43	0.03936
34.44	0.03063
34.45	0.02207
34.46	0.01358
34.47	0.00506
34.48	-0.00350
34.49	-0.01208
34.5	-0.02030
34.51	-0.02790
34.52	-0.03507
34.53	-0.04215
34.54	-0.04934
34.55	-0.05664
34.56	-0.06379
34.57	-0.06865
34.58	-0.06909
34.59	-0.06549
34.6	-0.05981
34.61	-0.05387
34.62	-0.04855
34.63	-0.04376
34.64	-0.03993
34.65	-0.03907
34.66	-0.04196
34.67	-0.04755
34.68	-0.05414
34.69	-0.06055
34.7	-0.06645
34.71	-0.07201
34.72	-0.07605
34.73	-0.07599
34.74	-0.07129
34.75	-0.06364
34.76	-0.05514
34.77	-0.04707
34.78	-0.03967
34.79	-0.03255
34.8	-0.02526
34.81	-0.01684
34.82	-0.00503
34.83	0.01076
34.84	0.02897
34.85	0.04460
34.86	0.05267
34.87	0.05310
34.88	0.04932
34.89	0.04495
34.9	0.04199
34.91	0.04211
34.92	0.04586
34.93	0.05210
34.94	0.05914
34.95	0.06596
34.96	0.07231
34.97	0.07846
34.98	0.08454
34.99	0.08784
35	0.08413
35.01	0.07299
35.02	0.05734
35.03	0.04073
35.04	0.02685
35.05	0.01861
35.06	0.01543
35.07	0.01473
35.08	0.01410
35.09	0.01258
35.1	0.01029
35.11	0.00699
35.12	0.00204
35.13	-0.00452
35.14	-0.01204
35.15	-0.01825
35.16	-0.01748
35.17	-0.00727
35.18	0.00985
35.19	0.02952
35.2	0.04863
35.21	0.06628
35.22	0.08171
35.23	0.09203
35.24	0.09636
35.25	0.09655
35.26	0.09523
35.27	0.09416
35.28	0.09380
35.29	0.09378
35.3	0.09333
35.31	0.09077
35.32	0.08517
35.33	0.07726
35.34	0.06840
35.35	0.05965
35.36	0.05148
35.37	0.04520
35.38	0.04177
35.39	0.04060
35.4	0.04046
35.41	0.04033
35.42	0.03979
35.43	0.03895
35.44	0.03753
35.45	0.03492
35.46	0.03104
35.47	0.02639
35.48	0.02149
35.49	0.01669
35.5	0.01203
35.51	0.00744
35.52	0.00280
35.53	-0.00191
35.54	-0.00668
35.55	-0.01145
35.56	-0.01610
35.57	-0.01966
35.58	-0.02096
35.59	-0.02005
35.6	-0.01792
35.61	-0.01556
35.62	-0.01348
35.63	-0.01169
35.64	-0.00994
35.65	-0.00805
35.66	-0.00599
35.67	-0.00405
35.68	-0.00360
35.69	-0.00555
35.7	-0.00949
35.71	-0.01430
35.72	-0.01905
35.73	-0.02339
35.74	-0.02745
35.75	-0.03138
35.76	-0.03414
35.77	-0.03395
35.78	-0.03058
35.79	-0.02525
35.8	-0.01939
35.81	-0.01385
35.82	-0.00871
35.83	-0.00400
35.84	-0.00115
35.85	-0.00128
35.86	-0.00393
35.87	-0.00774
35.88	-0.01157
35.89	-0.01495
35.9	-0.01794
35.91	-0.02084
35.92	-0.02385
35.93	-0.02699
35.94	-0.03018
35.95	-0.03333
35.96	-0.03704
35.97	-0.04222
35.98	-0.04899
35.99	-0.05671
36	-0.06462
36.01	-0.07235
36.02	-0.07981
36.03	-0.08717
36.04	-0.09459
36.05	-0.10070
36.06	-0.10175
36.07	-0.09636
36.08	-0.08641
36.09	-0.07489
36.1	-0.06380
36.11	-0.05367
36.12	-0.04401
36.13	-0.03421
36.14	-0.02399
36.15	-0.01344
36.16	-0.00349
36.17	0.00371
36.18	0.00716
36.19	0.00788
36.2	0.00760
36.21	0.00753
36.22	0.00802
36.23	0.00881
36.24	0.00949
36.25	0.00991
36.26	0.01013
36.27	0.01028
36.28	0.01048
36.29	0.01065
36.3	0.00945
36.31	0.00531
36.32	-0.00176
36.33	-0.01042
36.34	-0.01852
36.35	-0.02382
36.36	-0.02606
36.37	-0.02655
36.38	-0.02676
36.39	-0.02751
36.4	-0.02874
36.41	-0.03014
36.42	-0.03135
36.43	-0.03236
36.44	-0.03267
36.45	-0.03109
36.46	-0.02736
36.47	-0.02224
36.48	-0.01671
36.49	-0.01138
36.5	-0.00636
36.51	-0.00149
36.52	0.00345
36.53	0.00850
36.54	0.01365
36.55	0.01879
36.56	0.02387
36.57	0.02860
36.58	0.03134
36.59	0.03093
36.6	0.02796
36.61	0.02382
36.62	0.01969
36.63	0.01600
36.64	0.01263
36.65	0.00914
36.66	0.00391
36.67	-0.00478
36.68	-0.01673
36.69	-0.03041
36.7	-0.04432
36.71	-0.05507
36.72	-0.05643
36.73	-0.04724
36.74	-0.03137
36.75	-0.01367
36.76	0.00295
36.77	0.01805
36.78	0.03171
36.79	0.04135
36.8	0.04522
36.81	0.04446
36.82	0.04160
36.83	0.03865
36.84	0.03644
36.85	0.03500
36.86	0.03457
36.87	0.03520
36.88	0.03653
36.89	0.03816
36.9	0.03955
36.91	0.04019
36.92	0.04005
36.93	0.03949
36.94	0.03886
36.95	0.03805
36.96	0.03427
36.97	0.02508
36.98	0.01113
36.99	-0.00512
37	-0.02148
37.01	-0.03466
37.02	-0.03933
37.03	-0.03471
37.04	-0.02435
37.05	-0.01250
37.06	-0.00162
37.07	0.00794
37.08	0.01598
37.09	0.02139
37.1	0.02412
37.11	0.02513
37.12	0.02560
37.13	0.02583
37.14	0.02479
37.15	0.02195
37.16	0.01767
37.17	0.01281
37.18	0.00803
37.19	0.00356
37.2	-0.00071
37.21	-0.00491
37.22	-0.00855
37.23	-0.01044
37.24	-0.01035
37.25	-0.00894
37.26	-0.00751
37.27	-0.00805
37.28	-0.01151
37.29	-0.01716
37.3	-0.02372
37.31	-0.03034
37.32	-0.03679
37.33	-0.04310
37.34	-0.04824
37.35	-0.05049
37.36	-0.04970
37.37	-0.04704
37.38	-0.04392
37.39	-0.04113
37.4	-0.03875
37.41	-0.03651
37.42	-0.03417
37.43	-0.03164
37.44	-0.02902
37.45	-0.02642
37.46	-0.02392
37.47	-0.02151
37.48	-0.01934
37.49	-0.01813
37.5	-0.01829
37.51	-0.01955
37.52	-0.02129
37.53	-0.02260
37.54	-0.02073
37.55	-0.01394
37.56	-0.00322
37.57	0.00917
37.58	0.02141
37.59	0.03287
37.6	0.04379
37.61	0.05468
37.62	0.06583
37.63	0.07706
37.64	0.08694
37.65	0.09428
37.66	0.09934
37.67	0.10327
37.68	0.10709
37.69	0.11126
37.7	0.11560
37.71	0.11859
37.72	0.11759
37.73	0.11222
37.74	0.10414
37.75	0.09535
37.76	0.08704
37.77	0.07931
37.78	0.07178
37.79	0.06403
37.8	0.05595
37.81	0.04769
37.82	0.04025
37.83	0.03491
37.84	0.03173
37.85	0.02979
37.86	0.02811
37.87	0.02613
37.88	0.02382
37.89	0.02088
37.9	0.01659
37.91	0.01085
37.92	0.00419
37.93	-0.00271
37.94	-0.00946
37.95	-0.01555
37.96	-0.01991
37.97	-0.02225
37.98	-0.02322
37.99	-0.02369
38	-0.02425
38.01	-0.02501
38.02	-0.02582
38.03	-0.02650
38.04	-0.02698
38.05	-0.02730
38.06	-0.02751
38.07	-0.02769
38.08	-0.02784
38.09	-0.02791
38.1	-0.02788
38.11	-0.02776
38.12	-0.02752
38.13	-0.02721
38.14	-0.02682
38.15	-0.02634
38.16	-0.02577
38.17	-0.02511
38.18	-0.02438
38.19	-0.02356
38.2	-0.02266
38.21	-0.02169
38.22	-0.02082
38.23	-0.02149
38.24	-0.02495
38.25	-0.03084
38.26	-0.03786
38.27	-0.04488
38.28	-0.05145
38.29	-0.05766
38.3	-0.06381
38.31	-0.06980
38.32	-0.07292
38.33	-0.07072
38.34	-0.06388
38.35	-0.05474
38.36	-0.04543
38.37	-0.03693
38.38	-0.02937
38.39	-0.02314
38.4	-0.01829
38.41	-0.01439
38.42	-0.01086
38.43	-0.00737
38.44	-0.00381
38.45	-0.00028
38.46	0.00314
38.47	0.00641
38.48	0.00957
38.49	0.01264
38.5	0.01565
38.51	0.01850
38.52	0.02006
38.53	0.01899
38.54	0.01533
38.55	0.01019
38.56	0.00471
38.57	-0.00055
38.58	-0.00556
38.59	-0.01057
38.6	-0.01583
38.61	-0.02087
38.62	-0.02364
38.63	-0.02289
38.64	-0.01936
38.65	-0.01470
38.66	-0.01018
38.67	-0.00628
38.68	-0.00282
38.69	0.00058
38.7	0.00415
38.71	0.00788
38.72	0.01163
38.73	0.01527
38.74	0.01881
38.75	0.02225
38.76	0.02561
38.77	0.02799
38.78	0.02828
38.79	0.02654
38.8	0.02364
38.81	0.02054
38.82	0.01776
38.83	0.01530
38.84	0.01294
38.85	0.01054
38.86	0.00805
38.87	0.00554
38.88	0.00313
38.89	0.00083
38.9	-0.00134
38.91	-0.00341
38.92	-0.00540
38.93	-0.00731
38.94	-0.00914
38.95	-0.01087
38.96	-0.01247
38.97	-0.01398
38.98	-0.01536
38.99	-0.01662
39	-0.01755
39.01	-0.01802
39.02	-0.01809
39.03	-0.01793
39.04	-0.01784
39.05	-0.01937
39.06	-0.02379
39.07	-0.03066
39.08	-0.03840
39.09	-0.04452
39.1	-0.04756
39.11	-0.04813
39.12	-0.04765
39.13	-0.04732
39.14	-0.04751
39.15	-0.04799
39.16	-0.04841
39.17	-0.04858
39.18	-0.04855
39.19	-0.04848
39.2	-0.04847
39.21	-0.04857
39.22	-0.04876
39.23	-0.04897
39.24	-0.04922
39.25	-0.04949
39.26	-0.04982
39.27	-0.05025
39.28	-0.05070
39.29	-0.04973
39.3	-0.04458
39.31	-0.03484
39.32	-0.02225
39.33	-0.00904
39.34	0.00348
39.35	0.01377
39.36	0.02025
39.37	0.02327
39.38	0.02437
39.39	0.02506
39.4	0.02605
39.41	0.02728
39.42	0.02841
39.43	0.02922
39.44	0.02959
39.45	0.02893
39.46	0.02662
39.47	0.02283
39.48	0.01826
39.49	0.01349
39.5	0.00884
39.51	0.00502
39.52	0.00295
39.53	0.00258
39.54	0.00317
39.55	0.00391
39.56	0.00438
39.57	0.00457
39.58	0.00508
39.59	0.00765
39.6	0.01323
39.61	0.02118
39.62	0.03009
39.63	0.03884
39.64	0.04642
39.65	0.05235
39.66	0.05710
39.67	0.06143
39.68	0.06593
39.69	0.07076
39.7	0.07582
39.71	0.08092
39.72	0.08604
39.73	0.09119
39.74	0.09626
39.75	0.09945
39.76	0.09883
39.77	0.09473
39.78	0.08888
39.79	0.08294
39.8	0.07771
39.81	0.07314
39.82	0.06881
39.83	0.06413
39.84	0.05777
39.85	0.04918
39.86	0.03897
39.87	0.02824
39.88	0.01513
39.89	-0.00151
39.9	-0.01506
39.91	-0.02109
39.92	-0.02046
39.93	-0.01670
39.94	-0.01292
39.95	-0.01040
39.96	-0.00877
39.97	-0.00713
39.98	-0.00543
39.99	-0.00533
40	-0.00793
40.01	-0.01277
40.02	-0.01868
40.03	-0.02544
40.04	-0.03419
40.05	-0.04532
40.06	-0.05813
40.07	-0.07157
40.08	-0.08464
40.09	-0.09401
40.1	-0.09599
40.11	-0.09100
40.12	-0.08226
40.13	-0.07302
40.14	-0.06483
40.15	-0.05797
40.16	-0.05285
40.17	-0.04955
40.18	-0.04755
40.19	-0.04613
40.2	-0.04479
40.21	-0.04292
40.22	-0.03982
40.23	-0.03555
40.24	-0.03071
40.25	-0.02588
40.26	-0.02136
40.27	-0.01713
40.28	-0.01307
40.29	-0.00907
40.3	-0.00507
40.31	-0.00031
40.32	0.00609
40.33	0.01407
40.34	0.02285
40.35	0.03128
40.36	0.03671
40.37	0.03755
40.38	0.03472
40.39	0.03031
40.4	0.02592
40.41	0.02215
40.42	0.01873
40.43	0.01520
40.44	0.01132
40.45	0.00744
40.46	0.00468
40.47	0.00368
40.48	0.00401
40.49	0.00488
40.5	0.00564
40.51	0.00611
40.52	0.00641
40.53	0.00675
40.54	0.00694
40.55	0.00624
40.56	0.00447
40.57	0.00194
40.58	-0.00082
40.59	-0.00343
40.6	-0.00576
40.61	-0.00710
40.62	-0.00637
40.63	-0.00357
40.64	0.00050
40.65	0.00491
40.66	0.00919
40.67	0.01328
40.68	0.01740
40.69	0.02170
40.7	0.02623
40.71	0.03094
40.72	0.03574
40.73	0.03985
40.74	0.04096
40.75	0.03802
40.76	0.03213
40.77	0.02516
40.78	0.01850
40.79	0.01253
40.8	0.00700
40.81	0.00146
40.82	-0.00426
40.83	-0.01012
40.84	-0.01596
40.85	-0.02165
40.86	-0.02718
40.87	-0.03263
40.88	-0.03803
40.89	-0.04342
40.9	-0.04879
40.91	-0.05415
40.92	-0.05863
40.93	-0.05994
40.94	-0.05731
40.95	-0.05195
40.96	-0.04564
40.97	-0.03963
40.98	-0.03414
40.99	-0.02818
41	-0.02063
41.01	-0.01147
41.02	-0.00145
41.03	0.00797
41.04	0.01368
41.05	0.01413
41.06	0.01060
41.07	0.00545
41.08	0.00051
41.09	-0.00375
41.1	-0.00763
41.11	-0.01169
41.12	-0.01618
41.13	-0.02107
41.14	-0.02611
41.15	-0.03117
41.16	-0.03610
41.17	-0.03996
41.18	-0.04153
41.19	-0.04093
41.2	-0.03917
41.21	-0.03727
41.22	-0.03582
41.23	-0.03474
41.24	-0.03384
41.25	-0.03327
41.26	-0.03354
41.27	-0.03481
41.28	-0.03683
41.29	-0.03914
41.3	-0.04147
41.31	-0.04373
41.32	-0.04592
41.33	-0.04707
41.34	-0.04569
41.35	-0.04167
41.36	-0.03607
41.37	-0.03012
41.38	-0.02450
41.39	-0.01926
41.4	-0.01414
41.41	-0.00885
41.42	-0.00291
41.43	0.00407
41.44	0.01190
41.45	0.02012
41.46	0.02804
41.47	0.03353
41.48	0.03526
41.49	0.03398
41.5	0.03147
41.51	0.02911
41.52	0.02738
41.53	0.02613
41.54	0.02496
41.55	0.02365
41.56	0.02225
41.57	0.02087
41.58	0.01968
41.59	0.01869
41.6	0.01789
41.61	0.01720
41.62	0.01660
41.63	0.01610
41.64	0.01572
41.65	0.01547
41.66	0.01563
41.67	0.01673
41.68	0.01883
41.69	0.02159
41.7	0.02460
41.71	0.02758
41.72	0.03024
41.73	0.03220
41.74	0.03350
41.75	0.03449
41.76	0.03548
41.77	0.03662
41.78	0.03791
41.79	0.03926
41.8	0.04060
41.81	0.04191
41.82	0.04279
41.83	0.04076
41.84	0.03415
41.85	0.02508
41.86	0.01806
41.87	0.01523
41.88	0.01566
41.89	0.01722
41.9	0.01830
41.91	0.01842
41.92	0.01799
41.93	0.01756
41.94	0.01740
41.95	0.01746
41.96	0.01749
41.97	0.01734
41.98	0.01697
41.99	0.01643
42	0.01578
42.01	0.01507
42.02	0.01431
42.03	0.01344
42.04	0.01243
42.05	0.01132
42.06	0.01007
42.07	0.00872
42.08	0.00727
42.09	0.00571
42.1	0.00428
42.11	0.00412
42.12	0.00607
42.13	0.00976
42.14	0.01416
42.15	0.01851
42.16	0.02239
42.17	0.02518
42.18	0.02626
42.19	0.02580
42.2	0.02452
42.21	0.02309
42.22	0.02182
42.23	0.02068
42.24	0.01956
42.25	0.01833
42.26	0.01692
42.27	0.01298
42.28	0.00412
42.29	-0.00581
42.3	-0.01287
42.31	-0.01619
42.32	-0.01716
42.33	-0.01773
42.34	-0.01893
42.35	-0.02037
42.36	-0.02013
42.37	-0.01729
42.38	-0.01241
42.39	-0.00668
42.4	-0.00104
42.41	0.00424
42.42	0.00931
42.43	0.01450
42.44	0.01908
42.45	0.02026
42.46	0.01663
42.47	0.00938
42.48	0.00075
42.49	-0.00744
42.5	-0.01446
42.51	-0.02060
42.52	-0.02651
42.53	-0.03260
42.54	-0.03892
42.55	-0.04527
42.56	-0.05135
42.57	-0.05568
42.58	-0.05685
42.59	-0.05520
42.6	-0.05211
42.61	-0.04884
42.62	-0.04596
42.63	-0.04341
42.64	-0.04087
42.65	-0.03810
42.66	-0.03504
42.67	-0.03176
42.68	-0.02843
42.69	-0.02515
42.7	-0.02193
42.71	-0.01873
42.72	-0.01553
42.73	-0.01231
42.74	-0.00910
42.75	-0.00591
42.76	-0.00285
42.77	-0.00023
42.78	0.00181
42.79	0.00341
42.8	0.00483
42.81	0.00623
42.82	0.00765
42.83	0.00907
42.84	0.01044
42.85	0.01171
42.86	0.01277
42.87	0.01239
42.88	0.00930
42.89	0.00371
42.9	-0.00319
42.91	-0.01030
42.92	-0.01706
42.93	-0.02272
42.94	-0.02670
42.95	-0.02922
42.96	-0.03100
42.97	-0.03181
42.98	-0.03027
42.99	-0.02606
43	-0.02011
43.01	-0.01363
43.02	-0.00741
43.03	-0.00159
43.04	0.00401
43.05	0.00966
43.06	0.01543
43.07	0.02121
43.08	0.02625
43.09	0.03008
43.1	0.03291
43.11	0.03526
43.12	0.03760
43.13	0.04012
43.14	0.04278
43.15	0.04542
43.16	0.04799
43.17	0.05048
43.18	0.05294
43.19	0.05543
43.2	0.05794
43.21	0.06014
43.22	0.06089
43.23	0.05967
43.24	0.05700
43.25	0.05378
43.26	0.05065
43.27	0.04784
43.28	0.04521
43.29	0.04256
43.3	0.03980
43.31	0.03694
43.32	0.03418
43.33	0.03263
43.34	0.03333
43.35	0.03612
43.36	0.03997
43.37	0.04394
43.38	0.04761
43.39	0.05102
43.4	0.05436
43.41	0.05687
43.42	0.05691
43.43	0.05411
43.44	0.04949
43.45	0.04431
43.46	0.03907
43.47	0.03327
43.48	0.02662
43.49	0.01921
43.5	0.01162
43.51	0.00608
43.52	0.00467
43.53	0.00700
43.54	0.01125
43.55	0.01568
43.56	0.01951
43.57	0.02262
43.58	0.02378
43.59	0.02185
43.6	0.01732
43.61	0.01151
43.62	0.00565
43.63	0.00078
43.64	-0.00275
43.65	-0.00534
43.66	-0.00765
43.67	-0.01002
43.68	-0.01167
43.69	-0.01173
43.7	-0.01029
43.71	-0.00805
43.72	-0.00571
43.73	-0.00361
43.74	-0.00174
43.75	0.00008
43.76	0.00198
43.77	0.00398
43.78	0.00608
43.79	0.00824
43.8	0.01043
43.81	0.01260
43.82	0.01478
43.83	0.01695
43.84	0.01914
43.85	0.02132
43.86	0.02352
43.87	0.02571
43.88	0.02758
43.89	0.02835
43.9	0.02787
43.91	0.02655
43.92	0.02499
43.93	0.02356
43.94	0.02232
43.95	0.02116
43.96	0.01997
43.97	0.01870
43.98	0.01737
43.99	0.01606
44	0.01477
44.01	0.01353
44.02	0.01229
44.03	0.01105
44.04	0.00966
44.05	0.00793
44.06	0.00591
44.07	0.00370
44.08	0.00148
44.09	-0.00068
44.1	-0.00280
44.11	-0.00448
44.12	-0.00481
44.13	-0.00359
44.14	-0.00133
44.15	0.00125
44.16	0.00371
44.17	0.00591
44.18	0.00757
44.19	0.00844
44.2	0.00875
44.21	0.00878
44.22	0.00882
44.23	0.00896
44.24	0.00916
44.25	0.00936
44.26	0.00953
44.27	0.00967
44.28	0.00981
44.29	0.00997
44.3	0.01007
44.31	0.00908
44.32	0.00573
44.33	0.00009
44.34	-0.00684
44.35	-0.01400
44.36	-0.02081
44.37	-0.02722
44.38	-0.03220
44.39	-0.03447
44.4	-0.03414
44.41	-0.03236
44.42	-0.03028
44.43	-0.02851
44.44	-0.02708
44.45	-0.02572
44.46	-0.02422
44.47	-0.02254
44.48	-0.02079
44.49	-0.01903
44.5	-0.01734
44.51	-0.01570
44.52	-0.01407
44.53	-0.01243
44.54	-0.01074
44.55	-0.00905
44.56	-0.00737
44.57	-0.00568
44.58	-0.00401
44.59	-0.00235
44.6	-0.00067
44.61	0.00102
44.62	0.00269
44.63	0.00436
44.64	0.00604
44.65	0.00772
44.66	0.00938
44.67	0.01099
44.68	0.01203
44.69	0.01208
44.7	0.01125
44.71	0.01000
44.72	0.00873
44.73	0.00760
44.74	0.00658
44.75	0.00556
44.76	0.00448
44.77	0.00334
44.78	0.00216
44.79	0.00100
44.8	-0.00016
44.81	-0.00130
44.82	-0.00245
44.83	-0.00358
44.84	-0.00438
44.85	-0.00456
44.86	-0.00416
44.87	-0.00346
44.88	-0.00274
44.89	-0.00258
44.9	-0.00378
44.91	-0.00643
44.92	-0.00991
44.93	-0.01361
44.94	-0.01713
44.95	-0.02035
44.96	-0.02280
44.97	-0.02432
44.98	-0.02515
44.99	-0.02570
45	-0.02629
45.01	-0.02701
45.02	-0.02780
45.03	-0.02858
45.04	-0.02932
45.05	-0.03003
45.06	-0.03077
45.07	-0.03161
45.08	-0.03253
45.09	-0.03349
45.1	-0.03447
45.11	-0.03546
45.12	-0.03643
45.13	-0.03741
45.14	-0.03827
45.15	-0.03866
45.16	-0.03848
45.17	-0.03795
45.18	-0.03733
45.19	-0.03680
45.2	-0.03697
45.21	-0.03830
45.22	-0.04065
45.23	-0.04350
45.24	-0.04641
45.25	-0.04918
45.26	-0.05182
45.27	-0.05448
45.28	-0.05720
45.29	-0.06001
45.3	-0.06279
45.31	-0.06454
45.32	-0.06382
45.33	-0.06053
45.34	-0.05574
45.35	-0.05063
45.36	-0.04584
45.37	-0.04143
45.38	-0.03714
45.39	-0.03274
45.4	-0.02818
45.41	-0.02352
45.42	-0.01887
45.43	-0.01430
45.44	-0.00984
45.45	-0.00605
45.46	-0.00385
45.47	-0.00328
45.48	-0.00367
45.49	-0.00429
45.5	-0.00473
45.51	-0.00494
45.52	-0.00509
45.53	-0.00532
45.54	-0.00568
45.55	-0.00610
45.56	-0.00651
45.57	-0.00689
45.58	-0.00724
45.59	-0.00760
45.6	-0.00796
45.61	-0.00834
45.62	-0.00874
45.63	-0.00912
45.64	-0.00952
45.65	-0.00990
45.66	-0.01029
45.67	-0.01068
45.68	-0.01107
45.69	-0.01147
45.7	-0.01186
45.71	-0.01187
45.72	-0.01087
45.73	-0.00875
45.74	-0.00592
45.75	-0.00291
45.76	-0.00002
45.77	0.00253
45.78	0.00381
45.79	0.00322
45.8	0.00114
45.81	-0.00162
45.82	-0.00437
45.83	-0.00686
45.84	-0.00916
45.85	-0.01147
45.86	-0.01349
45.87	-0.01416
45.88	-0.01303
45.89	-0.01059
45.9	-0.00766
45.91	-0.00484
45.92	-0.00228
45.93	0.00015
45.94	0.00261
45.95	0.00520
45.96	0.00788
45.97	0.01059
45.98	0.01328
45.99	0.01591
46	0.01810
46.01	0.01909
46.02	0.01878
46.03	0.01764
46.04	0.01630
46.05	0.01511
46.06	0.01411
46.07	0.01319
46.08	0.01223
46.09	0.01120
46.1	0.01011
46.11	0.00904
46.12	0.00806
46.13	0.00731
46.14	0.00689
46.15	0.00667
46.16	0.00654
46.17	0.00638
46.18	0.00621
46.19	0.00603
46.2	0.00585
46.21	0.00571
46.22	0.00561
46.23	0.00551
46.24	0.00541
46.25	0.00531
46.26	0.00524
46.27	0.00516
46.28	0.00511
46.29	0.00505
46.3	0.00502
46.31	0.00500
46.32	0.00498
46.33	0.00484
46.34	0.00416
46.35	0.00275
46.36	0.00078
46.37	-0.00138
46.38	-0.00351
46.39	-0.00551
46.4	-0.00744
46.41	-0.00937
46.42	-0.01133
46.43	-0.01333
46.44	-0.01533
46.45	-0.01727
46.46	-0.01874
46.47	-0.01937
46.48	-0.01923
46.49	-0.01867
46.5	-0.01808
46.51	-0.01759
46.52	-0.01738
46.53	-0.01809
46.54	-0.02009
46.55	-0.02309
46.56	-0.02648
46.57	-0.02986
46.58	-0.03304
46.59	-0.03611
46.6	-0.03920
46.61	-0.04234
46.62	-0.04546
46.63	-0.04765
46.64	-0.04796
46.65	-0.04657
46.66	-0.04426
46.67	-0.04187
46.68	-0.03973
46.69	-0.03782
46.7	-0.03594
46.71	-0.03397
46.72	-0.03186
46.73	-0.02968
46.74	-0.02752
46.75	-0.02542
46.76	-0.02335
46.77	-0.02126
46.78	-0.01922
46.79	-0.01773
46.8	-0.01719
46.81	-0.01749
46.82	-0.01821
46.83	-0.01895
46.84	-0.01956
46.85	-0.02003
46.86	-0.02051
46.87	-0.02103
46.88	-0.02162
46.89	-0.02223
46.9	-0.02282
46.91	-0.02341
46.92	-0.02397
46.93	-0.02414
46.94	-0.02309
46.95	-0.02057
46.96	-0.01709
46.97	-0.01333
46.98	-0.00970
46.99	-0.00628
47	-0.00295
47.01	0.00041
47.02	0.00388
47.03	0.00738
47.04	0.01070
47.05	0.01356
47.06	0.01596
47.07	0.01812
47.08	0.02024
47.09	0.02242
47.1	0.02468
47.11	0.02693
47.12	0.02917
47.13	0.03137
47.14	0.03354
47.15	0.03574
47.16	0.03791
47.17	0.04011
47.18	0.04232
47.19	0.04450
47.2	0.04663
47.21	0.04814
47.22	0.04845
47.23	0.04768
47.24	0.04634
47.25	0.04492
47.26	0.04367
47.27	0.04256
47.28	0.04151
47.29	0.04073
47.3	0.04057
47.31	0.04100
47.32	0.04174
47.33	0.04256
47.34	0.04329
47.35	0.04396
47.36	0.04459
47.37	0.04523
47.38	0.04573
47.39	0.04589
47.4	0.04566
47.41	0.04520
47.42	0.04470
47.43	0.04425
47.44	0.04383
47.45	0.04344
47.46	0.04303
47.47	0.04260
47.48	0.04220
47.49	0.04201
47.5	0.04210
47.51	0.04239
47.52	0.04278
47.53	0.04314
47.54	0.04346
47.55	0.04376
47.56	0.04403
47.57	0.04413
47.58	0.04371
47.59	0.04279
47.6	0.04153
47.61	0.04020
47.62	0.03893
47.63	0.03773
47.64	0.03657
47.65	0.03537
47.66	0.03414
47.67	0.03289
47.68	0.03164
47.69	0.03041
47.7	0.02905
47.71	0.02707
47.72	0.02415
47.73	0.02052
47.74	0.01657
47.75	0.01265
47.76	0.00887
47.77	0.00516
47.78	0.00146
47.79	-0.00229
47.8	-0.00611
47.81	-0.00993
47.82	-0.01371
47.83	-0.01701
47.84	-0.01925
47.85	-0.02036
47.86	-0.02082
47.87	-0.02115
47.88	-0.02159
47.89	-0.02220
47.9	-0.02286
47.91	-0.02346
47.92	-0.02399
47.93	-0.02447
47.94	-0.02495
47.95	-0.02545
47.96	-0.02598
47.97	-0.02652
47.98	-0.02704
47.99	-0.02751
48	-0.02742
48.01	-0.02618
48.02	-0.02380
48.03	-0.02080
48.04	-0.01767
48.05	-0.01471
48.06	-0.01188
48.07	-0.00910
48.08	-0.00627
48.09	-0.00335
48.1	-0.00038
48.11	0.00258
48.12	0.00528
48.13	0.00703
48.14	0.00752
48.15	0.00710
48.16	0.00634
48.17	0.00562
48.18	0.00510
48.19	0.00468
48.2	0.00424
48.21	0.00371
48.22	0.00313
48.23	0.00253
48.24	0.00197
48.25	0.00161
48.26	0.00162
48.27	0.00198
48.28	0.00252
48.29	0.00308
48.3	0.00361
48.31	0.00408
48.32	0.00455
48.33	0.00504
48.34	0.00555
48.35	0.00608
48.36	0.00660
48.37	0.00710
48.38	0.00761
48.39	0.00811
48.4	0.00861
48.41	0.00910
48.42	0.00962
48.43	0.01013
48.44	0.01063
48.45	0.01107
48.46	0.01094
48.47	0.00980
48.48	0.00778
48.49	0.00534
48.5	0.00287
48.51	0.00055
48.52	-0.00166
48.53	-0.00386
48.54	-0.00612
48.55	-0.00844
48.56	-0.01079
48.57	-0.01313
48.58	-0.01545
48.59	-0.01776
48.6	-0.02006
48.61	-0.02238
48.62	-0.02471
48.63	-0.02704
48.64	-0.02937
48.65	-0.03171
48.66	-0.03395
48.67	-0.03537
48.68	-0.03534
48.69	-0.03402
48.7	-0.03210
48.71	-0.03015
48.72	-0.02842
48.73	-0.02688
48.74	-0.02533
48.75	-0.02371
48.76	-0.02199
48.77	-0.02026
48.78	-0.01854
48.79	-0.01686
48.8	-0.01521
48.81	-0.01357
48.82	-0.01192
48.83	-0.01026
48.84	-0.00860
48.85	-0.00697
48.86	-0.00571
48.87	-0.00518
48.88	-0.00537
48.89	-0.00598
48.9	-0.00664
48.91	-0.00723
48.92	-0.00772
48.93	-0.00817
48.94	-0.00869
48.95	-0.00925
48.96	-0.00985
48.97	-0.01045
48.98	-0.01104
48.99	-0.01159
49	-0.01199
49.01	-0.01192
49.02	-0.01134
49.03	-0.01044
49.04	-0.00946
49.05	-0.00854
49.06	-0.00771
49.07	-0.00689
49.08	-0.00608
49.09	-0.00535
49.1	-0.00489
49.11	-0.00474
49.12	-0.00479
49.13	-0.00488
49.14	-0.00495
49.15	-0.00499
49.16	-0.00501
49.17	-0.00502
49.18	-0.00469
49.19	-0.00351
49.2	-0.00144
49.21	0.00118
49.22	0.00391
49.23	0.00653
49.24	0.00901
49.25	0.01146
49.26	0.01394
49.27	0.01646
49.28	0.01903
49.29	0.02159
49.3	0.02412
49.31	0.02662
49.32	0.02911
49.33	0.03149
49.34	0.03307
49.35	0.03337
49.36	0.03262
49.37	0.03138
49.38	0.03014
49.39	0.02908
49.4	0.02814
49.41	0.02721
49.42	0.02619
49.43	0.02510
49.44	0.02397
49.45	0.02287
49.46	0.02185
49.47	0.02097
49.48	0.02022
49.49	0.01952
49.5	0.01882
49.51	0.01809
49.52	0.01735
49.53	0.01660
49.54	0.01586
49.55	0.01513
49.56	0.01440
49.57	0.01365
49.58	0.01291
49.59	0.01215
49.6	0.01139
49.61	0.01064
49.62	0.00987
49.63	0.00911
49.64	0.00834
49.65	0.00743
49.66	0.00597
49.67	0.00382
49.68	0.00120
49.69	-0.00160
49.7	-0.00434
49.71	-0.00699
49.72	-0.00959
49.73	-0.01220
49.74	-0.01480
49.75	-0.01663
49.76	-0.01693
49.77	-0.01580
49.78	-0.01393
49.79	-0.01194
49.8	-0.01020
49.81	-0.00864
49.82	-0.00713
49.83	-0.00552
49.84	-0.00383
49.85	-0.00208
49.86	-0.00035
49.87	0.00135
49.88	0.00301
49.89	0.00466
49.9	0.00633
49.91	0.00801
49.92	0.00969
49.93	0.01137
49.94	0.01305
49.95	0.01473
49.96	0.01640
49.97	0.01803
49.98	0.01926
49.99	0.01969
50	0.01941
50.01	0.01875
50.02	0.01804
50.03	0.01745
50.04	0.01700
50.05	0.01687
50.06	0.01713
50.07	0.01767
50.08	0.01833
50.09	0.01898
50.1	0.01959
50.11	0.02018
50.12	0.02079
50.13	0.02139
50.14	0.02203
50.15	0.02267
50.16	0.02330
50.17	0.02392
50.18	0.02455
50.19	0.02518
50.2	0.02566
50.21	0.02545
50.22	0.02419
50.23	0.02212
50.24	0.01971
50.25	0.01733
50.26	0.01510
50.27	0.01297
50.28	0.01083
50.29	0.00863
50.3	0.00637
50.31	0.00410
50.32	0.00185
50.33	-0.00038
50.34	-0.00259
50.35	-0.00480
50.36	-0.00701
50.37	-0.00923
50.38	-0.01145
50.39	-0.01367
50.4	-0.01587
50.41	-0.01808
50.42	-0.02029
50.43	-0.02249
50.44	-0.02468
50.45	-0.02646
50.46	-0.02684
50.47	-0.02558
50.48	-0.02324
50.49	-0.02058
50.5	-0.01806
50.51	-0.01579
50.52	-0.01361
50.53	-0.01139
50.54	-0.00904
50.55	-0.00661
50.56	-0.00418
50.57	-0.00178
50.58	0.00058
50.59	0.00295
50.6	0.00514
50.61	0.00661
50.62	0.00698
50.63	0.00647
50.64	0.00559
50.65	0.00475
50.66	0.00407
50.67	0.00349
50.68	0.00292
50.69	0.00227
50.7	0.00157
50.71	0.00085
50.72	0.00016
50.73	-0.00051
50.74	-0.00115
50.75	-0.00168
50.76	-0.00166
50.77	-0.00084
50.78	0.00062
50.79	0.00235
50.8	0.00407
50.81	0.00568
50.82	0.00722
50.83	0.00876
50.84	0.01023
50.85	0.01114
50.86	0.01115
50.87	0.01044
50.88	0.00943
50.89	0.00842
50.9	0.00756
50.91	0.00678
50.92	0.00602
50.93	0.00521
50.94	0.00434
50.95	0.00345
50.96	0.00260
50.97	0.00176
50.98	0.00093
50.99	0.00012
51	-0.00071
51.01	-0.00153
51.02	-0.00235
51.03	-0.00316
51.04	-0.00398
51.05	-0.00479
51.06	-0.00558
51.07	-0.00639
51.08	-0.00717
51.09	-0.00797
51.1	-0.00876
51.11	-0.00955
51.12	-0.01033
51.13	-0.01110
51.14	-0.01187
51.15	-0.01264
51.16	-0.01341
51.17	-0.01418
51.18	-0.01494
51.19	-0.01569
51.2	-0.01645
51.21	-0.01720
51.22	-0.01794
51.23	-0.01869
51.24	-0.01942
51.25	-0.02017
51.26	-0.02082
51.27	-0.02073
51.28	-0.01915
51.29	-0.01623
51.3	-0.01260
51.31	-0.00889
51.32	-0.00538
51.33	-0.00205
51.34	0.00126
51.35	0.00464
51.36	0.00765
51.37	0.00944
51.38	0.00981
51.39	0.00928
51.4	0.00849
51.41	0.00785
51.42	0.00742
51.43	0.00710
51.44	0.00671
51.45	0.00623
51.46	0.00570
51.47	0.00516
51.48	0.00466
51.49	0.00419
51.5	0.00373
51.51	0.00327
51.52	0.00280
51.53	0.00233
51.54	0.00185
51.55	0.00139
51.56	0.00093
51.57	0.00047
51.58	0.00002
51.59	-0.00045
51.6	-0.00090
51.61	-0.00135
51.62	-0.00180
51.63	-0.00225
51.64	-0.00269
51.65	-0.00314
51.66	-0.00358
51.67	-0.00402
51.68	-0.00446
51.69	-0.00489
51.7	-0.00533
51.71	-0.00577
51.72	-0.00620
51.73	-0.00662
51.74	-0.00706
51.75	-0.00749
51.76	-0.00791
51.77	-0.00835
51.78	-0.00902
51.79	-0.01016
51.8	-0.01178
51.81	-0.01364
51.82	-0.01555
51.83	-0.01740
51.84	-0.01919
51.85	-0.02095
51.86	-0.02274
51.87	-0.02455
51.88	-0.02640
51.89	-0.02823
51.9	-0.03006
51.91	-0.03186
51.92	-0.03367
51.93	-0.03547
51.94	-0.03729
51.95	-0.03910
51.96	-0.04086
51.97	-0.04196
51.98	-0.04193
51.99	-0.04093
52	-0.03945
52.01	-0.03795
52.02	-0.03661
52.03	-0.03540
52.04	-0.03421
52.05	-0.03294
52.06	-0.03161
52.07	-0.03025
52.08	-0.02890
52.09	-0.02761
52.1	-0.02670
52.11	-0.02642
52.12	-0.02668
52.13	-0.02717
52.14	-0.02768
52.15	-0.02811
52.16	-0.02846
52.17	-0.02881
52.18	-0.02918
52.19	-0.02938
52.2	-0.02920
52.21	-0.02865
52.22	-0.02789
52.23	-0.02710
52.24	-0.02636
52.25	-0.02568
52.26	-0.02502
52.27	-0.02433
52.28	-0.02362
52.29	-0.02289
52.3	-0.02217
52.31	-0.02145
52.32	-0.02075
52.33	-0.02004
52.34	-0.01934
52.35	-0.01863
52.36	-0.01792
52.37	-0.01720
52.38	-0.01650
52.39	-0.01580
52.4	-0.01509
52.41	-0.01438
52.42	-0.01367
52.43	-0.01297
52.44	-0.01227
52.45	-0.01156
52.46	-0.01085
52.47	-0.01015
52.48	-0.00945
52.49	-0.00868
52.5	-0.00758
52.51	-0.00599
52.52	-0.00403
52.53	-0.00190
52.54	0.00022
52.55	0.00225
52.56	0.00426
52.57	0.00625
52.58	0.00828
52.59	0.01034
52.6	0.01240
52.61	0.01445
52.62	0.01650
52.63	0.01853
52.64	0.02056
52.65	0.02260
52.66	0.02465
52.67	0.02668
52.68	0.02855
52.69	0.02930
52.7	0.02826
52.71	0.02575
52.72	0.02257
52.73	0.01940
52.74	0.01648
52.75	0.01375
52.76	0.01104
52.77	0.00834
52.78	0.00616
52.79	0.00476
52.8	0.00400
52.81	0.00351
52.82	0.00303
52.83	0.00241
52.84	0.00171
52.85	0.00102
52.86	0.00037
52.87	-0.00023
52.88	-0.00082
52.89	-0.00142
52.9	-0.00205
52.91	-0.00268
52.92	-0.00331
52.93	-0.00394
52.94	-0.00458
52.95	-0.00520
52.96	-0.00583
52.97	-0.00625
52.98	-0.00581
52.99	-0.00419
53	-0.00172
53.01	0.00108
53.02	0.00383
53.03	0.00641
53.04	0.00888
53.05	0.01138
53.06	0.01395
53.07	0.01658
53.08	0.01872
53.09	0.01916
53.1	0.01763
53.11	0.01480
53.12	0.01160
53.13	0.00857
53.14	0.00585
53.15	0.00325
53.16	0.00058
53.17	-0.00223
53.18	-0.00513
53.19	-0.00804
53.2	-0.01090
53.21	-0.01348
53.22	-0.01486
53.23	-0.01453
53.24	-0.01285
53.25	-0.01063
53.26	-0.00841
53.27	-0.00627
53.28	-0.00401
53.29	-0.00156
53.3	0.00109
53.31	0.00383
53.32	0.00655
53.33	0.00922
53.34	0.01186
53.35	0.01448
53.36	0.01712
53.37	0.01977
53.38	0.02243
53.39	0.02508
53.4	0.02773
53.41	0.03033
53.42	0.03238
53.43	0.03341
53.44	0.03349
53.45	0.03307
53.46	0.03260
53.47	0.03226
53.48	0.03206
53.49	0.03187
53.5	0.03162
53.51	0.03131
53.52	0.03104
53.53	0.03111
53.54	0.03160
53.55	0.03238
53.56	0.03326
53.57	0.03410
53.58	0.03487
53.59	0.03560
53.6	0.03630
53.61	0.03651
53.62	0.03583
53.63	0.03437
53.64	0.03254
53.65	0.03066
53.66	0.02890
53.67	0.02725
53.68	0.02562
53.69	0.02395
53.7	0.02252
53.71	0.02169
53.72	0.02146
53.73	0.02158
53.74	0.02178
53.75	0.02191
53.76	0.02192
53.77	0.02192
53.78	0.02195
53.79	0.02201
53.8	0.02210
53.81	0.02219
53.82	0.02225
53.83	0.02230
53.84	0.02233
53.85	0.02239
53.86	0.02241
53.87	0.02221
53.88	0.02156
53.89	0.02051
53.9	0.01923
53.91	0.01793
53.92	0.01668
53.93	0.01548
53.94	0.01430
53.95	0.01309
53.96	0.01184
53.97	0.01059
53.98	0.00945
53.99	0.00873
54	0.00854
54.01	0.00873
54.02	0.00903
54.03	0.00928
54.04	0.00945
54.05	0.00959
54.06	0.00973
54.07	0.00991
54.08	0.01012
54.09	0.01032
54.1	0.01050
54.11	0.01068
54.12	0.01084
54.13	0.01100
54.14	0.01117
54.15	0.01134
54.16	0.01150
54.17	0.01167
54.18	0.01181
54.19	0.01190
54.2	0.01182
54.21	0.01154
54.22	0.01114
54.23	0.01070
54.24	0.01029
54.25	0.00990
54.26	0.00951
54.27	0.00911
54.28	0.00871
54.29	0.00828
54.3	0.00786
54.31	0.00744
54.32	0.00701
54.33	0.00659
54.34	0.00616
54.35	0.00572
54.36	0.00529
54.37	0.00486
54.38	0.00441
54.39	0.00402
54.4	0.00378
54.41	0.00367
54.42	0.00364
54.43	0.00365
54.44	0.00364
54.45	0.00361
54.46	0.00357
54.47	0.00352
54.48	0.00348
54.49	0.00346
54.5	0.00343
54.51	0.00338
54.52	0.00335
54.53	0.00329
54.54	0.00325
54.55	0.00319
54.56	0.00315
54.57	0.00309
54.58	0.00303
54.59	0.00297
54.6	0.00291
54.61	0.00285
54.62	0.00278
54.63	0.00264
54.64	0.00228
54.65	0.00165
54.66	0.00085
54.67	-0.00001
54.68	-0.00085
54.69	-0.00164
54.7	-0.00243
54.71	-0.00321
54.72	-0.00381
54.73	-0.00385
54.74	-0.00322
54.75	-0.00221
54.76	-0.00108
54.77	-0.00002
54.78	0.00095
54.79	0.00187
54.8	0.00282
54.81	0.00381
54.82	0.00483
54.83	0.00585
54.84	0.00670
54.85	0.00703
54.86	0.00677
54.87	0.00613
54.88	0.00537
54.89	0.00468
54.9	0.00406
54.91	0.00348
54.92	0.00263
54.93	0.00125
54.94	-0.00064
54.95	-0.00279
54.96	-0.00499
54.97	-0.00710
54.98	-0.00914
54.99	-0.01117
55	-0.01320
55.01	-0.01487
55.02	-0.01556
55.03	-0.01526
55.04	-0.01433
55.05	-0.01326
55.06	-0.01230
55.07	-0.01150
55.08	-0.01074
55.09	-0.00994
55.1	-0.00907
55.11	-0.00817
55.12	-0.00725
55.13	-0.00637
55.14	-0.00551
55.15	-0.00464
55.16	-0.00378
55.17	-0.00290
55.18	-0.00209
55.19	-0.00158
55.2	-0.00146
55.21	-0.00165
55.22	-0.00194
55.23	-0.00221
55.24	-0.00243
55.25	-0.00261
55.26	-0.00279
55.27	-0.00287
55.28	-0.00248
55.29	-0.00158
55.3	-0.00029
55.31	0.00110
55.32	0.00246
55.33	0.00373
55.34	0.00497
55.35	0.00623
55.36	0.00751
55.37	0.00857
55.38	0.00917
55.39	0.00927
55.4	0.00911
55.41	0.00890
55.42	0.00876
55.43	0.00868
55.44	0.00862
55.45	0.00855
55.46	0.00844
55.47	0.00831
55.48	0.00800
55.49	0.00725
55.5	0.00608
55.51	0.00464
55.52	0.00315
55.53	0.00170
55.54	0.00032
55.55	-0.00105
55.56	-0.00242
55.57	-0.00383
55.58	-0.00524
55.59	-0.00661
55.6	-0.00754
55.61	-0.00764
55.62	-0.00695
55.63	-0.00587
55.64	-0.00474
55.65	-0.00372
55.66	-0.00281
55.67	-0.00191
55.68	-0.00095
55.69	0.00005
55.7	0.00108
55.71	0.00211
55.72	0.00312
55.73	0.00411
55.74	0.00499
55.75	0.00559
55.76	0.00593
55.77	0.00611
55.78	0.00625
55.79	0.00642
55.8	0.00663
55.81	0.00691
55.82	0.00764
55.83	0.00923
55.84	0.01162
55.85	0.01436
55.86	0.01628
55.87	0.01652
55.88	0.01531
55.89	0.01343
55.9	0.01157
55.91	0.01000
55.92	0.00862
55.93	0.00727
55.94	0.00580
55.95	0.00423
55.96	0.00261
55.97	0.00102
55.98	-0.00052
55.99	-0.00202
56	-0.00351
56.01	-0.00503
56.02	-0.00654
56.03	-0.00770
56.04	-0.00818
56.05	-0.00797
56.06	-0.00737
56.07	-0.00691
56.08	-0.00705
56.09	-0.00786
56.1	-0.00904
56.11	-0.01030
56.12	-0.01143
56.13	-0.01245
56.14	-0.01344
56.15	-0.01447
56.16	-0.01555
56.17	-0.01666
56.18	-0.01776
56.19	-0.01883
56.2	-0.01988
56.21	-0.02093
56.22	-0.02198
56.23	-0.02303
56.24	-0.02409
56.25	-0.02508
56.26	-0.02562
56.27	-0.02546
56.28	-0.02473
56.29	-0.02374
56.3	-0.02274
56.31	-0.02184
56.32	-0.02101
56.33	-0.02018
56.34	-0.01931
56.35	-0.01839
56.36	-0.01746
56.37	-0.01653
56.38	-0.01562
56.39	-0.01471
56.4	-0.01381
56.41	-0.01296
56.42	-0.01236
56.43	-0.01209
56.44	-0.01209
56.45	-0.01220
56.46	-0.01227
56.47	-0.01230
56.48	-0.01230
56.49	-0.01230
56.5	-0.01233
56.51	-0.01236
56.52	-0.01240
56.53	-0.01243
56.54	-0.01245
56.55	-0.01247
56.56	-0.01249
56.57	-0.01250
56.58	-0.01251
56.59	-0.01253
56.6	-0.01255
56.61	-0.01256
56.62	-0.01257
56.63	-0.01257
56.64	-0.01259
56.65	-0.01259
56.66	-0.01260
56.67	-0.01260
56.68	-0.01260
56.69	-0.01260
56.7	-0.01260
56.71	-0.01260
56.72	-0.01260
56.73	-0.01260
56.74	-0.01263
56.75	-0.01295
56.76	-0.01378
56.77	-0.01506
56.78	-0.01653
56.79	-0.01803
56.8	-0.01946
56.81	-0.02082
56.82	-0.02219
56.83	-0.02351
56.84	-0.02448
56.85	-0.02485
56.86	-0.02471
56.87	-0.02432
56.88	-0.02392
56.89	-0.02362
56.9	-0.02338
56.91	-0.02315
56.92	-0.02287
56.93	-0.02256
56.94	-0.02225
56.95	-0.02192
56.96	-0.02163
56.97	-0.02133
56.98	-0.02105
56.99	-0.02076
57	-0.02046
57.01	-0.02016
57.02	-0.01986
57.03	-0.01956
57.04	-0.01927
57.05	-0.01898
57.06	-0.01868
57.07	-0.01838
57.08	-0.01809
57.09	-0.01779
57.1	-0.01750
57.11	-0.01721
57.12	-0.01692
57.13	-0.01663
57.14	-0.01635
57.15	-0.01610
57.16	-0.01593
57.17	-0.01580
57.18	-0.01568
57.19	-0.01556
57.2	-0.01544
57.21	-0.01532
57.22	-0.01510
57.23	-0.01460
57.24	-0.01372
57.25	-0.01258
57.26	-0.01137
57.27	-0.01016
57.28	-0.00903
57.29	-0.00791
57.3	-0.00679
57.31	-0.00571
57.32	-0.00485
57.33	-0.00424
57.34	-0.00377
57.35	-0.00335
57.36	-0.00291
57.37	-0.00244
57.38	-0.00195
57.39	-0.00146
57.4	-0.00085
57.41	0.00015
57.42	0.00158
57.43	0.00329
57.44	0.00508
57.45	0.00682
57.46	0.00850
57.47	0.01014
57.48	0.01181
57.49	0.01351
57.5	0.01521
57.51	0.01692
57.52	0.01863
57.53	0.02022
57.54	0.02138
57.55	0.02191
57.56	0.02195
57.57	0.02178
57.58	0.02162
57.59	0.02155
57.6	0.02154
57.61	0.02152
57.62	0.02146
57.63	0.02137
57.64	0.02126
57.65	0.02116
57.66	0.02108
57.67	0.02101
57.68	0.02093
57.69	0.02084
57.7	0.02075
57.71	0.02066
57.72	0.02056
57.73	0.02047
57.74	0.02036
57.75	0.02007
57.76	0.01953
57.77	0.01877
57.78	0.01791
57.79	0.01706
57.8	0.01623
57.81	0.01543
57.82	0.01464
57.83	0.01383
57.84	0.01300
57.85	0.01217
57.86	0.01132
57.87	0.01049
57.88	0.00967
57.89	0.00884
57.9	0.00801
57.91	0.00718
57.92	0.00634
57.93	0.00551
57.94	0.00467
57.95	0.00384
57.96	0.00299
57.97	0.00215
57.98	0.00131
57.99	0.00045
58	-0.00038
58.01	-0.00123
58.02	-0.00208
58.03	-0.00294
58.04	-0.00378
58.05	-0.00463
58.06	-0.00549
58.07	-0.00634
58.08	-0.00719
58.09	-0.00806
58.1	-0.00891
58.11	-0.00977
58.12	-0.01064
58.13	-0.01150
58.14	-0.01236
58.15	-0.01322
58.16	-0.01409
58.17	-0.01495
58.18	-0.01582
58.19	-0.01669
58.2	-0.01755
58.21	-0.01843
58.22	-0.01922
58.23	-0.01951
58.24	-0.01899
58.25	-0.01780
58.26	-0.01633
58.27	-0.01485
58.28	-0.01348
58.29	-0.01220
58.3	-0.01093
58.31	-0.00960
58.32	-0.00824
58.33	-0.00685
58.34	-0.00548
58.35	-0.00413
58.36	-0.00292
58.37	-0.00201
58.38	-0.00139
58.39	-0.00095
58.4	-0.00054
58.41	-0.00002
58.42	0.00068
58.43	0.00155
58.44	0.00246
58.45	0.00337
58.46	0.00424
58.47	0.00509
58.48	0.00595
58.49	0.00682
58.5	0.00771
58.51	0.00859
58.52	0.00946
58.53	0.01034
58.54	0.01121
58.55	0.01207
58.56	0.01295
58.57	0.01382
58.58	0.01470
58.59	0.01556
58.6	0.01635
58.61	0.01656
58.62	0.01587
58.63	0.01443
58.64	0.01267
58.65	0.01090
58.66	0.00926
58.67	0.00771
58.68	0.00618
58.69	0.00456
58.7	0.00291
58.71	0.00124
58.72	-0.00042
58.73	-0.00205
58.74	-0.00368
58.75	-0.00530
58.76	-0.00694
58.77	-0.00857
58.78	-0.01021
58.79	-0.01186
58.8	-0.01348
58.81	-0.01513
58.82	-0.01676
58.83	-0.01839
58.84	-0.02003
58.85	-0.02167
58.86	-0.02330
58.87	-0.02495
58.88	-0.02657
58.89	-0.02807
58.9	-0.02888
58.91	-0.02865
58.92	-0.02765
58.93	-0.02628
58.94	-0.02495
58.95	-0.02379
58.96	-0.02271
58.97	-0.02162
58.98	-0.02046
58.99	-0.01926
59	-0.01803
59.01	-0.01682
59.02	-0.01563
59.03	-0.01446
59.04	-0.01330
59.05	-0.01211
59.06	-0.01092
59.07	-0.00987
59.08	-0.00917
59.09	-0.00887
59.1	-0.00883
59.11	-0.00885
59.12	-0.00883
59.13	-0.00876
59.14	-0.00865
59.15	-0.00857
59.16	-0.00851
59.17	-0.00847
59.18	-0.00842
59.19	-0.00836
59.2	-0.00830
59.21	-0.00824
59.22	-0.00814
59.23	-0.00787
59.24	-0.00737
59.25	-0.00666
59.26	-0.00587
59.27	-0.00508
59.28	-0.00433
59.29	-0.00359
59.3	-0.00287
59.31	-0.00211
59.32	-0.00135
59.33	-0.00058
59.34	0.00018
59.35	0.00094
59.36	0.00170
59.37	0.00245
59.38	0.00321
59.39	0.00398
59.4	0.00465
59.41	0.00509
59.42	0.00530
59.43	0.00532
59.44	0.00531
59.45	0.00534
59.46	0.00540
59.47	0.00548
59.48	0.00554
59.49	0.00558
59.5	0.00561
59.51	0.00565
59.52	0.00571
59.53	0.00575
59.54	0.00580
59.55	0.00586
59.56	0.00594
59.57	0.00613
59.58	0.00645
59.59	0.00685
59.6	0.00728
59.61	0.00770
59.62	0.00810
59.63	0.00849
59.64	0.00889
59.65	0.00929
59.66	0.00970
59.67	0.01013
59.68	0.01054
59.69	0.01094
59.7	0.01136
59.71	0.01177
59.72	0.01218
59.73	0.01260
59.74	0.01302
59.75	0.01344
59.76	0.01385
59.77	0.01427
59.78	0.01470
59.79	0.01511
59.8	0.01554
59.81	0.01596
59.82	0.01640
59.83	0.01681
59.84	0.01716
59.85	0.01713
59.86	0.01651
59.87	0.01546
59.88	0.01422
59.89	0.01298
59.9	0.01184
59.91	0.01075
59.92	0.00966
59.93	0.00854
59.94	0.00744
59.95	0.00661
59.96	0.00610
59.97	0.00578
59.98	0.00554
59.99	0.00528
60	0.00495
60.01	0.00461
60.02	0.00429
60.03	0.00398
60.04	0.00368
60.05	0.00340
60.06	0.00311
60.07	0.00284
60.08	0.00265
60.09	0.00260
60.1	0.00262
60.11	0.00271
60.12	0.00278
60.13	0.00284
60.14	0.00288
60.15	0.00286
60.16	0.00253
60.17	0.00176
60.18	0.00061
60.19	-0.00069
60.2	-0.00198
60.21	-0.00321
60.22	-0.00434
60.23	-0.00528
60.24	-0.00592
60.25	-0.00631
60.26	-0.00659
60.27	-0.00684
60.28	-0.00715
60.29	-0.00748
60.3	-0.00781
60.31	-0.00812
60.32	-0.00841
60.33	-0.00869
60.34	-0.00898
60.35	-0.00928
60.36	-0.00957
60.37	-0.00987
60.38	-0.01017
60.39	-0.01046
60.4	-0.01075
60.41	-0.01104
60.42	-0.01132
60.43	-0.01160
60.44	-0.01190
60.45	-0.01219
60.46	-0.01247
60.47	-0.01275
60.48	-0.01303
60.49	-0.01322
60.5	-0.01296
60.51	-0.01211
60.52	-0.01083
60.53	-0.00937
60.54	-0.00794
60.55	-0.00661
60.56	-0.00531
60.57	-0.00401
60.58	-0.00267
60.59	-0.00129
60.6	0.00007
60.61	0.00122
60.62	0.00198
60.63	0.00244
60.64	0.00274
60.65	0.00304
60.66	0.00340
60.67	0.00380
60.68	0.00420
60.69	0.00458
60.7	0.00494
60.71	0.00530
60.72	0.00564
60.73	0.00601
60.74	0.00638
60.75	0.00675
60.76	0.00713
60.77	0.00749
60.78	0.00779
60.79	0.00779
60.8	0.00731
60.81	0.00646
60.82	0.00546
60.83	0.00447
60.84	0.00355
60.85	0.00265
60.86	0.00171
60.87	0.00076
60.88	-0.00023
60.89	-0.00122
60.9	-0.00219
60.91	-0.00316
60.92	-0.00413
60.93	-0.00509
60.94	-0.00606
60.95	-0.00703
60.96	-0.00801
60.97	-0.00901
60.98	-0.01027
60.99	-0.01199
61	-0.01410
61.01	-0.01643
61.02	-0.01876
61.03	-0.02083
61.04	-0.02192
61.05	-0.02163
61.06	-0.02030
61.07	-0.01855
61.08	-0.01685
61.09	-0.01534
61.1	-0.01395
61.11	-0.01253
61.12	-0.01104
61.13	-0.00947
61.14	-0.00789
61.15	-0.00633
61.16	-0.00480
61.17	-0.00329
61.18	-0.00178
61.19	-0.00025
61.2	0.00128
61.21	0.00281
61.22	0.00434
61.23	0.00588
61.24	0.00740
61.25	0.00892
61.26	0.01044
61.27	0.01197
61.28	0.01350
61.29	0.01502
61.3	0.01655
61.31	0.01804
61.32	0.01916
61.33	0.01949
61.34	0.01907
61.35	0.01823
61.36	0.01728
61.37	0.01646
61.38	0.01573
61.39	0.01503
61.4	0.01429
61.41	0.01367
61.42	0.01357
61.43	0.01413
61.44	0.01513
61.45	0.01628
61.46	0.01737
61.47	0.01836
61.48	0.01929
61.49	0.02025
61.5	0.02125
61.51	0.02228
61.52	0.02316
61.53	0.02366
61.54	0.02372
61.55	0.02351
61.56	0.02323
61.57	0.02302
61.58	0.02285
61.59	0.02269
61.6	0.02253
61.61	0.02233
61.62	0.02212
61.63	0.02191
61.64	0.02170
61.65	0.02152
61.66	0.02158
61.67	0.02202
61.68	0.02281
61.69	0.02377
61.7	0.02472
61.71	0.02562
61.72	0.02648
61.73	0.02733
61.74	0.02820
61.75	0.02909
61.76	0.02999
61.77	0.03089
61.78	0.03177
61.79	0.03264
61.8	0.03352
61.81	0.03433
61.82	0.03475
61.83	0.03456
61.84	0.03385
61.85	0.03291
61.86	0.03196
61.87	0.03111
61.88	0.03031
61.89	0.02952
61.9	0.02868
61.91	0.02781
61.92	0.02692
61.93	0.02605
61.94	0.02518
61.95	0.02432
61.96	0.02346
61.97	0.02260
61.98	0.02172
61.99	0.02085
62	0.01997
62.01	0.01908
62.02	0.01820
62.03	0.01732
62.04	0.01645
62.05	0.01568
62.06	0.01513
62.07	0.01482
62.08	0.01461
62.09	0.01443
62.1	0.01423
62.11	0.01392
62.12	0.01333
62.13	0.01235
62.14	0.01111
62.15	0.00977
62.16	0.00845
62.17	0.00717
62.18	0.00592
62.19	0.00467
62.2	0.00338
62.21	0.00227
62.22	0.00178
62.23	0.00205
62.24	0.00281
62.25	0.00371
62.26	0.00454
62.27	0.00526
62.28	0.00593
62.29	0.00662
62.3	0.00736
62.31	0.00814
62.32	0.00891
62.33	0.00967
62.34	0.01040
62.35	0.01113
62.36	0.01186
62.37	0.01259
62.38	0.01333
62.39	0.01397
62.4	0.01409
62.41	0.01347
62.42	0.01227
62.43	0.01081
62.44	0.00938
62.45	0.00807
62.46	0.00681
62.47	0.00554
62.48	0.00424
62.49	0.00288
62.5	0.00151
62.51	0.00020
62.52	-0.00080
62.53	-0.00131
62.54	-0.00143
62.55	-0.00138
62.56	-0.00135
62.57	-0.00139
62.58	-0.00148
62.59	-0.00156
62.6	-0.00162
62.61	-0.00165
62.62	-0.00168
62.63	-0.00172
62.64	-0.00176
62.65	-0.00188
62.66	-0.00219
62.67	-0.00273
62.68	-0.00342
62.69	-0.00416
62.7	-0.00488
62.71	-0.00555
62.72	-0.00622
62.73	-0.00691
62.74	-0.00761
62.75	-0.00832
62.76	-0.00903
62.77	-0.00974
62.78	-0.01044
62.79	-0.01115
62.8	-0.01186
62.81	-0.01257
62.82	-0.01328
62.83	-0.01400
62.84	-0.01471
62.85	-0.01543
62.86	-0.01614
62.87	-0.01673
62.88	-0.01706
62.89	-0.01715
62.9	-0.01711
62.91	-0.01703
62.92	-0.01699
62.93	-0.01699
62.94	-0.01699
62.95	-0.01699
62.96	-0.01697
62.97	-0.01695
62.98	-0.01693
62.99	-0.01690
63	-0.01689
63.01	-0.01745
63.02	-0.01741
63.03	-0.01738
63.04	-0.01735
63.05	-0.01731
63.06	-0.01727
63.07	-0.01715
63.08	-0.01670
63.09	-0.01587
63.1	-0.01479
63.11	-0.01364
63.12	-0.01253
63.13	-0.01147
63.14	-0.01044
63.15	-0.00939
63.16	-0.00833
63.17	-0.00724
63.18	-0.00614
63.19	-0.00508
63.2	-0.00401
63.21	-0.00295
63.22	-0.00188
63.23	-0.00081
63.24	0.00026
63.25	0.00132
63.26	0.00239
63.27	0.00338
63.28	0.00408
63.29	0.00440
63.3	0.00441
63.31	0.00433
63.32	0.00426
63.33	0.00425
63.34	0.00426
63.35	0.00427
63.36	0.00426
63.37	0.00422
63.38	0.00418
63.39	0.00414
63.4	0.00412
63.41	0.00410
63.42	0.00408
63.43	0.00404
63.44	0.00401
63.45	0.00398
63.46	0.00397
63.47	0.00393
63.48	0.00391
63.49	0.00388
63.5	0.00385
63.51	0.00381
63.52	0.00378
63.53	0.00367
63.54	0.00322
63.55	0.00234
63.56	0.00112
63.57	-0.00022
63.58	-0.00153
63.59	-0.00278
63.6	-0.00398
63.61	-0.00518
63.62	-0.00642
63.63	-0.00767
63.64	-0.00893
63.65	-0.01017
63.66	-0.01140
63.67	-0.01250
63.68	-0.01303
63.69	-0.01281
63.7	-0.01207
63.71	-0.01110
63.72	-0.01017
63.73	-0.00935
63.74	-0.00860
63.75	-0.00783
63.76	-0.00702
63.77	-0.00617
63.78	-0.00531
63.79	-0.00448
63.8	-0.00366
63.81	-0.00285
63.82	-0.00205
63.83	-0.00122
63.84	-0.00042
63.85	0.00039
63.86	0.00121
63.87	0.00200
63.88	0.00271
63.89	0.00320
63.9	0.00347
63.91	0.00361
63.92	0.00371
63.93	0.00386
63.94	0.00404
63.95	0.00440
63.96	0.00509
63.97	0.00613
63.98	0.00733
63.99	0.00856
64	0.00976
64.01	0.01090
64.02	0.01185
64.03	0.01217
64.04	0.01173
64.05	0.01072
64.06	0.00953
64.07	0.00840
64.08	0.00737
64.09	0.00641
64.1	0.00543
64.11	0.00441
64.12	0.00336
64.13	0.00230
64.14	0.00127
64.15	0.00025
64.16	-0.00074
64.17	-0.00174
64.18	-0.00274
64.19	-0.00373
64.2	-0.00472
64.21	-0.00571
64.22	-0.00668
64.23	-0.00765
64.24	-0.00862
64.25	-0.00957
64.26	-0.01053
64.27	-0.01148
64.28	-0.01242
64.29	-0.01335
64.3	-0.01410
64.31	-0.01440
64.32	-0.01420
64.33	-0.01369
64.34	-0.01310
64.35	-0.01256
64.36	-0.01209
64.37	-0.01166
64.38	-0.01119
64.39	-0.01070
64.4	-0.01020
64.41	-0.00970
64.42	-0.00919
64.43	-0.00872
64.44	-0.00824
64.45	-0.00777
64.46	-0.00729
64.47	-0.00680
64.48	-0.00632
64.49	-0.00585
64.5	-0.00538
64.51	-0.00491
64.52	-0.00444
64.53	-0.00397
64.54	-0.00350
64.55	-0.00305
64.56	-0.00268
64.57	-0.00274
64.58	-0.00330
64.59	-0.00421
64.6	-0.00524
64.61	-0.00621
64.62	-0.00711
64.63	-0.00797
64.64	-0.00883
64.65	-0.00971
64.66	-0.01062
64.67	-0.01151
64.68	-0.01239
64.69	-0.01325
64.7	-0.01409
64.71	-0.01493
64.72	-0.01576
64.73	-0.01660
64.74	-0.01743
64.75	-0.01824
64.76	-0.01906
64.77	-0.01985
64.78	-0.02062
64.79	-0.02119
64.8	-0.02124
64.81	-0.02079
64.82	-0.02004
64.83	-0.01923
64.84	-0.01849
64.85	-0.01781
64.86	-0.01716
64.87	-0.01650
64.88	-0.01579
64.89	-0.01506
64.9	-0.01436
64.91	-0.01367
64.92	-0.01298
64.93	-0.01231
64.94	-0.01164
64.95	-0.01097
64.96	-0.01029
64.97	-0.00962
64.98	-0.00895
64.99	-0.00829
65	-0.00765
65.01	-0.00724
65.02	-0.00724
65.03	-0.00761
65.04	-0.00817
65.05	-0.00876
65.06	-0.00927
65.07	-0.00974
65.08	-0.01018
65.09	-0.01065
65.1	-0.01113
65.11	-0.01162
65.12	-0.01210
65.13	-0.01256
65.14	-0.01300
65.15	-0.01346
65.16	-0.01389
65.17	-0.01427
65.18	-0.01440
65.19	-0.01416
65.2	-0.01362
65.21	-0.01298
65.22	-0.01234
65.23	-0.01176
65.24	-0.01124
65.25	-0.01069
65.26	-0.01014
65.27	-0.00956
65.28	-0.00897
65.29	-0.00841
65.3	-0.00795
65.31	-0.00785
65.32	-0.00814
65.33	-0.00867
65.34	-0.00928
65.35	-0.00984
65.36	-0.01033
65.37	-0.01080
65.38	-0.01126
65.39	-0.01175
65.4	-0.01227
65.41	-0.01275
65.42	-0.01323
65.43	-0.01368
65.44	-0.01413
65.45	-0.01457
65.46	-0.01502
65.47	-0.01545
65.48	-0.01587
65.49	-0.01630
65.5	-0.01669
65.51	-0.01709
65.52	-0.01748
65.53	-0.01786
65.54	-0.01825
65.55	-0.01862
65.56	-0.01898
65.57	-0.01934
65.58	-0.01969
65.59	-0.02002
65.6	-0.02035
65.61	-0.02067
65.62	-0.02099
65.63	-0.02129
65.64	-0.02139
65.65	-0.02096
65.66	-0.01996
65.67	-0.01861
65.68	-0.01717
65.69	-0.01582
65.7	-0.01456
65.71	-0.01333
65.72	-0.01211
65.73	-0.01086
65.74	-0.00959
65.75	-0.00834
65.76	-0.00711
65.77	-0.00591
65.78	-0.00472
65.79	-0.00355
65.8	-0.00238
65.81	-0.00122
65.82	-0.00007
65.83	0.00105
65.84	0.00217
65.85	0.00327
65.86	0.00434
65.87	0.00542
65.88	0.00648
65.89	0.00752
65.9	0.00855
65.91	0.00940
65.92	0.00987
65.93	0.00996
65.94	0.00982
65.95	0.00963
65.96	0.00948
65.97	0.00939
65.98	0.00932
65.99	0.00924
66	0.00913
66.01	0.00899
66.02	0.00887
66.03	0.00876
66.04	0.00866
66.05	0.00856
66.06	0.00846
66.07	0.00836
66.08	0.00825
66.09	0.00815
66.1	0.00806
66.11	0.00796
66.12	0.00786
66.13	0.00777
66.14	0.00767
66.15	0.00759
66.16	0.00750
66.17	0.00740
66.18	0.00731
66.19	0.00724
66.2	0.00714
66.21	0.00706
66.22	0.00697
66.23	0.00690
66.24	0.00682
66.25	0.00674
66.26	0.00666
66.27	0.00658
66.28	0.00651
66.29	0.00644
66.3	0.00636
66.31	0.00625
66.32	0.00603
66.33	0.00566
66.34	0.00519
66.35	0.00469
66.36	0.00421
66.37	0.00378
66.38	0.00335
66.39	0.00292
66.4	0.00250
66.41	0.00209
66.42	0.00178
66.43	0.00165
66.44	0.00165
66.45	0.00170
66.46	0.00176
66.47	0.00178
66.48	0.00181
66.49	0.00183
66.5	0.00185
66.51	0.00190
66.52	0.00194
66.53	0.00198
66.54	0.00201
66.55	0.00205
66.56	0.00208
66.57	0.00211
66.58	0.00215
66.59	0.00218
66.6	0.00221
66.61	0.00225
66.62	0.00229
66.63	0.00232
66.64	0.00237
66.65	0.00241
66.66	0.00245
66.67	0.00249
66.68	0.00252
66.69	0.00253
66.7	0.00242
66.71	0.00214
66.72	0.00171
66.73	0.00124
66.74	0.00078
66.75	0.00037
66.76	-0.00002
66.77	-0.00038
66.78	-0.00060
66.79	-0.00054
66.8	-0.00022
66.81	0.00024
66.82	0.00069
66.83	0.00111
66.84	0.00148
66.85	0.00174
66.86	0.00180
66.87	0.00165
66.88	0.00138
66.89	0.00110
66.9	0.00085
66.91	0.00063
66.92	0.00043
66.93	0.00024
66.94	0.00004
66.95	-0.00016
66.96	-0.00035
66.97	-0.00053
66.98	-0.00069
66.99	-0.00085
67	-0.00099
67.01	-0.00113
67.02	-0.00126
67.03	-0.00138
67.04	-0.00149
67.05	-0.00161
67.06	-0.00170
67.07	-0.00175
67.08	-0.00165
67.09	-0.00134
67.1	-0.00086
67.11	-0.00032
67.12	0.00022
67.13	0.00068
67.14	0.00114
67.15	0.00157
67.16	0.00201
67.17	0.00246
67.18	0.00289
67.19	0.00330
67.2	0.00371
67.21	0.00411
67.22	0.00448
67.23	0.00485
67.24	0.00521
67.25	0.00557
67.26	0.00590
67.27	0.00623
67.28	0.00654
67.29	0.00685
67.3	0.00715
67.31	0.00744
67.32	0.00771
67.33	0.00797
67.34	0.00824
67.35	0.00848
67.36	0.00871
67.37	0.00894
67.38	0.00916
67.39	0.00937
67.4	0.00956
67.41	0.00975
67.42	0.00994
67.43	0.01010
67.44	0.01025
67.45	0.01040
67.46	0.01055
67.47	0.01068
67.48	0.01079
67.49	0.01086
67.5	0.01088
67.51	0.01084
67.52	0.01081
67.53	0.01077
67.54	0.01074
67.55	0.01070
67.56	0.01067
67.57	0.01063
67.58	0.01058
67.59	0.01055
67.6	0.01049
67.61	0.01044
67.62	0.01040
67.63	0.01035
67.64	0.01030
67.65	0.01024
67.66	0.01019
67.67	0.01013
67.68	0.01007
67.69	0.01000
67.7	0.00994
67.71	0.00987
67.72	0.00981
67.73	0.00974
67.74	0.00966
67.75	0.00959
67.76	0.00950
67.77	0.00942
67.78	0.00934
67.79	0.00925
67.8	0.00917
67.81	0.00909
67.82	0.00900
67.83	0.00891
67.84	0.00881
67.85	0.00873
67.86	0.00864
67.87	0.00855
67.88	0.00847
67.89	0.00837
67.9	0.00827
67.91	0.00814
67.92	0.00803
67.93	0.00791
67.94	0.00779
67.95	0.00769
67.96	0.00757
67.97	0.00745
67.98	0.00734
67.99	0.00724
68	0.00714
68.01	0.00703
68.02	0.00692
68.03	0.00682
68.04	0.00671
68.05	0.00661
68.06	0.00651
68.07	0.00641
68.08	0.00631
68.09	0.00621
68.1	0.00612
68.11	0.00602
68.12	0.00592
68.13	0.00583
68.14	0.00574
68.15	0.00564
68.16	0.00556
68.17	0.00546
68.18	0.00537
68.19	0.00528
68.2	0.00519
68.21	0.00511
68.22	0.00501
68.23	0.00492
68.24	0.00484
68.25	0.00477
68.26	0.00471
68.27	0.00464
68.28	0.00460
68.29	0.00454
68.3	0.00447
68.31	0.00441
68.32	0.00434
68.33	0.00428
68.34	0.00421
68.35	0.00414
68.36	0.00405
68.37	0.00398
68.38	0.00391
68.39	0.00384
68.4	0.00377
68.41	0.00368
68.42	0.00361
68.43	0.00353
68.44	0.00345
68.45	0.00337
68.46	0.00329
68.47	0.00321
68.48	0.00312
68.49	0.00302
68.5	0.00295
68.51	0.00286
68.52	0.00277
68.53	0.00268
68.54	0.00260
68.55	0.00251
68.56	0.00243
68.57	0.00234
68.58	0.00225
68.59	0.00215
68.6	0.00205
68.61	0.00197
68.62	0.00188
68.63	0.00178
68.64	0.00170
68.65	0.00161
68.66	0.00152
68.67	0.00143
68.68	0.00135
68.69	0.00126
68.7	0.00118
68.71	0.00109
68.72	0.00101
68.73	0.00092
68.74	0.00083
68.75	0.00075
68.76	0.00067
68.77	0.00059
68.78	0.00052
68.79	0.00043
68.8	0.00035
68.81	0.00026
68.82	0.00019
68.83	0.00011
68.84	0.00004
68.85	-0.00004
68.86	-0.00012
68.87	-0.00020
68.88	-0.00027
68.89	-0.00034
68.9	-0.00041
68.91	-0.00048
68.92	-0.00055
68.93	-0.00062
68.94	-0.00068
68.95	-0.00075
68.96	-0.00082
68.97	-0.00087
68.98	-0.00095
68.99	-0.00101
69	-0.00108
69.01	-0.00113
69.02	-0.00119
69.03	-0.00125
69.04	-0.00131
69.05	-0.00138
69.06	-0.00143
69.07	-0.00149
69.08	-0.00155
69.09	-0.00161
69.1	-0.00167
69.11	-0.00173
69.12	-0.00178
69.13	-0.00184
69.14	-0.00189
69.15	-0.00195
69.16	-0.00200
69.17	-0.00205
69.18	-0.00211
69.19	-0.00216
69.2	-0.00221
69.21	-0.00225
69.22	-0.00231
69.23	-0.00236
69.24	-0.00241
69.25	-0.00246
69.26	-0.00251
69.27	-0.00255
69.28	-0.00260
69.29	-0.00265
69.3	-0.00269
69.31	-0.00274
69.32	-0.00278
69.33	-0.00281
69.34	-0.00286
69.35	-0.00291
69.36	-0.00295
69.37	-0.00299
69.38	-0.00303
69.39	-0.00308
69.4	-0.00311
69.41	-0.00315
69.42	-0.00318
69.43	-0.00322
69.44	-0.00326
69.45	-0.00329
69.46	-0.00333
69.47	-0.00336
69.48	-0.00339
69.49	-0.00343
69.5	-0.00345
69.51	-0.00349
69.52	-0.00351
69.53	-0.00355
69.54	-0.00357
69.55	-0.00361
69.56	-0.00364
69.57	-0.00365
69.58	-0.00368
69.59	-0.00371
69.6	-0.00374
69.61	-0.00377
69.62	-0.00378
69.63	-0.00380
69.64	-0.00382
69.65	-0.00385
69.66	-0.00386
69.67	-0.00388
69.68	-0.00391
69.69	-0.00392
69.7	-0.00394
69.71	-0.00397
69.72	-0.00398
69.73	-0.00400
69.74	-0.00401
69.75	-0.00403
69.76	-0.00404
69.77	-0.00405
69.78	-0.00405
69.79	-0.00407
69.8	-0.00408
69.81	-0.00409
69.82	-0.00411
69.83	-0.00412
69.84	-0.00412
69.85	-0.00413
69.86	-0.00414
69.87	-0.00414
69.88	-0.00415
69.89	-0.00416
69.9	-0.00417
69.91	-0.00418
69.92	-0.00418
69.93	-0.00418
69.94	-0.00418
69.95	-0.00418
69.96	-0.00418
69.97	-0.00418
69.98	-0.00418
69.99	-0.00418