t(s)	a(g)
0	0.00000
0.01	0.00002
0.02	0.00002
0.03	0.00002
0.04	0.00002
0.05	0.00002
0.06	0.00002
0.07	0.00002
0.08	0.00002
0.09	0.00002
0.1	0.00002
0.11	0.00002
0.12	0.00002
0.13	0.00002
0.14	0.00002
0.15	0.00002
0.16	0.00002
0.17	0.00002
0.18	0.00002
0.19	0.00002
0.2	0.00001
0.21	0.00001
0.22	0.00002
0.23	0.00002
0.24	0.00002
0.25	0.00005
0.26	0.00002
0.27	-0.00002
0.28	0.00003
0.29	0.00000
0.3	0.00003
0.31	0.00002
0.32	0.00001
0.33	0.00002
0.34	0.00000
0.35	0.00003
0.36	0.00002
0.37	0.00002
0.38	0.00004
0.39	-0.00001
0.4	-0.00007
0.41	0.00001
0.42	0.00006
0.43	0.00004
0.44	0.00002
0.45	-0.00001
0.46	-0.00001
0.47	0.00002
0.48	0.00002
0.49	0.00003
0.5	0.00005
0.51	0.00008
0.52	0.00003
0.53	-0.00001
0.54	0.00003
0.55	-0.00008
0.56	0.00002
0.57	0.00018
0.58	-0.00001
0.59	-0.00001
0.6	0.00012
0.61	0.00004
0.62	0.00004
0.63	0.00000
0.64	0.00005
0.65	0.00004
0.66	0.00003
0.67	0.00002
0.68	-0.00004
0.69	0.00004
0.7	0.00008
0.71	0.00011
0.72	0.00013
0.73	0.00020
0.74	0.00010
0.75	0.00006
0.76	-0.00004
0.77	0.00018
0.78	0.00008
0.79	0.00012
0.8	0.00009
0.81	0.00004
0.82	0.00010
0.83	-0.00005
0.84	-0.00006
0.85	-0.00004
0.86	-0.00004
0.87	0.00008
0.88	0.00000
0.89	0.00012
0.9	0.00016
0.91	-0.00008
0.92	-0.00004
0.93	-0.00023
0.94	-0.00018
0.95	0.00008
0.96	-0.00004
0.97	-0.00015
0.98	-0.00021
0.99	-0.00014
1	0.00012
1.01	0.00015
1.02	0.00005
1.03	-0.00015
1.04	0.00059
1.05	0.00009
1.06	-0.00035
1.07	-0.00005
1.08	-0.00032
1.09	0.00000
1.1	0.00018
1.11	0.00007
1.12	0.00017
1.13	0.00011
1.14	-0.00020
1.15	0.00001
1.16	-0.00017
1.17	-0.00052
1.18	-0.00024
1.19	0.00024
1.2	-0.00003
1.21	0.00014
1.22	-0.00002
1.23	0.00026
1.24	-0.00007
1.25	-0.00025
1.26	-0.00028
1.27	-0.00008
1.28	0.00019
1.29	0.00024
1.3	0.00000
1.31	0.00023
1.32	0.00002
1.33	-0.00005
1.34	0.00002
1.35	0.00022
1.36	-0.00025
1.37	0.00029
1.38	-0.00034
1.39	-0.00017
1.4	-0.00019
1.41	0.00019
1.42	-0.00015
1.43	-0.00031
1.44	-0.00019
1.45	-0.00047
1.46	0.00032
1.47	0.00037
1.48	-0.00094
1.49	-0.00099
1.5	0.00009
1.51	0.00062
1.52	-0.00005
1.53	0.00003
1.54	0.00033
1.55	-0.00034
1.56	-0.00097
1.57	-0.00006
1.58	-0.00083
1.59	-0.00048
1.6	-0.00073
1.61	0.00013
1.62	-0.00045
1.63	-0.00025
1.64	0.00076
1.65	0.00075
1.66	0.00045
1.67	-0.00025
1.68	-0.00040
1.69	-0.00008
1.7	0.00004
1.71	-0.00014
1.72	0.00021
1.73	0.00011
1.74	0.00040
1.75	0.00015
1.76	-0.00020
1.77	-0.00008
1.78	-0.00075
1.79	0.00000
1.8	0.00011
1.81	-0.00002
1.82	0.00032
1.83	0.00020
1.84	0.00010
1.85	0.00015
1.86	0.00012
1.87	-0.00091
1.88	0.00024
1.89	0.00047
1.9	-0.00020
1.91	-0.00019
1.92	-0.00058
1.93	-0.00018
1.94	0.00054
1.95	0.00025
1.96	-0.00054
1.97	-0.00012
1.98	-0.00019
1.99	0.00129
2	0.00035
2.01	-0.00066
2.02	0.00025
2.03	0.00008
2.04	0.00034
2.05	-0.00044
2.06	0.00116
2.07	0.00065
2.08	-0.00013
2.09	0.00038
2.1	-0.00042
2.11	-0.00087
2.12	-0.00054
2.13	-0.00096
2.14	-0.00062
2.15	0.00007
2.16	-0.00011
2.17	0.00092
2.18	-0.00052
2.19	-0.00152
2.2	0.00068
2.21	-0.00085
2.22	-0.00122
2.23	-0.00078
2.24	-0.00023
2.25	-0.00047
2.26	0.00012
2.27	-0.00047
2.28	-0.00027
2.29	0.00026
2.3	0.00078
2.31	-0.00116
2.32	-0.00098
2.33	-0.00119
2.34	-0.00043
2.35	-0.00044
2.36	-0.00112
2.37	-0.00005
2.38	-0.00005
2.39	-0.00046
2.4	-0.00021
2.41	0.00023
2.42	-0.00018
2.43	0.00102
2.44	-0.00068
2.45	-0.00057
2.46	-0.00010
2.47	0.00008
2.48	-0.00016
2.49	0.00015
2.5	0.00116
2.51	0.00002
2.52	0.00028
2.53	0.00028
2.54	-0.00058
2.55	0.00051
2.56	0.00038
2.57	0.00041
2.58	0.00004
2.59	-0.00009
2.6	0.00042
2.61	0.00124
2.62	0.00077
2.63	-0.00077
2.64	-0.00053
2.65	-0.00025
2.66	0.00035
2.67	-0.00041
2.68	-0.00012
2.69	0.00112
2.7	0.00047
2.71	-0.00057
2.72	0.00032
2.73	0.00044
2.74	0.00026
2.75	-0.00058
2.76	-0.00033
2.77	-0.00036
2.78	-0.00009
2.79	-0.00017
2.8	-0.00072
2.81	-0.00015
2.82	-0.00009
2.83	0.00078
2.84	0.00055
2.85	-0.00032
2.86	-0.00044
2.87	0.00185
2.88	0.00074
2.89	-0.00035
2.9	0.00036
2.91	0.00024
2.92	-0.00042
2.93	0.00022
2.94	-0.00011
2.95	-0.00004
2.96	-0.00093
2.97	-0.00073
2.98	-0.00120
2.99	-0.00174
3	-0.00089
3.01	0.00005
3.02	-0.00090
3.03	-0.00120
3.04	-0.00070
3.05	0.00082
3.06	0.00069
3.07	0.00086
3.08	-0.00028
3.09	0.00031
3.1	0.00002
3.11	-0.00015
3.12	0.00029
3.13	-0.00216
3.14	-0.00008
3.15	0.00105
3.16	-0.00046
3.17	0.00118
3.18	0.00086
3.19	-0.00037
3.2	-0.00088
3.21	-0.00108
3.22	0.00063
3.23	0.00039
3.24	0.00059
3.25	0.00075
3.26	0.00052
3.27	0.00031
3.28	0.00058
3.29	0.00068
3.3	0.00043
3.31	-0.00012
3.32	0.00052
3.33	0.00118
3.34	0.00103
3.35	-0.00007
3.36	-0.00011
3.37	-0.00004
3.38	0.00021
3.39	-0.00058
3.4	0.00042
3.41	0.00042
3.42	0.00025
3.43	0.00099
3.44	-0.00021
3.45	0.00075
3.46	0.00102
3.47	-0.00011
3.48	0.00050
3.49	-0.00055
3.5	0.00029
3.51	-0.00029
3.52	-0.00131
3.53	0.00057
3.54	0.00185
3.55	0.00041
3.56	-0.00016
3.57	0.00036
3.58	0.00116
3.59	0.00108
3.6	0.00018
3.61	-0.00025
3.62	-0.00133
3.63	-0.00047
3.64	-0.00037
3.65	0.00025
3.66	-0.00030
3.67	0.00022
3.68	0.00041
3.69	-0.00011
3.7	-0.00022
3.71	0.00118
3.72	0.00018
3.73	-0.00018
3.74	0.00036
3.75	0.00025
3.76	-0.00011
3.77	0.00034
3.78	0.00052
3.79	-0.00066
3.8	-0.00040
3.81	-0.00094
3.82	0.00018
3.83	0.00017
3.84	-0.00022
3.85	-0.00049
3.86	0.00198
3.87	0.00171
3.88	0.00074
3.89	0.00087
3.9	0.00053
3.91	-0.00032
3.92	-0.00080
3.93	-0.00004
3.94	0.00053
3.95	0.00046
3.96	-0.00021
3.97	0.00018
3.98	-0.00106
3.99	0.00122
4	0.00126
4.01	0.00044
4.02	-0.00008
4.03	-0.00101
4.04	-0.00025
4.05	-0.00080
4.06	-0.00055
4.07	0.00012
4.08	-0.00012
4.09	0.00030
4.1	-0.00038
4.11	0.00128
4.12	0.00108
4.13	-0.00085
4.14	-0.00014
4.15	0.00078
4.16	-0.00032
4.17	-0.00095
4.18	-0.00068
4.19	-0.00046
4.2	-0.00131
4.21	-0.00085
4.22	0.00002
4.23	-0.00072
4.24	-0.00027
4.25	0.00211
4.26	0.00037
4.27	0.00014
4.28	-0.00052
4.29	0.00018
4.3	0.00188
4.31	0.00029
4.32	0.00000
4.33	0.00005
4.34	-0.00050
4.35	-0.00016
4.36	0.00138
4.37	-0.00068
4.38	0.00006
4.39	0.00115
4.4	-0.00014
4.41	-0.00154
4.42	0.00031
4.43	0.00147
4.44	0.00125
4.45	0.00065
4.46	-0.00027
4.47	0.00109
4.48	0.00161
4.49	-0.00141
4.5	0.00048
4.51	0.00095
4.52	0.00065
4.53	0.00118
4.54	-0.00104
4.55	0.00039
4.56	-0.00088
4.57	-0.00126
4.58	-0.00141
4.59	-0.00039
4.6	0.00057
4.61	0.00083
4.62	0.00053
4.63	-0.00118
4.64	-0.00132
4.65	0.00102
4.66	0.00095
4.67	0.00047
4.68	0.00082
4.69	-0.00172
4.7	-0.00082
4.71	-0.00072
4.72	-0.00155
4.73	0.00007
4.74	-0.00054
4.75	0.00108
4.76	0.00114
4.77	-0.00052
4.78	0.00020
4.79	0.00023
4.8	-0.00111
4.81	-0.00064
4.82	-0.00012
4.83	-0.00027
4.84	0.00078
4.85	-0.00138
4.86	-0.00065
4.87	0.00087
4.88	0.00052
4.89	0.00052
4.9	-0.00046
4.91	-0.00085
4.92	-0.00007
4.93	-0.00122
4.94	0.00086
4.95	-0.00032
4.96	-0.00025
4.97	0.00046
4.98	-0.00004
4.99	-0.00212
5	-0.00002
5.01	0.00165
5.02	0.00084
5.03	0.00054
5.04	0.00018
5.05	-0.00033
5.06	-0.00183
5.07	-0.00008
5.08	-0.00196
5.09	-0.00042
5.1	0.00038
5.11	0.00038
5.12	0.00032
5.13	0.00117
5.14	0.00062
5.15	0.00111
5.16	0.00128
5.17	0.00137
5.18	0.00247
5.19	0.00032
5.2	0.00042
5.21	0.00069
5.22	0.00120
5.23	0.00115
5.24	0.00139
5.25	0.00261
5.26	-0.00057
5.27	-0.00150
5.28	0.00093
5.29	-0.00050
5.3	0.00095
5.31	0.00015
5.32	-0.00005
5.33	0.00087
5.34	-0.00101
5.35	0.00011
5.36	0.00032
5.37	-0.00018
5.38	-0.00013
5.39	0.00032
5.4	0.00196
5.41	0.00207
5.42	0.00118
5.43	-0.00027
5.44	0.00000
5.45	0.00066
5.46	-0.00181
5.47	-0.00199
5.48	0.00038
5.49	-0.00132
5.5	-0.00170
5.51	0.00023
5.52	0.00336
5.53	0.00354
5.54	0.00080
5.55	-0.00083
5.56	-0.00034
5.57	-0.00219
5.58	-0.00233
5.59	-0.00227
5.6	-0.00282
5.61	-0.00138
5.62	-0.00058
5.63	-0.00078
5.64	-0.00038
5.65	-0.00043
5.66	0.00034
5.67	0.00067
5.68	0.00015
5.69	-0.00028
5.7	-0.00011
5.71	0.00039
5.72	0.00115
5.73	0.00341
5.74	0.00377
5.75	0.00004
5.76	-0.00066
5.77	-0.00096
5.78	-0.00348
5.79	-0.00239
5.8	-0.00240
5.81	-0.00123
5.82	0.00089
5.83	0.00072
5.84	0.00067
5.85	-0.00164
5.86	-0.00128
5.87	0.00364
5.88	0.00028
5.89	-0.00264
5.9	0.00153
5.91	0.00045
5.92	0.00042
5.93	0.00170
5.94	0.00208
5.95	0.00364
5.96	0.00494
5.97	0.00352
5.98	0.00244
5.99	0.00277
6	0.00507
6.01	0.00481
6.02	0.00205
6.03	0.00348
6.04	0.00198
6.05	0.00052
6.06	0.00053
6.07	-0.00123
6.08	0.00075
6.09	0.00022
6.1	-0.00032
6.11	0.00325
6.12	0.00273
6.13	0.00221
6.14	0.00224
6.15	0.00052
6.16	0.00204
6.17	0.00163
6.18	0.00113
6.19	0.00085
6.2	0.00010
6.21	0.00012
6.22	-0.00072
6.23	-0.00431
6.24	-0.00503
6.25	-0.00408
6.26	-0.00538
6.27	-0.00412
6.28	-0.00160
6.29	0.00022
6.3	0.00044
6.31	0.00106
6.32	-0.00018
6.33	0.00004
6.34	-0.00098
6.35	-0.00135
6.36	-0.00262
6.37	0.00198
6.38	0.00289
6.39	-0.00288
6.4	-0.00246
6.41	-0.00259
6.42	-0.00230
6.43	-0.00095
6.44	-0.00391
6.45	-0.00166
6.46	0.00180
6.47	0.00094
6.48	-0.00080
6.49	-0.00179
6.5	-0.00194
6.51	0.00072
6.52	-0.00018
6.53	-0.00098
6.54	-0.00105
6.55	-0.00108
6.56	-0.00368
6.57	-0.00487
6.58	-0.00381
6.59	-0.00125
6.6	-0.00156
6.61	0.00152
6.62	0.00201
6.63	0.00252
6.64	0.00474
6.65	0.00274
6.66	0.00301
6.67	0.00511
6.68	0.00275
6.69	0.00002
6.7	0.00052
6.71	-0.00018
6.72	-0.00227
6.73	0.00133
6.74	0.00115
6.75	0.00109
6.76	0.00189
6.77	-0.00038
6.78	0.00036
6.79	0.00019
6.8	0.00118
6.81	0.00412
6.82	0.00451
6.83	0.00598
6.84	0.00747
6.85	0.00770
6.86	0.00647
6.87	0.00592
6.88	0.00530
6.89	0.00391
6.9	0.00378
6.91	0.00277
6.92	0.00296
6.93	0.00541
6.94	0.00429
6.95	0.00430
6.96	-0.00077
6.97	-0.00571
6.98	-0.00624
6.99	-0.00521
7	-0.00301
7.01	-0.00224
7.02	-0.00377
7.03	-0.00478
7.04	-0.00337
7.05	-0.00364
7.06	-0.00400
7.07	-0.00540
7.08	-0.00381
7.09	-0.00159
7.1	-0.00087
7.11	-0.00293
7.12	-0.00288
7.13	-0.00356
7.14	-0.00373
7.15	-0.00111
7.16	-0.00181
7.17	-0.00248
7.18	-0.00192
7.19	-0.00126
7.2	-0.00058
7.21	-0.00160
7.22	-0.00247
7.23	-0.00068
7.24	-0.00211
7.25	-0.00331
7.26	-0.00083
7.27	-0.00210
7.28	-0.00072
7.29	0.00448
7.3	0.00374
7.31	0.00215
7.32	0.00474
7.33	0.00188
7.34	0.00109
7.35	0.00085
7.36	0.00094
7.37	0.00405
7.38	0.00624
7.39	0.00652
7.4	0.00523
7.41	0.00478
7.42	0.00309
7.43	-0.00088
7.44	-0.00182
7.45	-0.00112
7.46	0.00021
7.47	0.00073
7.48	-0.00061
7.49	-0.00032
7.5	-0.00267
7.51	-0.00751
7.52	-0.00809
7.53	-0.00612
7.54	-0.00122
7.55	0.00034
7.56	-0.00052
7.57	0.00071
7.58	-0.00055
7.59	0.00031
7.6	0.00104
7.61	0.00128
7.62	0.00241
7.63	0.00315
7.64	0.00264
7.65	0.00353
7.66	0.00341
7.67	0.00086
7.68	0.00287
7.69	0.00245
7.7	0.00217
7.71	-0.00024
7.72	-0.00158
7.73	-0.00079
7.74	-0.00239
7.75	-0.00150
7.76	-0.00292
7.77	-0.00242
7.78	0.00035
7.79	-0.00307
7.8	-0.00405
7.81	-0.00474
7.82	-0.00325
7.83	0.00362
7.84	0.00195
7.85	-0.00018
7.86	0.00329
7.87	0.00108
7.88	-0.00004
7.89	0.00149
7.9	-0.00209
7.91	-0.00094
7.92	0.00104
7.93	-0.00181
7.94	0.00130
7.95	0.00065
7.96	0.00156
7.97	-0.00111
7.98	-0.00023
7.99	0.00131
8	-0.00060
8.01	-0.00399
8.02	-0.00335
8.03	0.00202
8.04	0.00524
8.05	0.00367
8.06	0.00273
8.07	0.00053
8.08	0.00047
8.09	-0.00138
8.1	0.00253
8.11	0.00070
8.12	-0.00156
8.13	-0.00122
8.14	-0.00149
8.15	-0.00135
8.16	-0.00021
8.17	0.00152
8.18	0.00444
8.19	0.00271
8.2	0.00027
8.21	-0.00014
8.22	-0.00300
8.23	-0.00343
8.24	-0.00420
8.25	-0.00464
8.26	-0.00413
8.27	-0.00534
8.28	-0.00645
8.29	-0.00331
8.3	-0.00247
8.31	-0.00310
8.32	0.00092
8.33	0.00122
8.34	0.00068
8.35	0.00125
8.36	-0.00186
8.37	-0.00185
8.38	0.00011
8.39	0.00012
8.4	-0.00058
8.41	-0.00253
8.42	-0.00113
8.43	-0.00008
8.44	-0.00225
8.45	-0.00324
8.46	-0.00304
8.47	-0.00190
8.48	-0.00052
8.49	-0.00190
8.5	-0.00190
8.51	0.00006
8.52	0.00192
8.53	0.00142
8.54	0.00045
8.55	0.00124
8.56	0.00101
8.57	0.00135
8.58	0.00275
8.59	0.00246
8.6	0.00267
8.61	0.00607
8.62	0.00391
8.63	0.00255
8.64	0.00124
8.65	0.00086
8.66	0.00055
8.67	-0.00548
8.68	-0.00710
8.69	-0.00926
8.7	-0.01030
8.71	-0.01054
8.72	-0.01027
8.73	-0.01164
8.74	-0.01157
8.75	-0.00822
8.76	-0.00434
8.77	-0.00697
8.78	-0.00907
8.79	-0.00759
8.8	-0.00494
8.81	-0.00253
8.82	-0.00186
8.83	-0.00370
8.84	0.00165
8.85	-0.00096
8.86	-0.00316
8.87	-0.00010
8.88	-0.00045
8.89	0.00357
8.9	0.00897
8.91	0.00738
8.92	0.00691
8.93	0.00975
8.94	0.00819
8.95	0.00633
8.96	0.00569
8.97	0.00699
8.98	0.00619
8.99	0.00361
9	0.00135
9.01	0.00110
9.02	-0.00102
9.03	-0.00135
9.04	-0.00341
9.05	-0.00328
9.06	-0.00438
9.07	-0.00477
9.08	-0.00318
9.09	-0.00032
9.1	0.00286
9.11	0.00682
9.12	0.00561
9.13	0.00239
9.14	-0.00072
9.15	-0.00200
9.16	-0.00585
9.17	-0.00925
9.18	-0.00834
9.19	-0.00325
9.2	0.00198
9.21	0.00129
9.22	-0.00101
9.23	0.00376
9.24	0.00476
9.25	0.00528
9.26	0.00483
9.27	0.00312
9.28	0.00177
9.29	0.00358
9.3	-0.00023
9.31	-0.00245
9.32	-0.00192
9.33	-0.00159
9.34	-0.00459
9.35	-0.00576
9.36	-0.00765
9.37	-0.00681
9.38	-0.00989
9.39	-0.01496
9.4	-0.01293
9.41	-0.01633
9.42	-0.01807
9.43	-0.01365
9.44	-0.01160
9.45	-0.00811
9.46	-0.00555
9.47	-0.00427
9.48	-0.00459
9.49	-0.00254
9.5	-0.00114
9.51	-0.00432
9.52	-0.00620
9.53	-0.00298
9.54	-0.00053
9.55	-0.00305
9.56	-0.00581
9.57	-0.00565
9.58	-0.00385
9.59	0.00195
9.6	0.00362
9.61	0.00057
9.62	0.00293
9.63	0.00103
9.64	-0.00021
9.65	0.00052
9.66	0.00203
9.67	0.00301
9.68	0.00361
9.69	0.00132
9.7	0.00325
9.71	0.00631
9.72	0.00684
9.73	0.00745
9.74	0.00967
9.75	0.01115
9.76	0.00744
9.77	0.00406
9.78	0.00461
9.79	0.00526
9.8	0.00721
9.81	0.00706
9.82	0.00550
9.83	0.00576
9.84	0.00841
9.85	0.00762
9.86	0.00853
9.87	0.00641
9.88	0.00874
9.89	0.00796
9.9	-0.00035
9.91	-0.00215
9.92	-0.00211
9.93	-0.00394
9.94	-0.00409
9.95	-0.00161
9.96	-0.00229
9.97	0.00176
9.98	0.00266
9.99	-0.00329
10	-0.00553
10.01	0.00042
10.02	0.00245
10.03	0.00249
10.04	0.00508
10.05	0.00682
10.06	0.00821
10.07	0.00537
10.08	-0.00125
10.09	-0.00541
10.1	-0.00459
10.11	-0.00606
10.12	-0.00488
10.13	-0.00682
10.14	-0.01007
10.15	-0.01188
10.16	-0.01515
10.17	-0.00977
10.18	-0.00329
10.19	-0.00566
10.2	-0.00561
10.21	-0.00078
10.22	0.00018
10.23	-0.00085
10.24	-0.00128
10.25	-0.00581
10.26	-0.00484
10.27	-0.00293
10.28	-0.00280
10.29	-0.00408
10.3	-0.00108
10.31	0.00125
10.32	-0.00185
10.33	-0.00448
10.34	-0.00554
10.35	-0.00523
10.36	-0.00111
10.37	-0.00347
10.38	-0.00451
10.39	0.00038
10.4	0.00682
10.41	0.00995
10.42	0.00762
10.43	0.00673
10.44	0.01212
10.45	0.00950
10.46	0.00617
10.47	0.00493
10.48	0.00552
10.49	0.01117
10.5	0.00585
10.51	-0.00105
10.52	0.00185
10.53	-0.00432
10.54	-0.00631
10.55	-0.01048
10.56	-0.01285
10.57	-0.00407
10.58	-0.00013
10.59	-0.00491
10.6	0.00130
10.61	0.01333
10.62	0.01054
10.63	0.01053
10.64	0.01004
10.65	0.01226
10.66	0.01810
10.67	0.01620
10.68	0.01200
10.69	0.00954
10.7	0.01099
10.71	0.00315
10.72	0.00099
10.73	-0.00335
10.74	-0.00931
10.75	-0.00576
10.76	-0.00905
10.77	-0.00868
10.78	0.00049
10.79	0.00102
10.8	-0.00366
10.81	-0.00295
10.82	-0.00615
10.83	-0.00869
10.84	-0.00737
10.85	0.00043
10.86	0.00711
10.87	0.00631
10.88	0.00469
10.89	-0.00038
10.9	-0.00220
10.91	-0.00054
10.92	-0.00463
10.93	-0.00350
10.94	0.00558
10.95	0.00691
10.96	0.00364
10.97	-0.00038
10.98	-0.01564
10.99	-0.02170
11	-0.01770
11.01	-0.01747
11.02	-0.00973
11.03	-0.00516
11.04	-0.00381
11.05	-0.00188
11.06	0.00095
11.07	-0.00555
11.08	-0.01146
11.09	-0.00743
11.1	-0.00698
11.11	-0.00370
11.12	0.00544
11.13	0.00072
11.14	-0.00491
11.15	0.00150
11.16	-0.00177
11.17	0.00141
11.18	0.00148
11.19	0.00415
11.2	0.00877
11.21	0.00497
11.22	0.00928
11.23	0.00448
11.24	0.00375
11.25	0.01212
11.26	0.00653
11.27	0.00099
11.28	0.00184
11.29	0.00572
11.3	0.00661
11.31	0.00591
11.32	0.00279
11.33	0.00108
11.34	0.00232
11.35	0.00045
11.36	-0.00595
11.37	-0.00744
11.38	-0.00368
11.39	0.00356
11.4	0.01063
11.41	0.01380
11.42	0.01792
11.43	0.01134
11.44	0.00391
11.45	-0.00148
11.46	-0.00717
11.47	-0.00222
11.48	0.00227
11.49	-0.00454
11.5	-0.00349
11.51	-0.00250
11.52	-0.00725
11.53	-0.00624
11.54	-0.00075
11.55	0.00311
11.56	0.00961
11.57	0.00297
11.58	-0.00638
11.59	-0.00261
11.6	-0.00096
11.61	0.00472
11.62	0.01416
11.63	0.01077
11.64	0.01193
11.65	0.00945
11.66	-0.00101
11.67	-0.00135
11.68	-0.00239
11.69	0.00396
11.7	0.01227
11.71	0.01433
11.72	0.01540
11.73	0.01277
11.74	0.00647
11.75	0.00697
11.76	0.00467
11.77	0.00118
11.78	-0.00581
11.79	-0.01794
11.8	-0.02798
11.81	-0.02925
11.82	-0.02678
11.83	-0.01772
11.84	-0.01066
11.85	-0.01226
11.86	-0.01262
11.87	-0.00881
11.88	0.00059
11.89	0.00776
11.9	0.01658
11.91	0.02034
11.92	0.01829
11.93	0.02462
11.94	0.01990
11.95	0.00900
11.96	0.00495
11.97	-0.00078
11.98	-0.00131
11.99	0.00502
12	0.00394
12.01	0.00226
12.02	-0.00076
12.03	-0.01027
12.04	-0.01039
12.05	-0.00458
12.06	0.00148
12.07	-0.00244
12.08	-0.00410
12.09	-0.00727
12.1	-0.00210
12.11	0.00821
12.12	0.00892
12.13	0.00792
12.14	0.01627
12.15	0.01816
12.16	0.01236
12.17	0.01176
12.18	0.00407
12.19	0.00232
12.2	0.01075
12.21	0.00710
12.22	0.00616
12.23	0.00603
12.24	0.00025
12.25	-0.00052
12.26	-0.00221
12.27	-0.00844
12.28	-0.01443
12.29	-0.01540
12.3	-0.00191
12.31	0.00347
12.32	0.00187
12.33	0.00255
12.34	-0.00162
12.35	0.00436
12.36	0.00405
12.37	0.00576
12.38	0.02075
12.39	0.02848
12.4	0.02710
12.41	0.02412
12.42	0.02227
12.43	0.01408
12.44	0.00877
12.45	0.01104
12.46	0.00616
12.47	-0.00032
12.48	-0.00901
12.49	-0.02370
12.5	-0.02283
12.51	-0.01303
12.52	-0.01536
12.53	-0.02105
12.54	-0.02180
12.55	-0.02347
12.56	-0.02900
12.57	-0.02995
12.58	-0.02986
12.59	-0.02748
12.6	-0.01104
12.61	0.00367
12.62	0.01270
12.63	0.01945
12.64	0.01767
12.65	0.01913
12.66	0.01951
12.67	0.00677
12.68	0.00453
12.69	0.00502
12.7	-0.00198
12.71	-0.00294
12.72	-0.00338
12.73	-0.00364
12.74	-0.00308
12.75	-0.00069
12.76	0.00428
12.77	0.00576
12.78	-0.00311
12.79	-0.00858
12.8	-0.01593
12.81	-0.02500
12.82	-0.02920
12.83	-0.02711
12.84	-0.02203
12.85	-0.01405
12.86	-0.00081
12.87	0.01337
12.88	0.02199
12.89	0.02835
12.9	0.02665
12.91	0.02185
12.92	0.02793
12.93	0.03102
12.94	0.02581
12.95	0.02232
12.96	0.01764
12.97	0.01341
12.98	0.00620
12.99	-0.00304
13	-0.01302
13.01	-0.01499
13.02	-0.00968
13.03	-0.00630
13.04	-0.00857
13.05	-0.00888
13.06	-0.01124
13.07	-0.01614
13.08	-0.00613
13.09	-0.00308
13.1	-0.00336
13.11	-0.00163
13.12	0.00142
13.13	0.00072
13.14	-0.00108
13.15	-0.00339
13.16	-0.00680
13.17	-0.01383
13.18	-0.01845
13.19	-0.02026
13.2	-0.02043
13.21	-0.01512
13.22	-0.02023
13.23	-0.01646
13.24	-0.00892
13.25	-0.00354
13.26	-0.00036
13.27	-0.01307
13.28	-0.01894
13.29	-0.01165
13.3	-0.00731
13.31	0.00526
13.32	0.00831
13.33	0.01014
13.34	0.02062
13.35	0.01841
13.36	0.03063
13.37	0.04384
13.38	0.04248
13.39	0.04684
13.4	0.04167
13.41	0.03088
13.42	0.02825
13.43	0.01646
13.44	0.00289
13.45	0.00862
13.46	0.00941
13.47	0.00610
13.48	0.00631
13.49	0.00235
13.5	-0.00390
13.51	-0.00854
13.52	-0.01333
13.53	-0.01673
13.54	-0.00433
13.55	0.00962
13.56	0.01946
13.57	0.02226
13.58	0.01721
13.59	0.01070
13.6	0.01185
13.61	0.01476
13.62	0.00598
13.63	-0.00161
13.64	-0.00850
13.65	-0.01514
13.66	-0.01458
13.67	-0.01632
13.68	-0.00796
13.69	0.00085
13.7	0.00508
13.71	0.00398
13.72	-0.00225
13.73	-0.00128
13.74	-0.00355
13.75	-0.01016
13.76	-0.00713
13.77	-0.01506
13.78	-0.01733
13.79	-0.02796
13.8	-0.03377
13.81	-0.02222
13.82	-0.01004
13.83	0.00060
13.84	-0.00793
13.85	-0.02490
13.86	-0.02635
13.87	-0.01711
13.88	-0.01429
13.89	-0.01756
13.9	-0.01484
13.91	-0.00826
13.92	0.00198
13.93	0.00079
13.94	0.00871
13.95	0.02029
13.96	0.02162
13.97	0.04042
13.98	0.04646
13.99	0.04044
14	0.04303
14.01	0.02891
14.02	0.02056
14.03	0.02567
14.04	0.02023
14.05	0.01651
14.06	0.01997
14.07	0.02166
14.08	0.02702
14.09	0.02512
14.1	0.02098
14.11	0.01810
14.12	0.00988
14.13	0.01450
14.14	0.01204
14.15	0.00181
14.16	0.00603
14.17	-0.00080
14.18	-0.00463
14.19	0.00091
14.2	-0.00122
14.21	-0.00290
14.22	-0.00898
14.23	-0.01074
14.24	-0.00594
14.25	-0.00851
14.26	-0.01154
14.27	-0.02007
14.28	-0.02628
14.29	-0.02738
14.3	-0.03402
14.31	-0.03132
14.32	-0.02076
14.33	-0.02493
14.34	-0.02966
14.35	-0.02768
14.36	-0.01913
14.37	-0.00271
14.38	0.00629
14.39	0.01270
14.4	0.01217
14.41	0.01475
14.42	0.00639
14.43	-0.00782
14.44	-0.00627
14.45	-0.00527
14.46	0.00037
14.47	-0.00167
14.48	-0.02012
14.49	-0.03350
14.5	-0.04686
14.51	-0.05029
14.52	-0.03988
14.53	-0.04246
14.54	-0.05104
14.55	-0.04343
14.56	-0.03203
14.57	-0.01634
14.58	-0.00465
14.59	0.00580
14.6	0.03336
14.61	0.05623
14.62	0.06912
14.63	0.06307
14.64	0.03401
14.65	0.00932
14.66	-0.00508
14.67	-0.02588
14.68	-0.02177
14.69	-0.00219
14.7	0.01323
14.71	0.04037
14.72	0.03042
14.73	0.00291
14.74	-0.00155
14.75	-0.00734
14.76	-0.01310
14.77	-0.01769
14.78	-0.02033
14.79	-0.01989
14.8	-0.01555
14.81	-0.01693
14.82	-0.02475
14.83	-0.01064
14.84	0.00774
14.85	0.01969
14.86	0.02423
14.87	0.01699
14.88	0.00481
14.89	-0.00797
14.9	-0.01593
14.91	-0.01440
14.92	-0.00890
14.93	-0.00102
14.94	0.01327
14.95	0.02239
14.96	0.01753
14.97	0.00578
14.98	-0.00173
14.99	0.00242
15	0.00461
15.01	-0.00152
15.02	0.01734
15.03	0.04137
15.04	0.05667
15.05	0.07256
15.06	0.09279
15.07	0.10308
15.08	0.09451
15.09	0.08121
15.1	0.06136
15.11	0.03670
15.12	0.02587
15.13	0.02512
15.14	0.01703
15.15	0.00831
15.16	-0.00315
15.17	-0.01500
15.18	-0.01350
15.19	-0.00797
15.2	-0.00511
15.21	-0.00594
15.22	-0.00554
15.23	-0.02193
15.24	-0.03753
15.25	-0.03157
15.26	-0.04341
15.27	-0.03585
15.28	-0.03088
15.29	-0.05378
15.3	-0.05393
15.31	-0.04418
15.32	-0.04940
15.33	-0.03973
15.34	-0.03303
15.35	-0.04326
15.36	-0.04066
15.37	-0.03927
15.38	-0.05199
15.39	-0.04990
15.4	-0.03319
15.41	-0.01771
15.42	-0.00534
15.43	0.00381
15.44	0.01288
15.45	0.02523
15.46	0.01859
15.47	0.00248
15.48	-0.00869
15.49	-0.00604
15.5	0.00208
15.51	0.00724
15.52	0.00108
15.53	-0.01216
15.54	-0.02971
15.55	-0.03913
15.56	-0.03947
15.57	-0.04068
15.58	-0.03883
15.59	-0.02718
15.6	-0.02497
15.61	-0.02225
15.62	-0.01359
15.63	-0.00322
15.64	-0.00328
15.65	0.00565
15.66	0.00934
15.67	0.01192
15.68	0.02288
15.69	0.03045
15.7	0.03134
15.71	0.02492
15.72	0.01331
15.73	0.00065
15.74	-0.00728
15.75	-0.01311
15.76	-0.02491
15.77	-0.02447
15.78	-0.01315
15.79	-0.00760
15.8	0.01394
15.81	0.03421
15.82	0.03765
15.83	0.04053
15.84	0.03402
15.85	0.01764
15.86	-0.00577
15.87	-0.01013
15.88	0.00108
15.89	0.00352
15.9	-0.00536
15.91	-0.00654
15.92	0.00638
15.93	0.01244
15.94	0.00305
15.95	-0.01291
15.96	-0.03695
15.97	-0.06693
15.98	-0.09467
15.99	-0.12146
16	-0.12870
16.01	-0.11877
16.02	-0.11225
16.03	-0.10863
16.04	-0.09368
16.05	-0.07758
16.06	-0.05134
16.07	-0.02396
16.08	-0.00484
16.09	0.01846
16.1	0.04052
16.11	0.05285
16.12	0.05880
16.13	0.06200
16.14	0.07393
16.15	0.09082
16.16	0.09565
16.17	0.08908
16.18	0.06913
16.19	0.03591
16.2	0.00141
16.21	-0.01240
16.22	-0.02065
16.23	-0.04217
16.24	-0.05568
16.25	-0.03351
16.26	0.00516
16.27	0.04000
16.28	0.06557
16.29	0.06344
16.3	0.04718
16.31	0.03299
16.32	0.00317
16.33	-0.01395
16.34	-0.00244
16.35	0.02390
16.36	0.04625
16.37	0.05227
16.38	0.05966
16.39	0.05401
16.4	0.03876
16.41	0.02319
16.42	-0.00864
16.43	-0.01714
16.44	-0.01250
16.45	0.00131
16.46	0.02721
16.47	0.04298
16.48	0.04113
16.49	0.02426
16.5	0.01868
16.51	0.02878
16.52	0.03340
16.53	0.03971
16.54	0.03102
16.55	0.01150
16.56	0.01200
16.57	0.01593
16.58	0.01647
16.59	0.02661
16.6	0.02286
16.61	-0.00250
16.62	-0.02715
16.63	-0.04434
16.64	-0.05539
16.65	-0.06226
16.66	-0.07119
16.67	-0.07278
16.68	-0.06863
16.69	-0.07768
16.7	-0.07247
16.71	-0.06531
16.72	-0.05717
16.73	-0.02563
16.74	0.00122
16.75	0.02041
16.76	0.04494
16.77	0.05522
16.78	0.05056
16.79	0.04359
16.8	0.02251
16.81	0.00487
16.82	-0.00051
16.83	0.00751
16.84	0.01879
16.85	0.03553
16.86	0.03870
16.87	0.03658
16.88	0.03261
16.89	0.01482
16.9	0.00302
16.91	-0.00547
16.92	-0.02713
16.93	-0.05351
16.94	-0.06935
16.95	-0.08095
16.96	-0.09023
16.97	-0.08823
16.98	-0.08237
16.99	-0.06633
17	-0.03726
17.01	-0.01298
17.02	0.00364
17.03	0.01277
17.04	0.03420
17.05	0.06347
17.06	0.07785
17.07	0.07812
17.08	0.07687
17.09	0.07260
17.1	0.06342
17.11	0.06662
17.12	0.08827
17.13	0.08068
17.14	0.06665
17.15	0.05712
17.16	0.04214
17.17	0.02351
17.18	0.02159
17.19	0.01301
17.2	-0.00059
17.21	0.00221
17.22	0.00520
17.23	0.01517
17.24	0.02855
17.25	0.02599
17.26	0.02208
17.27	0.01067
17.28	-0.00496
17.29	-0.02481
17.3	-0.04394
17.31	-0.04847
17.32	-0.05155
17.33	-0.05197
17.34	-0.06330
17.35	-0.08293
17.36	-0.08504
17.37	-0.07542
17.38	-0.06112
17.39	-0.03480
17.4	-0.02482
17.41	-0.02235
17.42	-0.00551
17.43	-0.00099
17.44	0.00262
17.45	0.00288
17.46	-0.00539
17.47	-0.00529
17.48	0.00044
17.49	0.00182
17.5	-0.01393
17.51	-0.04229
17.52	-0.06776
17.53	-0.07742
17.54	-0.07601
17.55	-0.09171
17.56	-0.11141
17.57	-0.10932
17.58	-0.08812
17.59	-0.05696
17.6	-0.02851
17.61	-0.01023
17.62	-0.00331
17.63	0.00281
17.64	0.00414
17.65	0.00219
17.66	0.01111
17.67	0.00097
17.68	-0.03094
17.69	-0.04100
17.7	-0.04103
17.71	-0.02751
17.72	0.00969
17.73	0.01510
17.74	0.00085
17.75	0.00621
17.76	0.00458
17.77	0.03452
17.78	0.07705
17.79	0.10087
17.8	0.12521
17.81	0.14113
17.82	0.14451
17.83	0.13685
17.84	0.11953
17.85	0.09602
17.86	0.07856
17.87	0.06796
17.88	0.05784
17.89	0.04256
17.9	0.01979
17.91	0.00983
17.92	0.02875
17.93	0.03780
17.94	0.04118
17.95	0.04413
17.96	0.02010
17.97	0.00847
17.98	0.00451
17.99	0.00062
18	0.01364
18.01	0.02869
18.02	0.04658
18.03	0.06428
18.04	0.06531
18.05	0.05969
18.06	0.03817
18.07	-0.02109
18.08	-0.07184
18.09	-0.09386
18.1	-0.11839
18.11	-0.12102
18.12	-0.09220
18.13	-0.06944
18.14	-0.05045
18.15	-0.04483
18.16	-0.04150
18.17	-0.03661
18.18	-0.04869
18.19	-0.06034
18.2	-0.05096
18.21	-0.03871
18.22	-0.03926
18.23	-0.03300
18.24	-0.03364
18.25	-0.03867
18.26	-0.02375
18.27	-0.02229
18.28	-0.05108
18.29	-0.05797
18.3	-0.06208
18.31	-0.07123
18.32	-0.06824
18.33	-0.07626
18.34	-0.05520
18.35	-0.00978
18.36	0.01177
18.37	0.02873
18.38	0.03584
18.39	0.02542
18.4	0.02136
18.41	0.00433
18.42	-0.04136
18.43	-0.06832
18.44	-0.08968
18.45	-0.09466
18.46	-0.05721
18.47	-0.03781
18.48	-0.01970
18.49	0.02239
18.5	0.04055
18.51	0.03525
18.52	0.03408
18.53	0.05751
18.54	0.07638
18.55	0.08696
18.56	0.10728
18.57	0.10884
18.58	0.09639
18.59	0.08008
18.6	0.06320
18.61	0.05010
18.62	0.04446
18.63	0.03737
18.64	0.03827
18.65	0.02013
18.66	-0.00707
18.67	-0.01410
18.68	-0.00395
18.69	0.00580
18.7	0.02226
18.71	0.04206
18.72	0.04627
18.73	0.04832
18.74	0.05273
18.75	0.05505
18.76	0.04143
18.77	0.01028
18.78	-0.00055
18.79	0.01570
18.8	0.04388
18.81	0.05082
18.82	0.05166
18.83	0.04884
18.84	0.03162
18.85	0.00804
18.86	-0.01936
18.87	-0.03645
18.88	-0.02683
18.89	0.00324
18.9	0.04123
18.91	0.06463
18.92	0.06333
18.93	0.05284
18.94	0.03767
18.95	0.01922
18.96	0.01028
18.97	-0.00336
18.98	-0.02905
18.99	-0.05103
19	-0.07198
19.01	-0.09241
19.02	-0.10647
19.03	-0.11497
19.04	-0.10364
19.05	-0.09292
19.06	-0.08058
19.07	-0.06376
19.08	-0.06334
19.09	-0.06437
19.1	-0.06783
19.11	-0.06026
19.12	-0.02615
19.13	0.01457
19.14	0.02971
19.15	0.01741
19.16	0.00606
19.17	-0.00285
19.18	-0.01495
19.19	-0.01658
19.2	-0.02255
19.21	-0.03545
19.22	-0.03008
19.23	-0.01909
19.24	-0.02089
19.25	-0.00869
19.26	0.02219
19.27	0.04465
19.28	0.03449
19.29	-0.00374
19.3	-0.02357
19.31	-0.03354
19.32	-0.05335
19.33	-0.06390
19.34	-0.07219
19.35	-0.06773
19.36	-0.05271
19.37	-0.02588
19.38	0.02039
19.39	0.05534
19.4	0.06440
19.41	0.06856
19.42	0.06805
19.43	0.05728
19.44	0.06426
19.45	0.06479
19.46	0.05114
19.47	0.05991
19.48	0.08267
19.49	0.10260
19.5	0.10605
19.51	0.09413
19.52	0.07584
19.53	0.05097
19.54	0.00272
19.55	-0.03474
19.56	-0.04387
19.57	-0.03560
19.58	-0.01418
19.59	0.00211
19.6	0.00341
19.61	0.00554
19.62	-0.00018
19.63	-0.01379
19.64	-0.03234
19.65	-0.04399
19.66	-0.03485
19.67	-0.01110
19.68	0.00915
19.69	0.00685
19.7	0.00657
19.71	0.01789
19.72	0.03377
19.73	0.05954
19.74	0.08312
19.75	0.09393
19.76	0.08883
19.77	0.07297
19.78	0.05448
19.79	0.03570
19.8	0.01487
19.81	-0.00144
19.82	0.00018
19.83	-0.00114
19.84	-0.01407
19.85	-0.01488
19.86	-0.01503
19.87	-0.02429
19.88	-0.05087
19.89	-0.06434
19.9	-0.04248
19.91	-0.02840
19.92	-0.02988
19.93	-0.02915
19.94	-0.02276
19.95	0.00515
19.96	0.03836
19.97	0.06650
19.98	0.09129
19.99	0.09065
20	0.07942
20.01	0.07901
20.02	0.05640
20.03	0.03024
20.04	0.03236
20.05	0.04475
20.06	0.06443
20.07	0.08778
20.08	0.11044
20.09	0.13101
20.1	0.12836
20.11	0.10899
20.12	0.09617
20.13	0.08221
20.14	0.06657
20.15	0.05601
20.16	0.05341
20.17	0.04808
20.18	0.03810
20.19	0.01749
20.2	-0.00910
20.21	-0.03287
20.22	-0.05471
20.23	-0.08219
20.24	-0.10069
20.25	-0.10240
20.26	-0.09250
20.27	-0.08475
20.28	-0.08663
20.29	-0.08637
20.3	-0.07729
20.31	-0.06487
20.32	-0.05250
20.33	-0.05327
20.34	-0.05078
20.35	-0.03231
20.36	-0.03116
20.37	-0.04180
20.38	-0.05080
20.39	-0.03538
20.4	-0.02176
20.41	-0.03357
20.42	-0.03116
20.43	-0.01561
20.44	-0.00667
20.45	-0.00288
20.46	-0.01632
20.47	-0.03897
20.48	-0.05245
20.49	-0.05272
20.5	-0.05025
20.51	-0.04629
20.52	-0.06012
20.53	-0.08304
20.54	-0.07743
20.55	-0.07512
20.56	-0.07829
20.57	-0.08268
20.58	-0.09894
20.59	-0.09503
20.6	-0.08357
20.61	-0.08517
20.62	-0.06890
20.63	-0.05580
20.64	-0.04792
20.65	-0.01981
20.66	-0.00385
20.67	0.00838
20.68	0.03443
20.69	0.03166
20.7	0.02482
20.71	0.04023
20.72	0.05108
20.73	0.06560
20.74	0.06240
20.75	0.04721
20.76	0.04662
20.77	0.05507
20.78	0.04752
20.79	0.05175
20.8	0.07199
20.81	0.06536
20.82	0.05012
20.83	0.04696
20.84	0.04764
20.85	0.05375
20.86	0.05232
20.87	0.02769
20.88	-0.00464
20.89	-0.02794
20.9	-0.04315
20.91	-0.03767
20.92	-0.00824
20.93	0.00661
20.94	0.01824
20.95	0.01667
20.96	-0.00145
20.97	0.00099
20.98	0.00460
20.99	-0.00350
21	0.00893
21.01	0.02281
21.02	0.02364
21.03	0.02984
21.04	0.02353
21.05	0.00774
21.06	-0.00124
21.07	-0.01277
21.08	-0.01757
21.09	-0.00486
21.1	-0.01541
21.11	-0.03631
21.12	-0.02911
21.13	-0.02513
21.14	-0.02592
21.15	-0.02448
21.16	-0.03550
21.17	-0.02362
21.18	-0.00737
21.19	0.01039
21.2	0.02219
21.21	0.01370
21.22	-0.00447
21.23	-0.02553
21.24	-0.03104
21.25	-0.04076
21.26	-0.05108
21.27	-0.03259
21.28	-0.03371
21.29	-0.04088
21.3	-0.03174
21.31	-0.05901
21.32	-0.07255
21.33	-0.05468
21.34	-0.06149
21.35	-0.04780
21.36	-0.02925
21.37	-0.02925
21.38	-0.02343
21.39	-0.02458
21.4	-0.03063
21.41	-0.04385
21.42	-0.04529
21.43	-0.04873
21.44	-0.04813
21.45	-0.03194
21.46	-0.02059
21.47	-0.00385
21.48	0.01923
21.49	0.03000
21.5	0.03237
21.51	0.02088
21.52	0.01318
21.53	-0.00318
21.54	-0.02534
21.55	-0.04006
21.56	-0.04719
21.57	-0.02192
21.58	-0.00667
21.59	-0.00380
21.6	0.00927
21.61	0.01699
21.62	0.02332
21.63	0.01779
21.64	0.01590
21.65	0.00587
21.66	0.00497
21.67	0.01426
21.68	0.00837
21.69	0.02102
21.7	0.04111
21.71	0.03923
21.72	0.04218
21.73	0.02313
21.74	-0.01603
21.75	-0.04043
21.76	-0.04293
21.77	-0.01783
21.78	0.01438
21.79	0.03386
21.8	0.04556
21.81	0.05125
21.82	0.05020
21.83	0.04868
21.84	0.04810
21.85	0.05086
21.86	0.07462
21.87	0.09632
21.88	0.09077
21.89	0.07751
21.9	0.06103
21.91	0.03618
21.92	0.00931
21.93	-0.00303
21.94	-0.01226
21.95	-0.03061
21.96	-0.02365
21.97	-0.02142
21.98	-0.03507
21.99	-0.04288
22	-0.05263
22.01	-0.04311
22.02	-0.02315
22.03	-0.02434
22.04	-0.02552
22.05	-0.02353
22.06	-0.02608
22.07	-0.03267
22.08	-0.03993
22.09	-0.04216
22.1	-0.01765
22.11	0.00440
22.12	0.02129
22.13	0.02767
22.14	0.02655
22.15	0.02496
22.16	0.02200
22.17	0.02625
22.18	0.03712
22.19	0.04261
22.2	0.04648
22.21	0.04318
22.22	0.02461
22.23	-0.00898
22.24	-0.01873
22.25	-0.00302
22.26	0.01198
22.27	0.01482
22.28	0.01187
22.29	0.01116
22.3	0.01976
22.31	0.01180
22.32	-0.00243
22.33	-0.00119
22.34	0.00426
22.35	0.01669
22.36	0.04261
22.37	0.05917
22.38	0.08053
22.39	0.09416
22.4	0.08378
22.41	0.07898
22.42	0.08108
22.43	0.07053
22.44	0.04692
22.45	0.02754
22.46	0.02093
22.47	0.02641
22.48	0.02883
22.49	0.02489
22.5	0.03755
22.51	0.03055
22.52	0.01244
22.53	0.00363
22.54	-0.01137
22.55	0.00821
22.56	0.03738
22.57	0.03633
22.58	0.04544
22.59	0.05421
22.6	0.06002
22.61	0.05737
22.62	0.03018
22.63	0.02415
22.64	0.05515
22.65	0.08274
22.66	0.06884
22.67	0.05762
22.68	0.06294
22.69	0.05157
22.7	0.04852
22.71	0.02692
22.72	-0.00594
22.73	-0.01483
22.74	-0.00886
22.75	-0.00894
22.76	-0.01964
22.77	-0.01482
22.78	-0.01485
22.79	-0.02954
22.8	-0.02598
22.81	-0.01866
22.82	-0.03217
22.83	-0.03424
22.84	-0.01507
22.85	-0.00564
22.86	-0.01576
22.87	-0.02931
22.88	-0.04666
22.89	-0.04696
22.9	-0.03614
22.91	-0.02320
22.92	-0.01813
22.93	-0.02080
22.94	-0.00623
22.95	0.01333
22.96	0.00880
22.97	0.01056
22.98	0.02263
22.99	0.01185
23	0.00781
23.01	0.02032
23.02	0.02722
23.03	0.03883
23.04	0.05268
23.05	0.05894
23.06	0.03397
23.07	0.00170
23.08	-0.01665
23.09	-0.03992
23.1	-0.05943
23.11	-0.04808
23.12	-0.03294
23.13	-0.03137
23.14	-0.02911
23.15	-0.02495
23.16	-0.02256
23.17	-0.04203
23.18	-0.06593
23.19	-0.06600
23.2	-0.06097
23.21	-0.05222
23.22	-0.02279
23.23	-0.01021
23.24	-0.01500
23.25	-0.01338
23.26	0.00308
23.27	0.00704
23.28	0.00027
23.29	0.01779
23.3	0.00871
23.31	-0.00708
23.32	0.01640
23.33	0.02614
23.34	0.02803
23.35	0.03883
23.36	0.02941
23.37	0.01527
23.38	0.01667
23.39	0.00005
23.4	-0.01561
23.41	-0.03456
23.42	-0.05519
23.43	-0.03708
23.44	-0.01818
23.45	-0.00647
23.46	0.00040
23.47	-0.01174
23.48	-0.03983
23.49	-0.04843
23.5	-0.04826
23.51	-0.04635
23.52	-0.04659
23.53	-0.05297
23.54	-0.04917
23.55	-0.03823
23.56	-0.04406
23.57	-0.06542
23.58	-0.07006
23.59	-0.04736
23.6	-0.04562
23.61	-0.04997
23.62	-0.01864
23.63	0.01100
23.64	0.00723
23.65	-0.01867
23.66	-0.04213
23.67	-0.03744
23.68	-0.02177
23.69	0.00122
23.7	0.02129
23.71	0.02972
23.72	0.03903
23.73	0.05469
23.74	0.04438
23.75	0.02495
23.76	0.01447
23.77	0.00724
23.78	-0.00273
23.79	-0.01094
23.8	0.01251
23.81	0.02081
23.82	0.01549
23.83	0.00499
23.84	-0.01507
23.85	-0.01387
23.86	-0.00304
23.87	-0.00556
23.88	-0.01146
23.89	-0.00844
23.9	0.00149
23.91	0.01619
23.92	0.03008
23.93	0.01954
23.94	0.00778
23.95	-0.00523
23.96	-0.02380
23.97	-0.04302
23.98	-0.04976
23.99	-0.03854
24	-0.03912
24.01	-0.04479
24.02	-0.04183
24.03	-0.04831
24.04	-0.06377
24.05	-0.06077
24.06	-0.04489
24.07	-0.04153
24.08	-0.03490
24.09	-0.03069
24.1	-0.03682
24.11	-0.03893
24.12	-0.04163
24.13	-0.05476
24.14	-0.06905
24.15	-0.05598
24.16	-0.06152
24.17	-0.07221
24.18	-0.05059
24.19	-0.05101
24.2	-0.05974
24.21	-0.03873
24.22	-0.03499
24.23	-0.04260
24.24	-0.04133
24.25	-0.04647
24.26	-0.04406
24.27	-0.03637
24.28	-0.03264
24.29	-0.01422
24.3	0.01128
24.31	0.00661
24.32	0.01228
24.33	0.03284
24.34	0.02528
24.35	0.00407
24.36	-0.03441
24.37	-0.03137
24.38	0.00929
24.39	0.03438
24.4	0.04361
24.41	0.04572
24.42	0.03491
24.43	0.02732
24.44	0.00945
24.45	-0.00970
24.46	-0.01406
24.47	-0.01749
24.48	-0.01144
24.49	0.00731
24.5	0.02387
24.51	0.05591
24.52	0.04950
24.53	0.00897
24.54	0.01575
24.55	0.01171
24.56	0.01430
24.57	0.01424
24.58	-0.01131
24.59	0.00265
24.6	0.00615
24.61	-0.00751
24.62	0.00127
24.63	0.00394
24.64	0.03589
24.65	0.06499
24.66	0.05354
24.67	0.04879
24.68	0.03878
24.69	0.00261
24.7	-0.00437
24.71	-0.00165
24.72	-0.01476
24.73	-0.00597
24.74	0.01398
24.75	0.03058
24.76	0.03042
24.77	0.01886
24.78	0.01152
24.79	-0.01456
24.8	-0.04688
24.81	-0.06871
24.82	-0.07083
24.83	-0.05708
24.84	-0.04564
24.85	-0.03603
24.86	-0.02058
24.87	-0.00188
24.88	0.00825
24.89	0.02095
24.9	0.02163
24.91	-0.00135
24.92	-0.01196
24.93	-0.03409
24.94	-0.05959
24.95	-0.04804
24.96	-0.01729
24.97	-0.00818
24.98	0.00128
24.99	0.01063
25	0.01741
25.01	0.02350
25.02	0.00964
25.03	0.02094
25.04	0.05160
25.05	0.07728
25.06	0.09280
25.07	0.07815
25.08	0.06289
25.09	0.06162
25.1	0.04621
25.11	0.03561
25.12	0.01727
25.13	0.00246
25.14	-0.00440
25.15	-0.00655
25.16	0.00043
25.17	-0.00525
25.18	0.00751
25.19	0.02089
25.2	0.03020
25.21	0.02595
25.22	0.02347
25.23	0.02615
25.24	-0.00071
25.25	-0.01846
25.26	-0.02958
25.27	-0.03769
25.28	-0.01711
25.29	0.01486
25.3	0.03512
25.31	0.03831
25.32	0.04942
25.33	0.05231
25.34	0.03520
25.35	0.01939
25.36	0.00617
25.37	-0.02295
25.38	-0.02556
25.39	-0.01779
25.4	-0.03012
25.41	-0.04197
25.42	-0.05138
25.43	-0.05935
25.44	-0.07335
25.45	-0.07730
25.46	-0.07441
25.47	-0.07497
25.48	-0.06011
25.49	-0.05048
25.5	-0.03600
25.51	0.00839
25.52	0.04363
25.53	0.05633
25.54	0.05665
25.55	0.03434
25.56	0.01144
25.57	0.01317
25.58	0.02443
25.59	0.00952
25.6	-0.01141
25.61	-0.00760
25.62	-0.00185
25.63	0.00057
25.64	0.01034
25.65	0.00212
25.66	-0.01433
25.67	-0.02825
25.68	-0.02850
25.69	-0.00504
25.7	-0.00044
25.71	-0.01152
25.72	0.00161
25.73	0.01328
25.74	0.02731
25.75	0.04883
25.76	0.06789
25.77	0.08586
25.78	0.09400
25.79	0.06968
25.8	0.03923
25.81	0.01210
25.82	-0.01705
25.83	-0.00744
25.84	0.01476
25.85	0.03019
25.86	0.03812
25.87	0.01859
25.88	0.00322
25.89	0.00977
25.9	0.00071
25.91	-0.02808
25.92	-0.03532
25.93	-0.02454
25.94	-0.00328
25.95	0.00737
25.96	0.00289
25.97	-0.01417
25.98	-0.03788
25.99	-0.06009
26	-0.06342
26.01	-0.06273
26.02	-0.06734
26.03	-0.05068
26.04	-0.04313
26.05	-0.06712
26.06	-0.05859
26.07	-0.02628
26.08	0.00125
26.09	0.04952
26.1	0.07825
26.11	0.07931
26.12	0.09264
26.13	0.08454
26.14	0.07128
26.15	0.06647
26.16	0.05243
26.17	0.03559
26.18	0.02060
26.19	-0.00138
26.2	-0.01863
26.21	0.00145
26.22	0.01574
26.23	0.00917
26.24	-0.00094
26.25	-0.00974
26.26	-0.01175
26.27	0.00755
26.28	0.02056
26.29	0.02329
26.3	0.02680
26.31	0.03995
26.32	0.04999
26.33	0.05759
26.34	0.06939
26.35	0.07264
26.36	0.05103
26.37	0.02412
26.38	0.03061
26.39	0.02675
26.4	0.03008
26.41	0.05153
26.42	0.05482
26.43	0.04046
26.44	0.04704
26.45	0.04862
26.46	0.03404
26.47	0.02918
26.48	0.00308
26.49	-0.00831
26.5	-0.00414
26.51	-0.01783
26.52	-0.00399
26.53	0.00195
26.54	-0.00265
26.55	0.02225
26.56	0.03201
26.57	0.01513
26.58	0.00997
26.59	0.00305
26.6	-0.01759
26.61	-0.02229
26.62	-0.02542
26.63	-0.02750
26.64	-0.01189
26.65	-0.00160
26.66	-0.00357
26.67	0.00499
26.68	-0.00067
26.69	-0.00288
26.7	0.01136
26.71	0.01014
26.72	0.01657
26.73	0.03745
26.74	0.02811
26.75	0.00281
26.76	-0.00348
26.77	-0.02342
26.78	-0.04011
26.79	-0.04712
26.8	-0.05574
26.81	-0.03950
26.82	-0.02905
26.83	-0.03215
26.84	-0.01419
26.85	-0.00440
26.86	0.01992
26.87	0.05023
26.88	0.04876
26.89	0.05764
26.9	0.06515
26.91	0.05581
26.92	0.04604
26.93	0.02985
26.94	0.01061
26.95	0.02029
26.96	0.05418
26.97	0.07957
26.98	0.08668
26.99	0.05602
27	0.01096
27.01	-0.02302
27.02	-0.04882
27.03	-0.06486
27.04	-0.06390
27.05	-0.05326
27.06	-0.03838
27.07	-0.01550
27.08	0.00144
27.09	0.01501
27.1	0.02919
27.11	0.03474
27.12	0.02805
27.13	0.02673
27.14	0.03871
27.15	0.04839
27.16	0.03742
27.17	0.02431
27.18	0.01010
27.19	-0.01675
27.2	-0.03314
27.21	-0.04145
27.22	-0.04525
27.23	-0.03051
27.24	-0.03795
27.25	-0.06056
27.26	-0.06374
27.27	-0.06989
27.28	-0.07903
27.29	-0.07671
27.3	-0.07222
27.31	-0.07256
27.32	-0.06849
27.33	-0.06100
27.34	-0.05115
27.35	-0.04696
27.36	-0.04878
27.37	-0.05290
27.38	-0.04820
27.39	-0.02940
27.4	-0.00606
27.41	0.00018
27.42	0.00514
27.43	0.01931
27.44	0.01137
27.45	0.01516
27.46	0.03382
27.47	0.04395
27.48	0.03557
27.49	0.02699
27.5	0.03513
27.51	0.05987
27.52	0.09203
27.53	0.10558
27.54	0.08923
27.55	0.05927
27.56	0.04223
27.57	0.01757
27.58	-0.00424
27.59	-0.00763
27.6	-0.01740
27.61	-0.01187
27.62	0.01695
27.63	0.02324
27.64	0.02972
27.65	0.01054
27.66	-0.03644
27.67	-0.04844
27.68	-0.05798
27.69	-0.06233
27.7	-0.05205
27.71	-0.05287
27.72	-0.03998
27.73	0.00746
27.74	0.04606
27.75	0.05391
27.76	0.05158
27.77	0.02662
27.78	0.00535
27.79	-0.00454
27.8	-0.00544
27.81	0.01980
27.82	0.03353
27.83	0.02906
27.84	0.03198
27.85	0.04850
27.86	0.04782
27.87	0.03334
27.88	0.01574
27.89	0.00290
27.9	-0.00330
27.91	-0.01144
27.92	-0.04443
27.93	-0.07074
27.94	-0.04110
27.95	0.00365
27.96	0.02046
27.97	0.02343
27.98	0.00777
27.99	0.00629
28	0.01990
28.01	0.02137
28.02	0.02430
28.03	0.02184
28.04	-0.00651
28.05	-0.02157
28.06	-0.02163
28.07	-0.03354
28.08	-0.05749
28.09	-0.07732
28.1	-0.09519
28.11	-0.12171
28.12	-0.13739
28.13	-0.14836
28.14	-0.17046
28.15	-0.17011
28.16	-0.14836
28.17	-0.12673
28.18	-0.10801
28.19	-0.09212
28.2	-0.07959
28.21	-0.06224
28.22	-0.04460
28.23	-0.02940
28.24	0.00444
28.25	0.01060
28.26	-0.00475
28.27	-0.01442
28.28	-0.01544
28.29	-0.00008
28.3	0.00168
28.31	0.00004
28.32	0.00499
28.33	0.01240
28.34	0.02947
28.35	0.04578
28.36	0.01822
28.37	-0.00336
28.38	-0.00497
28.39	-0.03604
28.4	-0.05525
28.41	-0.04363
28.42	-0.02378
28.43	-0.00454
28.44	-0.00032
28.45	0.00848
28.46	0.01505
28.47	-0.00271
28.48	-0.02240
28.49	-0.04639
28.5	-0.05740
28.51	-0.04835
28.52	-0.05078
28.53	-0.05921
28.54	-0.03797
28.55	-0.02326
28.56	-0.02719
28.57	-0.05058
28.58	-0.07269
28.59	-0.05327
28.6	-0.02876
28.61	-0.01619
28.62	-0.00450
28.63	-0.00488
28.64	-0.01450
28.65	-0.01597
28.66	-0.01561
28.67	-0.02312
28.68	-0.01522
28.69	0.00566
28.7	0.02535
28.71	0.04586
28.72	0.04726
28.73	0.05552
28.74	0.08249
28.75	0.10372
28.76	0.10588
28.77	0.10605
28.78	0.08547
28.79	0.04756
28.8	0.04166
28.81	0.05744
28.82	0.07132
28.83	0.08760
28.84	0.08081
28.85	0.05916
28.86	0.04411
28.87	0.03592
28.88	0.04241
28.89	0.04466
28.9	0.03500
28.91	0.01877
28.92	0.00585
28.93	0.00191
28.94	0.01298
28.95	0.03107
28.96	0.04380
28.97	0.05478
28.98	0.06696
28.99	0.06098
29	0.03726
29.01	0.04319
29.02	0.05691
29.03	0.05475
29.04	0.05298
29.05	0.05675
29.06	0.03238
29.07	-0.00082
29.08	-0.00375
29.09	-0.00937
29.1	-0.00561
29.11	0.01087
29.12	0.03560
29.13	0.07202
29.14	0.08448
29.15	0.08538
29.16	0.07769
29.17	0.05153
29.18	0.04305
29.19	0.04429
29.2	0.03903
29.21	0.03930
29.22	0.03700
29.23	0.01989
29.24	-0.01463
29.25	-0.07341
29.26	-0.11765
29.27	-0.11643
29.28	-0.10285
29.29	-0.08996
29.3	-0.05910
29.31	-0.04220
29.32	-0.03470
29.33	-0.03757
29.34	-0.02599
29.35	0.03154
29.36	0.07082
29.37	0.05770
29.38	0.03081
29.39	-0.00088
29.4	-0.02544
29.41	-0.02758
29.42	0.00871
29.43	0.06748
29.44	0.09799
29.45	0.08144
29.46	0.02755
29.47	-0.00521
29.48	-0.03865
29.49	-0.10262
29.5	-0.12552
29.51	-0.09580
29.52	-0.07196
29.53	-0.06453
29.54	-0.05022
29.55	-0.05265
29.56	-0.07672
29.57	-0.10396
29.58	-0.10142
29.59	-0.06008
29.6	-0.00170
29.61	0.03071
29.62	0.01665
29.63	-0.00805
29.64	0.00457
29.65	0.02957
29.66	0.05680
29.67	0.06330
29.68	0.04537
29.69	0.02463
29.7	0.02862
29.71	0.03288
29.72	-0.00025
29.73	-0.03752
29.74	-0.06252
29.75	-0.08198
29.76	-0.06401
29.77	-0.03180
29.78	-0.01961
29.79	-0.04587
29.8	-0.06274
29.81	-0.06889
29.82	-0.08973
29.83	-0.07574
29.84	-0.05643
29.85	-0.02978
29.86	0.00218
29.87	0.02063
29.88	0.03101
29.89	0.03810
29.9	0.04706
29.91	0.06744
29.92	0.06124
29.93	0.07386
29.94	0.10976
29.95	0.13667
29.96	0.13421
29.97	0.10065
29.98	0.04118
29.99	-0.01300
30	-0.03399
30.01	-0.04284
30.02	-0.01157
30.03	0.03822
30.04	0.05900
30.05	0.07039
30.06	0.07812
30.07	0.06332
30.08	0.06274
30.09	0.03307
30.1	-0.02327
30.11	-0.04807
30.12	-0.02246
30.13	0.02676
30.14	0.05100
30.15	0.04610
30.16	0.02462
30.17	0.01033
30.18	0.02062
30.19	0.00403
30.2	-0.02284
30.21	-0.02958
30.22	-0.02009
30.23	-0.00679
30.24	-0.00216
30.25	-0.02342
30.26	-0.03167
30.27	-0.01845
30.28	-0.02051
30.29	-0.01821
30.3	-0.01783
30.31	-0.04605
30.32	-0.07292
30.33	-0.09269
30.34	-0.11740
30.35	-0.10617
30.36	-0.05698
30.37	-0.03047
30.38	-0.02159
30.39	-0.00881
30.4	-0.00218
30.41	0.00628
30.42	-0.00290
30.43	-0.03734
30.44	-0.06880
30.45	-0.09525
30.46	-0.11262
30.47	-0.09744
30.48	-0.06197
30.49	-0.03301
30.5	0.00381
30.51	0.02648
30.52	0.01019
30.53	-0.00918
30.54	-0.02555
30.55	-0.04510
30.56	-0.03322
30.57	-0.00892
30.58	0.00389
30.59	0.03330
30.6	0.05462
30.61	0.04591
30.62	0.03499
30.63	0.00340
30.64	-0.03032
30.65	-0.02075
30.66	0.00804
30.67	0.01554
30.68	0.01190
30.69	0.00453
30.7	-0.01530
30.71	-0.01057
30.72	0.02184
30.73	0.02424
30.74	0.01576
30.75	0.02103
30.76	0.01141
30.77	0.00296
30.78	0.01202
30.79	0.03005
30.8	0.03099
30.81	0.03120
30.82	0.04516
30.83	0.02854
30.84	0.01931
30.85	0.01530
30.86	-0.00536
30.87	0.00524
30.88	0.01357
30.89	0.02475
30.9	0.05138
30.91	0.05859
30.92	0.08536
30.93	0.08931
30.94	0.06994
30.95	0.06130
30.96	0.06316
30.97	0.07852
30.98	0.10877
30.99	0.11371
31	0.10405
31.01	0.10988
31.02	0.11013
31.03	0.07312
31.04	0.00384
31.05	-0.04898
31.06	-0.05638
31.07	-0.03103
31.08	-0.00464
31.09	0.00608
31.1	0.01187
31.11	0.02608
31.12	0.02285
31.13	0.01961
31.14	0.03014
31.15	0.03517
31.16	0.03266
31.17	0.04999
31.18	0.04913
31.19	0.01326
31.2	-0.01531
31.21	-0.05038
31.22	-0.09050
31.23	-0.10203
31.24	-0.06503
31.25	0.00381
31.26	0.06933
31.27	0.11006
31.28	0.10984
31.29	0.08794
31.3	0.05243
31.31	-0.00108
31.32	-0.03501
31.33	-0.06085
31.34	-0.10141
31.35	-0.12445
31.36	-0.12127
31.37	-0.08179
31.38	0.01014
31.39	0.09965
31.4	0.13196
31.41	0.10627
31.42	0.06353
31.43	0.02607
31.44	-0.01114
31.45	-0.02124
31.46	-0.02551
31.47	-0.03327
31.48	-0.01841
31.49	-0.00616
31.5	0.01748
31.51	0.04853
31.52	0.05312
31.53	0.03298
31.54	0.00689
31.55	0.01310
31.56	0.04907
31.57	0.08211
31.58	0.09286
31.59	0.06516
31.6	0.02609
31.61	0.01059
31.62	0.01146
31.63	0.02525
31.64	0.04419
31.65	0.04662
31.66	0.03737
31.67	0.03881
31.68	0.05617
31.69	0.07525
31.7	0.06759
31.71	0.04814
31.72	-0.00142
31.73	-0.06295
31.74	-0.08413
31.75	-0.08516
31.76	-0.08656
31.77	-0.06092
31.78	-0.02174
31.79	-0.00698
31.8	0.00933
31.81	0.04274
31.82	0.06257
31.83	0.05772
31.84	0.00537
31.85	-0.05929
31.86	-0.08166
31.87	-0.08510
31.88	-0.06197
31.89	-0.02722
31.9	-0.02316
31.91	-0.02595
31.92	-0.03433
31.93	-0.05575
31.94	-0.06376
31.95	-0.06483
31.96	-0.07153
31.97	-0.07534
31.98	-0.05660
31.99	-0.05087
32	-0.07335
32.01	-0.07458
32.02	-0.06614
32.03	-0.05751
32.04	-0.03151
32.05	-0.00433
32.06	0.01880
32.07	0.03730
32.08	0.04839
32.09	0.04563
32.1	0.04569
32.11	0.05485
32.12	0.03707
32.13	0.02242
32.14	0.01192
32.15	-0.01160
32.16	0.00781
32.17	0.03896
32.18	0.03438
32.19	0.03327
32.2	0.00468
32.21	-0.04445
32.22	-0.07701
32.23	-0.07742
32.24	-0.07016
32.25	-0.04573
32.26	0.00460
32.27	0.04817
32.28	0.07008
32.29	0.09957
32.3	0.11797
32.31	0.10561
32.32	0.08285
32.33	0.05626
32.34	0.03208
32.35	0.01907
32.36	0.01489
32.37	0.03165
32.38	0.04696
32.39	0.04853
32.4	0.04375
32.41	0.04061
32.42	0.04293
32.43	0.03848
32.44	0.02885
32.45	0.01681
32.46	-0.01878
32.47	-0.04454
32.48	-0.05593
32.49	-0.05064
32.5	-0.04368
32.51	-0.04596
32.52	-0.03791
32.53	-0.00598
32.54	0.01610
32.55	0.02859
32.56	0.06618
32.57	0.08129
32.58	0.07218
32.59	0.07010
32.6	0.04717
32.61	0.01187
32.62	-0.01429
32.63	-0.02975
32.64	-0.04909
32.65	-0.06072
32.66	-0.05521
32.67	-0.05018
32.68	-0.04428
32.69	-0.03512
32.7	-0.04500
32.71	-0.05957
32.72	-0.07074
32.73	-0.07086
32.74	-0.04623
32.75	-0.01147
32.76	0.00166
32.77	-0.01438
32.78	-0.03326
32.79	-0.04440
32.8	-0.05254
32.81	-0.06833
32.82	-0.08918
32.83	-0.09846
32.84	-0.08903
32.85	-0.08002
32.86	-0.06876
32.87	-0.05668
32.88	-0.04462
32.89	-0.03705
32.9	-0.04357
32.91	-0.06551
32.92	-0.07039
32.93	-0.07096
32.94	-0.06841
32.95	-0.04866
32.96	-0.02181
32.97	-0.02240
32.98	-0.03917
32.99	-0.05253
33	-0.05692
33.01	-0.04972
33.02	-0.04656
33.03	-0.04311
33.04	-0.01928
33.05	-0.00491
33.06	0.00166
33.07	0.01309
33.08	0.00831
33.09	-0.01218
33.1	-0.01742
33.11	-0.00917
33.12	0.01825
33.13	0.04747
33.14	0.07212
33.15	0.07571
33.16	0.05488
33.17	0.02696
33.18	0.01883
33.19	0.01915
33.2	0.00598
33.21	0.02750
33.22	0.06190
33.23	0.06569
33.24	0.06076
33.25	0.04441
33.26	0.01548
33.27	0.00345
33.28	0.00635
33.29	0.00137
33.3	-0.00390
33.31	-0.00748
33.32	-0.01396
33.33	-0.01044
33.34	-0.01182
33.35	-0.01563
33.36	-0.00218
33.37	0.00573
33.38	0.00584
33.39	0.00000
33.4	-0.01879
33.41	-0.02656
33.42	-0.02420
33.43	-0.01303
33.44	0.02136
33.45	0.04890
33.46	0.05162
33.47	0.03113
33.48	-0.00941
33.49	-0.04875
33.5	-0.05485
33.51	-0.04751
33.52	-0.04048
33.53	-0.01505
33.54	0.02332
33.55	0.04296
33.56	0.03464
33.57	0.00128
33.58	-0.03738
33.59	-0.03345
33.6	-0.00566
33.61	0.01460
33.62	0.01660
33.63	0.01488
33.64	0.00658
33.65	-0.00917
33.66	-0.01951
33.67	-0.00527
33.68	0.02776
33.69	0.04603
33.7	0.03575
33.71	0.01116
33.72	-0.03227
33.73	-0.07138
33.74	-0.07140
33.75	-0.08013
33.76	-0.07852
33.77	-0.06248
33.78	-0.05393
33.79	-0.04186
33.8	-0.03677
33.81	-0.04512
33.82	-0.04739
33.83	-0.04142
33.84	-0.02126
33.85	0.01443
33.86	0.03928
33.87	0.04066
33.88	0.03842
33.89	0.02366
33.9	0.01530
33.91	0.01533
33.92	0.00007
33.93	-0.01591
33.94	-0.01790
33.95	-0.01330
33.96	0.00347
33.97	0.02455
33.98	0.02766
33.99	0.00485
34	-0.01480
34.01	-0.01869
34.02	-0.01713
34.03	-0.01969
34.04	-0.03924
34.05	-0.05432
34.06	-0.05088
34.07	-0.05101
34.08	-0.04096
34.09	-0.03404
34.1	-0.04542
34.11	-0.05591
34.12	-0.05346
34.13	-0.04297
34.14	-0.01966
34.15	-0.00228
34.16	0.01257
34.17	0.01712
34.18	0.01063
34.19	-0.00758
34.2	-0.03001
34.21	-0.05008
34.22	-0.06017
34.23	-0.05059
34.24	-0.02868
34.25	-0.00498
34.26	0.00175
34.27	0.00185
34.28	-0.00296
34.29	-0.01480
34.3	-0.02154
34.31	-0.03091
34.32	-0.05132
34.33	-0.05389
34.34	-0.03460
34.35	-0.00490
34.36	0.01848
34.37	0.02035
34.38	0.00701
34.39	0.00287
34.4	0.00811
34.41	0.00352
34.42	0.00094
34.43	-0.00108
34.44	-0.00348
34.45	0.00498
34.46	0.00720
34.47	-0.01150
34.48	-0.01881
34.49	-0.01602
34.5	-0.00920
34.51	-0.00638
34.52	-0.01226
34.53	-0.02316
34.54	-0.02020
34.55	0.00399
34.56	0.02201
34.57	0.01890
34.58	0.01114
34.59	0.01243
34.6	0.01893
34.61	0.02364
34.62	0.02009
34.63	0.02336
34.64	0.04096
34.65	0.04626
34.66	0.03707
34.67	0.02860
34.68	0.00215
34.69	-0.02046
34.7	-0.01388
34.71	-0.01488
34.72	-0.02302
34.73	-0.00043
34.74	0.01161
34.75	-0.00177
34.76	-0.00125
34.77	0.00756
34.78	0.01598
34.79	0.00013
34.8	-0.02475
34.81	-0.03349
34.82	-0.03888
34.83	-0.04680
34.84	-0.04613
34.85	-0.04087
34.86	-0.03336
34.87	-0.02675
34.88	-0.02540
34.89	-0.03339
34.9	-0.04645
34.91	-0.03666
34.92	-0.02921
34.93	-0.03624
34.94	-0.02322
34.95	-0.01686
34.96	-0.03389
34.97	-0.03637
34.98	-0.02549
34.99	-0.02066
35	-0.01914
35.01	-0.02703
35.02	-0.03866
35.03	-0.04572
35.04	-0.04023
35.05	-0.03852
35.06	-0.03681
35.07	-0.03730
35.08	-0.03233
35.09	-0.01511
35.1	-0.00330
35.11	-0.00079
35.12	0.01117
35.13	0.00578
35.14	0.00316
35.15	0.00990
35.16	0.01423
35.17	0.03802
35.18	0.04445
35.19	0.02515
35.2	0.02242
35.21	0.03431
35.22	0.03734
35.23	0.04738
35.24	0.06560
35.25	0.07377
35.26	0.08610
35.27	0.09636
35.28	0.08976
35.29	0.09672
35.3	0.11126
35.31	0.11160
35.32	0.10956
35.33	0.10507
35.34	0.09415
35.35	0.09119
35.36	0.06923
35.37	0.02659
35.38	0.00042
35.39	-0.00154
35.4	0.00943
35.41	0.03042
35.42	0.04764
35.43	0.05344
35.44	0.05290
35.45	0.05184
35.46	0.05627
35.47	0.05822
35.48	0.05215
35.49	0.03509
35.5	0.03702
35.51	0.05507
35.52	0.06287
35.53	0.06655
35.54	0.06182
35.55	0.04659
35.56	0.03425
35.57	0.01984
35.58	-0.00692
35.59	-0.02291
35.6	-0.02472
35.61	-0.03023
35.62	-0.02695
35.63	-0.01796
35.64	-0.01397
35.65	-0.01391
35.66	-0.01011
35.67	0.00381
35.68	0.01659
35.69	0.01994
35.7	0.02222
35.71	0.01807
35.72	0.01131
35.73	0.00492
35.74	0.00663
35.75	0.01538
35.76	0.00933
35.77	0.00604
35.78	0.01232
35.79	0.01616
35.8	0.02229
35.81	0.02796
35.82	0.02086
35.83	0.00610
35.84	-0.00889
35.85	-0.03127
35.86	-0.05251
35.87	-0.05890
35.88	-0.05732
35.89	-0.04901
35.9	-0.03047
35.91	-0.01269
35.92	-0.00967
35.93	-0.01141
35.94	-0.01014
35.95	-0.00399
35.96	0.01844
35.97	0.04569
35.98	0.05576
35.99	0.05040
36	0.03672
36.01	0.01974
36.02	-0.00464
36.03	-0.02588
36.04	-0.02428
36.05	-0.01520
36.06	-0.00532
36.07	0.00981
36.08	0.02958
36.09	0.03084
36.1	0.01728
36.11	0.00827
36.12	0.00548
36.13	0.00948
36.14	0.01797
36.15	0.02868
36.16	0.03929
36.17	0.03144
36.18	0.00724
36.19	-0.01766
36.2	-0.04451
36.21	-0.04845
36.22	-0.03807
36.23	-0.04236
36.24	-0.04217
36.25	-0.03927
36.26	-0.02707
36.27	0.00932
36.28	0.02963
36.29	0.01348
36.3	-0.00120
36.31	-0.01415
36.32	-0.03154
36.33	-0.04565
36.34	-0.05658
36.35	-0.04773
36.36	-0.02289
36.37	-0.01128
36.38	-0.01325
36.39	-0.00232
36.4	-0.00013
36.41	-0.01166
36.42	-0.00767
36.43	-0.00900
36.44	-0.02382
36.45	-0.01497
36.46	0.01011
36.47	0.02800
36.48	0.04115
36.49	0.04311
36.5	0.03893
36.51	0.04166
36.52	0.03520
36.53	0.01265
36.54	-0.00877
36.55	-0.01509
36.56	-0.01107
36.57	0.00759
36.58	0.03874
36.59	0.06550
36.6	0.07635
36.61	0.07947
36.62	0.08684
36.63	0.08336
36.64	0.06027
36.65	0.04159
36.66	0.03265
36.67	0.03250
36.68	0.03950
36.69	0.04148
36.7	0.03983
36.71	0.04260
36.72	0.05012
36.73	0.05807
36.74	0.06580
36.75	0.06868
36.76	0.05951
36.77	0.04376
36.78	0.02974
36.79	0.02906
36.8	0.03370
36.81	0.04136
36.82	0.05348
36.83	0.05342
36.84	0.05375
36.85	0.05408
36.86	0.04758
36.87	0.04932
36.88	0.04379
36.89	0.03098
36.9	0.02561
36.91	0.02522
36.92	0.01928
36.93	0.02162
36.94	0.02532
36.95	0.01851
36.96	0.01423
36.97	0.01595
36.98	0.00570
36.99	-0.00437
37	-0.01329
37.01	-0.01627
37.02	-0.01413
37.03	-0.01183
37.04	-0.00739
37.05	-0.00014
37.06	0.00343
37.07	0.00631
37.08	0.00520
37.09	0.00221
37.1	0.00398
37.11	0.00251
37.12	0.00082
37.13	0.00420
37.14	-0.00366
37.15	-0.01182
37.16	-0.00866
37.17	-0.01786
37.18	-0.02964
37.19	-0.03453
37.2	-0.03867
37.21	-0.03988
37.22	-0.03892
37.23	-0.03346
37.24	-0.02890
37.25	-0.02325
37.26	-0.02489
37.27	-0.03140
37.28	-0.03384
37.29	-0.02798
37.3	-0.02736
37.31	-0.02844
37.32	-0.02102
37.33	-0.01284
37.34	-0.00503
37.35	-0.00163
37.36	-0.01348
37.37	-0.03028
37.38	-0.04232
37.39	-0.04779
37.4	-0.05002
37.41	-0.04180
37.42	-0.03128
37.43	-0.03301
37.44	-0.02738
37.45	-0.01852
37.46	-0.02340
37.47	-0.02587
37.48	-0.02038
37.49	-0.02413
37.5	-0.02602
37.51	-0.02624
37.52	-0.04005
37.53	-0.04663
37.54	-0.04964
37.55	-0.05038
37.56	-0.03711
37.57	-0.02487
37.58	-0.02286
37.59	-0.02608
37.6	-0.03114
37.61	-0.03697
37.62	-0.03660
37.63	-0.03403
37.64	-0.02965
37.65	-0.03232
37.66	-0.03607
37.67	-0.03145
37.68	-0.02782
37.69	-0.01594
37.7	-0.00821
37.71	-0.01755
37.72	-0.02292
37.73	-0.03037
37.74	-0.03807
37.75	-0.03897
37.76	-0.03950
37.77	-0.03681
37.78	-0.02862
37.79	-0.02653
37.8	-0.02335
37.81	-0.01771
37.82	-0.02127
37.83	-0.02632
37.84	-0.02246
37.85	-0.01823
37.86	-0.00082
37.87	0.01167
37.88	0.01312
37.89	0.01956
37.9	0.01886
37.91	0.01342
37.92	0.01648
37.93	0.02295
37.94	0.02635
37.95	0.02436
37.96	0.02392
37.97	0.02225
37.98	0.02452
37.99	0.02587
38	0.02101
38.01	0.01347
38.02	0.01340
38.03	0.00623
38.04	0.00291
38.05	0.00932
38.06	0.01123
38.07	0.01293
38.08	0.00564
38.09	-0.00224
38.1	-0.00850
38.11	-0.00424
38.12	0.00684
38.13	0.00979
38.14	0.00926
38.15	0.01182
38.16	0.01719
38.17	0.01849
38.18	0.00954
38.19	0.00634
38.2	-0.00157
38.21	-0.01050
38.22	-0.00528
38.23	0.00184
38.24	0.00529
38.25	0.01221
38.26	0.01699
38.27	0.01370
38.28	0.01386
38.29	0.02070
38.3	0.02511
38.31	0.01640
38.32	0.01416
38.33	0.01907
38.34	0.02671
38.35	0.03997
38.36	0.04274
38.37	0.04279
38.38	0.04671
38.39	0.03549
38.4	0.02409
38.41	0.02274
38.42	0.01753
38.43	0.01020
38.44	0.00162
38.45	-0.00776
38.46	-0.01152
38.47	-0.01967
38.48	-0.03153
38.49	-0.03526
38.5	-0.03314
38.51	-0.03018
38.52	-0.02190
38.53	-0.01563
38.54	-0.01002
38.55	0.00015
38.56	-0.00415
38.57	-0.01132
38.58	-0.00642
38.59	-0.00092
38.6	0.00518
38.61	0.00841
38.62	0.00770
38.63	0.00649
38.64	-0.00086
38.65	-0.00734
38.66	-0.01464
38.67	-0.01396
38.68	-0.00638
38.69	-0.00551
38.7	-0.00325
38.71	0.00115
38.72	-0.00481
38.73	-0.00266
38.74	0.00491
38.75	0.00841
38.76	0.01739
38.77	0.02054
38.78	0.01579
38.79	0.01715
38.8	0.01752
38.81	0.01040
38.82	0.01669
38.83	0.02697
38.84	0.02485
38.85	0.02517
38.86	0.03012
38.87	0.03032
38.88	0.02877
38.89	0.03114
38.9	0.02673
38.91	0.02152
38.92	0.01829
38.93	0.01227
38.94	0.01430
38.95	0.01988
38.96	0.02084
38.97	0.01637
38.98	0.02092
38.99	0.02843
39	0.03226
39.01	0.03261
39.02	0.02874
39.03	0.02573
39.04	0.02874
39.05	0.03091
39.06	0.02903
39.07	0.03457
39.08	0.03089
39.09	0.02404
39.1	0.02167
39.11	0.00915
39.12	0.00332
39.13	0.00921
39.14	0.00714
39.15	0.00636
39.16	-0.00080
39.17	-0.01749
39.18	-0.02317
39.19	-0.03044
39.2	-0.03517
39.21	-0.02365
39.22	-0.01739
39.23	-0.01869
39.24	-0.01486
39.25	-0.02433
39.26	-0.02706
39.27	-0.01792
39.28	-0.02098
39.29	-0.02734
39.3	-0.03161
39.31	-0.03236
39.32	-0.03461
39.33	-0.03362
39.34	-0.03440
39.35	-0.03474
39.36	-0.03503
39.37	-0.03174
39.38	-0.02450
39.39	-0.02219
39.4	-0.02352
39.41	-0.02596
39.42	-0.03397
39.43	-0.04092
39.44	-0.04572
39.45	-0.04711
39.46	-0.04216
39.47	-0.03816
39.48	-0.03677
39.49	-0.03440
39.5	-0.03347
39.51	-0.03008
39.52	-0.02575
39.53	-0.02966
39.54	-0.03222
39.55	-0.03251
39.56	-0.02859
39.57	-0.02411
39.58	-0.02382
39.59	-0.02515
39.6	-0.03171
39.61	-0.03880
39.62	-0.03631
39.63	-0.03151
39.64	-0.02895
39.65	-0.02849
39.66	-0.03431
39.67	-0.03600
39.68	-0.03686
39.69	-0.03816
39.7	-0.03277
39.71	-0.02861
39.72	-0.02468
39.73	-0.01935
39.74	-0.02022
39.75	-0.02412
39.76	-0.02543
39.77	-0.03000
39.78	-0.03264
39.79	-0.03056
39.8	-0.02179
39.81	-0.01714
39.82	-0.02306
39.83	-0.02332
39.84	-0.02285
39.85	-0.03236
39.86	-0.03094
39.87	-0.02295
39.88	-0.01605
39.89	-0.00917
39.9	-0.00353
39.91	-0.00317
39.92	-0.00851
39.93	-0.01499
39.94	-0.01327
39.95	-0.00564
39.96	-0.00191
39.97	-0.00073
39.98	-0.00134
39.99	-0.00588
40	-0.00238
40.01	0.00058
40.02	-0.00002
40.03	0.00298
40.04	0.00419
40.05	0.00113
40.06	0.00484
40.07	0.00539
40.08	0.00170
40.09	0.00277
40.1	0.00678
40.11	0.01067
40.12	0.01582
40.13	0.02236
40.14	0.02323
40.15	0.01989
40.16	0.01576
40.17	0.00591
40.18	-0.00028
40.19	0.00174
40.2	0.00827
40.21	0.01810
40.22	0.01972
40.23	0.02067
40.24	0.02156
40.25	0.01557
40.26	0.00821
40.27	0.00649
40.28	0.00198
40.29	0.00295
40.3	0.00606
40.31	0.00944
40.32	0.01585
40.33	0.01913
40.34	0.01603
40.35	0.01416
40.36	0.00743
40.37	0.00052
40.38	-0.00558
40.39	-0.00291
40.4	0.00463
40.41	0.01053
40.42	0.01645
40.43	0.02488
40.44	0.03088
40.45	0.03558
40.46	0.03833
40.47	0.03626
40.48	0.02945
40.49	0.02139
40.5	0.02144
40.51	0.02282
40.52	0.02445
40.53	0.02102
40.54	0.01323
40.55	0.01024
40.56	0.01024
40.57	0.01157
40.58	0.01197
40.59	0.00891
40.6	0.01453
40.61	0.01533
40.62	0.01618
40.63	0.01810
40.64	0.01670
40.65	0.01271
40.66	0.01204
40.67	0.01443
40.68	0.01755
40.69	0.02054
40.7	0.02084
40.71	0.00991
40.72	-0.00315
40.73	-0.00794
40.74	-0.00791
40.75	-0.00500
40.76	-0.00471
40.77	-0.00524
40.78	-0.01240
40.79	-0.01912
40.8	-0.02345
40.81	-0.02764
40.82	-0.02806
40.83	-0.02678
40.84	-0.02205
40.85	-0.02302
40.86	-0.02059
40.87	-0.01263
40.88	-0.00424
40.89	-0.00355
40.9	0.00207
40.91	0.00826
40.92	0.01676
40.93	0.02959
40.94	0.03286
40.95	0.02940
40.96	0.02759
40.97	0.02238
40.98	0.01893
40.99	0.02482
41	0.03201
41.01	0.03091
41.02	0.02708
41.03	0.02309
41.04	0.02292
41.05	0.02624
41.06	0.02425
41.07	0.02369
41.08	0.02711
41.09	0.02680
41.1	0.02537
41.11	0.02728
41.12	0.02225
41.13	0.02331
41.14	0.02592
41.15	0.03094
41.16	0.03433
41.17	0.03751
41.18	0.03958
41.19	0.03831
41.2	0.03640
41.21	0.03562
41.22	0.03285
41.23	0.03481
41.24	0.02968
41.25	0.03001
41.26	0.03120
41.27	0.02671
41.28	0.02279
41.29	0.01651
41.3	0.00954
41.31	0.00242
41.32	0.00023
41.33	0.00609
41.34	0.01551
41.35	0.02782
41.36	0.03008
41.37	0.02194
41.38	0.01291
41.39	0.00498
41.4	0.00386
41.41	0.00087
41.42	-0.00296
41.43	-0.00312
41.44	-0.00218
41.45	-0.00398
41.46	-0.01075
41.47	-0.02021
41.48	-0.02791
41.49	-0.03596
41.5	-0.03766
41.51	-0.03760
41.52	-0.04370
41.53	-0.04374
41.54	-0.04165
41.55	-0.04329
41.56	-0.03769
41.57	-0.03188
41.58	-0.03383
41.59	-0.03244
41.6	-0.02908
41.61	-0.02621
41.62	-0.01839
41.63	-0.01104
41.64	-0.00890
41.65	-0.01057
41.66	-0.01146
41.67	-0.01657
41.68	-0.02129
41.69	-0.02342
41.7	-0.02399
41.71	-0.02391
41.72	-0.02144
41.73	-0.02233
41.74	-0.02416
41.75	-0.02591
41.76	-0.01936
41.77	-0.01637
41.78	-0.02039
41.79	-0.02936
41.8	-0.03554
41.81	-0.03331
41.82	-0.02871
41.83	-0.02578
41.84	-0.02546
41.85	-0.02948
41.86	-0.03424
41.87	-0.03494
41.88	-0.03837
41.89	-0.04263
41.9	-0.04416
41.91	-0.04666
41.92	-0.04340
41.93	-0.03432
41.94	-0.03049
41.95	-0.02869
41.96	-0.02832
41.97	-0.02798
41.98	-0.02766
41.99	-0.02945
42	-0.03204
42.01	-0.03176
42.02	-0.03048
42.03	-0.03278
42.04	-0.03159
42.05	-0.03051
42.06	-0.03204
42.07	-0.02618
42.08	-0.02240
42.09	-0.02053
42.1	-0.01253
42.11	-0.00535
42.12	-0.00361
42.13	-0.00228
42.14	-0.00638
42.15	-0.01236
42.16	-0.01926
42.17	-0.01974
42.18	-0.01595
42.19	-0.01162
42.2	-0.01100
42.21	-0.01117
42.22	-0.01237
42.23	-0.01175
42.24	-0.01474
42.25	-0.02112
42.26	-0.02242
42.27	-0.02034
42.28	-0.01605
42.29	-0.01158
42.3	-0.00301
42.31	0.00397
42.32	0.00534
42.33	0.00429
42.34	0.00107
42.35	0.00161
42.36	0.00548
42.37	0.00272
42.38	0.00102
42.39	0.00365
42.4	0.00704
42.41	0.00596
42.42	0.01063
42.43	0.01208
42.44	0.00580
42.45	0.00062
42.46	0.00468
42.47	0.00373
42.48	0.00693
42.49	0.01208
42.5	0.00977
42.51	0.00917
42.52	0.01476
42.53	0.01994
42.54	0.01969
42.55	0.01646
42.56	0.01569
42.57	0.01859
42.58	0.01907
42.59	0.02192
42.6	0.02025
42.61	0.01916
42.62	0.01763
42.63	0.01124
42.64	0.01024
42.65	0.01305
42.66	0.01514
42.67	0.01618
42.68	0.01684
42.69	0.01966
42.7	0.02029
42.71	0.01899
42.72	0.01457
42.73	0.01013
42.74	0.01223
42.75	0.01402
42.76	0.01552
42.77	0.02181
42.78	0.02573
42.79	0.02776
42.8	0.03090
42.81	0.02828
42.82	0.02602
42.83	0.02779
42.84	0.02881
42.85	0.02882
42.86	0.02847
42.87	0.02500
42.88	0.02572
42.89	0.03121
42.9	0.03415
42.91	0.03490
42.92	0.03875
42.93	0.04028
42.94	0.04071
42.95	0.04256
42.96	0.03629
42.97	0.02815
42.98	0.02009
42.99	0.01375
43	0.01473
43.01	0.01530
43.02	0.01818
43.03	0.01999
43.04	0.02285
43.05	0.02281
43.06	0.01719
43.07	0.01294
43.08	0.00855
43.09	0.00118
43.1	-0.00428
43.11	-0.00141
43.12	0.00139
43.13	0.00082
43.14	0.00297
43.15	0.00954
43.16	0.01483
43.17	0.01615
43.18	0.01018
43.19	0.00783
43.2	0.00833
43.21	0.00526
43.22	0.00498
43.23	0.00572
43.24	0.00517
43.25	0.00949
43.26	0.00969
43.27	0.00387
43.28	0.00140
43.29	0.00042
43.3	-0.00129
43.31	-0.00378
43.32	-0.00961
43.33	-0.01297
43.34	-0.00919
43.35	-0.00433
43.36	0.00376
43.37	0.00959
43.38	-0.00048
43.39	-0.00268
43.4	0.00185
43.41	0.00167
43.42	0.00591
43.43	0.01004
43.44	0.01054
43.45	0.00871
43.46	0.00178
43.47	-0.00496
43.48	-0.00720
43.49	-0.00673
43.5	-0.00522
43.51	0.00120
43.52	0.00554
43.53	0.00056
43.54	0.00251
43.55	0.00276
43.56	-0.00025
43.57	0.00265
43.58	-0.00008
43.59	-0.01153
43.6	-0.01895
43.61	-0.02561
43.62	-0.02530
43.63	-0.02214
43.64	-0.02136
43.65	-0.01713
43.66	-0.01132
43.67	-0.01100
43.68	-0.01081
43.69	-0.00881
43.7	-0.01300
43.71	-0.01881
43.72	-0.02080
43.73	-0.02205
43.74	-0.02396
43.75	-0.02157
43.76	-0.02483
43.77	-0.02455
43.78	-0.01951
43.79	-0.01824
43.8	-0.02342
43.81	-0.03207
43.82	-0.03806
43.83	-0.03923
43.84	-0.04233
43.85	-0.04170
43.86	-0.03697
43.87	-0.03201
43.88	-0.02687
43.89	-0.02581
43.9	-0.02518
43.91	-0.02715
43.92	-0.02835
43.93	-0.02468
43.94	-0.01931
43.95	-0.01799
43.96	-0.01585
43.97	-0.02040
43.98	-0.01911
43.99	-0.01139
44	-0.00784
44.01	-0.00251
44.02	-0.00239
44.03	-0.00682
44.04	-0.00853
44.05	-0.00947
44.06	-0.00744
44.07	-0.00185
44.08	0.00268
44.09	0.01169
44.1	0.01687
44.11	0.01821
44.12	0.01514
44.13	0.00857
44.14	0.00154
44.15	0.00409
44.16	0.00887
44.17	0.01463
44.18	0.01838
44.19	0.01661
44.2	0.01348
44.21	0.01614
44.22	0.01629
44.23	0.01889
44.24	0.02069
44.25	0.02624
44.26	0.02721
44.27	0.02763
44.28	0.02684
44.29	0.01958
44.3	0.01513
44.31	0.01495
44.32	0.01713
44.33	0.01853
44.34	0.02100
44.35	0.01900
44.36	0.01404
44.37	0.01043
44.38	0.00912
44.39	0.00645
44.4	0.00385
44.41	0.00028
44.42	-0.00439
44.43	-0.00397
44.44	0.00222
44.45	0.00907
44.46	0.01267
44.47	0.01476
44.48	0.01614
44.49	0.01660
44.5	0.01072
44.51	0.00629
44.52	0.00565
44.53	0.00668
44.54	0.00534
44.55	0.00426
44.56	-0.00142
44.57	0.00162
44.58	0.00408
44.59	0.00263
44.6	0.00188
44.61	0.00447
44.62	0.00767
44.63	0.01025
44.64	0.01347
44.65	0.01473
44.66	0.01639
44.67	0.01931
44.68	0.01997
44.69	0.02225
44.7	0.02695
44.71	0.02731
44.72	0.02375
44.73	0.01932
44.74	0.01473
44.75	0.01138
44.76	0.01007
44.77	0.01218
44.78	0.01818
44.79	0.02537
44.8	0.02763
44.81	0.02536
44.82	0.02478
44.83	0.02311
44.84	0.01826
44.85	0.01903
44.86	0.02142
44.87	0.02385
44.88	0.02535
44.89	0.02450
44.9	0.02000
44.91	0.01446
44.92	0.01092
44.93	0.00761
44.94	0.00242
44.95	0.00468
44.96	0.00794
44.97	0.01104
44.98	0.01303
44.99	0.01800
45	0.02257
45.01	0.02318
45.02	0.02114
45.03	0.02191
45.04	0.01561
45.05	0.01153
45.06	0.01322
45.07	0.00977
45.08	0.00787
45.09	0.01145
45.1	0.01344
45.11	0.01223
45.12	0.01726
45.13	0.01962
45.14	0.01436
45.15	0.01417
45.16	0.01258
45.17	0.01079
45.18	0.01173
45.19	0.01087
45.2	0.01660
45.21	0.01690
45.22	0.01880
45.23	0.01979
45.24	0.02420
45.25	0.03028
45.26	0.02954
45.27	0.03155
45.28	0.03301
45.29	0.03138
45.3	0.02858
45.31	0.02858
45.32	0.02222
45.33	0.01770
45.34	0.02162
45.35	0.02246
45.36	0.01971
45.37	0.02124
45.38	0.01600
45.39	0.00973
45.4	0.01108
45.41	0.01640
45.42	0.01736
45.43	0.01487
45.44	0.01212
45.45	0.00819
45.46	0.00491
45.47	0.00505
45.48	0.00769
45.49	0.00728
45.5	0.00654
45.51	0.00294
45.52	-0.00308
45.53	-0.00338
45.54	-0.00022
45.55	0.00545
45.56	0.00924
45.57	0.01185
45.58	0.01350
45.59	0.01297
45.6	0.00284
45.61	-0.00488
45.62	-0.00552
45.63	-0.00806
45.64	-0.00500
45.65	-0.00175
45.66	-0.00787
45.67	-0.01197
45.68	-0.01330
45.69	-0.01521
45.7	-0.01759
45.71	-0.02292
45.72	-0.02663
45.73	-0.03014
45.74	-0.03409
45.75	-0.03764
45.76	-0.04043
45.77	-0.04206
45.78	-0.04020
45.79	-0.03800
45.8	-0.03756
45.81	-0.03983
45.82	-0.03700
45.83	-0.03727
45.84	-0.03506
45.85	-0.03075
45.86	-0.02522
45.87	-0.01841
45.88	-0.01904
45.89	-0.02015
45.9	-0.01813
45.91	-0.01865
45.92	-0.02035
45.93	-0.02155
45.94	-0.02069
45.95	-0.01728
45.96	-0.01338
45.97	-0.01146
45.98	-0.00888
45.99	-0.00691
46	-0.00518
46.01	0.00148
46.02	0.00208
46.03	-0.00272
46.04	-0.00372
46.05	-0.00734
46.06	-0.00767
46.07	-0.00671
46.08	-0.00801
46.09	-0.00631
46.1	0.00020
46.11	0.00194
46.12	0.00081
46.13	-0.00112
46.14	-0.00212
46.15	-0.00288
46.16	-0.00372
46.17	-0.00133
46.18	-0.00231
46.19	-0.00582
46.2	-0.00797
46.21	-0.00657
46.22	-0.00545
46.23	-0.00299
46.24	-0.00106
46.25	0.00415
46.26	0.00608
46.27	0.00805
46.28	0.00575
46.29	0.00274
46.3	0.00624
46.31	0.00591
46.32	0.00881
46.33	0.00949
46.34	0.00928
46.35	0.00821
46.36	0.00346
46.37	-0.00165
46.38	-0.00399
46.39	-0.00498
46.4	-0.00561
46.41	0.00038
46.42	0.00386
46.43	0.00151
46.44	0.00222
46.45	-0.00302
46.46	-0.00797
46.47	-0.00754
46.48	-0.00867
46.49	-0.00687
46.5	-0.00735
46.51	-0.00634
46.52	-0.00273
46.53	0.00201
46.54	0.00313
46.55	0.00133
46.56	-0.00198
46.57	-0.00481
46.58	-0.00398
46.59	-0.00466
46.6	-0.00757
46.61	-0.00832
46.62	-0.00952
46.63	-0.00930
46.64	-0.00827
46.65	-0.00783
46.66	-0.00616
46.67	-0.00062
46.68	0.00317
46.69	0.00388
46.7	0.00142
46.71	-0.00545
46.72	-0.00977
46.73	-0.00980
46.74	-0.00970
46.75	-0.00700
46.76	-0.00455
46.77	-0.00394
46.78	-0.00155
46.79	-0.00134
46.8	-0.00122
46.81	-0.00177
46.82	-0.00211
46.83	-0.00141
46.84	-0.00308
46.85	-0.00339
46.86	-0.00506
46.87	-0.00448
46.88	-0.00348
46.89	-0.00995
46.9	-0.01084
46.91	-0.00751
46.92	-0.00654
46.93	-0.00778
46.94	-0.00741
46.95	-0.00995
46.96	-0.01178
46.97	-0.01127
46.98	-0.01278
46.99	-0.01529
47	-0.01597
47.01	-0.01722
47.02	-0.01852
47.03	-0.02152
47.04	-0.02149
47.05	-0.02042
47.06	-0.02164
47.07	-0.01532
47.08	-0.00959
47.09	-0.00930
47.1	-0.00771
47.11	-0.01103
47.12	-0.01263
47.13	-0.01076
47.14	-0.01326
47.15	-0.01157
47.16	-0.00874
47.17	-0.01091
47.18	-0.01218
47.19	-0.00861
47.2	-0.01393
47.21	-0.01704
47.22	-0.01610
47.23	-0.01536
47.24	-0.00800
47.25	-0.00735
47.26	-0.00735
47.27	-0.00395
47.28	-0.00351
47.29	-0.00488
47.3	-0.00697
47.31	-0.01317
47.32	-0.01655
47.33	-0.01369
47.34	-0.01280
47.35	-0.01413
47.36	-0.01140
47.37	-0.01026
47.38	-0.00777
47.39	-0.00512
47.4	-0.00416
47.41	-0.00554
47.42	-0.00803
47.43	-0.00966
47.44	-0.00493
47.45	-0.00151
47.46	0.00118
47.47	0.00667
47.48	0.00923
47.49	0.00876
47.5	0.00743
47.51	0.00389
47.52	-0.00145
47.53	-0.00599
47.54	-0.00911
47.55	-0.01124
47.56	-0.01491
47.57	-0.01868
47.58	-0.01902
47.59	-0.01914
47.6	-0.02022
47.61	-0.01836
47.62	-0.01895
47.63	-0.02246
47.64	-0.02502
47.65	-0.02278
47.66	-0.02148
47.67	-0.02305
47.68	-0.02234
47.69	-0.01884
47.7	-0.01775
47.71	-0.01277
47.72	-0.00964
47.73	-0.01016
47.74	-0.00931
47.75	-0.00884
47.76	-0.00974
47.77	-0.01483
47.78	-0.01769
47.79	-0.01416
47.8	-0.01554
47.81	-0.01751
47.82	-0.01475
47.83	-0.01443
47.84	-0.01359
47.85	-0.01353
47.86	-0.01671
47.87	-0.02075
47.88	-0.02357
47.89	-0.02688
47.9	-0.02901
47.91	-0.02673
47.92	-0.02434
47.93	-0.02410
47.94	-0.02298
47.95	-0.02289
47.96	-0.01896
47.97	-0.01631
47.98	-0.02052
47.99	-0.02014
48	-0.01698
48.01	-0.01540
48.02	-0.01286
48.03	-0.01015
48.04	-0.01014
48.05	-0.01033
48.06	-0.00917
48.07	-0.00870
48.08	-0.00691
48.09	-0.00802
48.1	-0.00727
48.11	-0.00900
48.12	-0.01232
48.13	-0.01240
48.14	-0.01012
48.15	-0.01198
48.16	-0.01112
48.17	-0.01087
48.18	-0.01028
48.19	-0.00978
48.2	-0.01520
48.21	-0.01623
48.22	-0.01591
48.23	-0.01672
48.24	-0.01740
48.25	-0.01390
48.26	-0.01007
48.27	-0.00662
48.28	-0.00502
48.29	-0.00861
48.3	-0.00804
48.31	-0.00709
48.32	-0.00728
48.33	-0.00381
48.34	-0.00482
48.35	-0.00754
48.36	-0.00579
48.37	-0.00481
48.38	-0.00225
48.39	0.00165
48.4	0.00340
48.41	0.00285
48.42	0.00550
48.43	0.00703
48.44	0.00575
48.45	0.00415
48.46	0.00293
48.47	0.00517
48.48	0.00882
48.49	0.01104
48.5	0.01189
48.51	0.01249
48.52	0.01183
48.53	0.01227
48.54	0.01165
48.55	0.01312
48.56	0.01099
48.57	0.01201
48.58	0.01261
48.59	0.01021
48.6	0.00811
48.61	0.00895
48.62	0.01286
48.63	0.01443
48.64	0.01622
48.65	0.01526
48.66	0.01104
48.67	0.00837
48.68	0.01058
48.69	0.01211
48.7	0.01020
48.71	0.00988
48.72	0.00954
48.73	0.00855
48.74	0.00701
48.75	0.00460
48.76	0.00295
48.77	0.00398
48.78	0.00861
48.79	0.01443
48.8	0.01952
48.81	0.02125
48.82	0.02102
48.83	0.02051
48.84	0.01616
48.85	0.01548
48.86	0.01809
48.87	0.01436
48.88	0.01312
48.89	0.01314
48.9	0.01084
48.91	0.00714
48.92	0.00428
48.93	0.00380
48.94	0.00497
48.95	0.00452
48.96	0.00405
48.97	0.00419
48.98	0.00309
48.99	0.00141
49	-0.00329
49.01	-0.00306
49.02	-0.00146
49.03	0.00052
49.04	0.00461
49.05	0.00606
49.06	0.00683
49.07	0.01132
49.08	0.01526
49.09	0.01706
49.1	0.01698
49.11	0.01472
49.12	0.01610
49.13	0.01449
49.14	0.01203
49.15	0.01090
49.16	0.01017
49.17	0.00795
49.18	0.00630
49.19	0.00341
49.2	0.00302
49.21	0.00124
49.22	0.00007
49.23	0.00153
49.24	0.00085
49.25	0.00205
49.26	0.00708
49.27	0.01217
49.28	0.01410
49.29	0.01600
49.3	0.01424
49.31	0.01500
49.32	0.01769
49.33	0.01519
49.34	0.01404
49.35	0.01344
49.36	0.01045
49.37	0.00872
49.38	0.00850
49.39	0.00588
49.4	0.00444
49.41	0.00308
49.42	0.00069
49.43	0.00068
49.44	-0.00022
49.45	-0.00001
49.46	0.00114
49.47	-0.00100
49.48	0.00090
49.49	0.00205
49.5	0.00128
49.51	0.00075
49.52	-0.00302
49.53	-0.00685
49.54	-0.00607
49.55	-0.00801
49.56	-0.01347
49.57	-0.01124
49.58	-0.00907
49.59	-0.00568
49.6	-0.00278
49.61	0.00018
49.62	0.00268
49.63	0.00325
49.64	0.00569
49.65	0.00381
49.66	0.00138
49.67	-0.00040
49.68	-0.00241
49.69	-0.00057
49.7	0.00156
49.71	0.00536
49.72	0.01043
49.73	0.01085
49.74	0.01163
49.75	0.01194
49.76	0.00946
49.77	0.00630
49.78	0.00504
49.79	0.00672
49.8	0.00641
49.81	0.00750
49.82	0.00885
49.83	0.00984
49.84	0.01177
49.85	0.00786
49.86	0.00850
49.87	0.01630
49.88	0.01949
49.89	0.01719
49.9	0.01713
49.91	0.01317
49.92	0.00617
49.93	0.00218
49.94	0.00350
49.95	0.00932
49.96	0.00920
49.97	0.00518
49.98	0.00532
49.99	0.00805
50	0.01134
50.01	0.01161
50.02	0.00994
50.03	0.00911
50.04	0.00815
50.05	0.01379
50.06	0.01586
50.07	0.01380
50.08	0.01402
50.09	0.01501
50.1	0.01463
50.11	0.01472
50.12	0.01349
50.13	0.01270
50.14	0.01082
50.15	0.01180
50.16	0.00882
50.17	0.00742
50.18	0.00945
50.19	0.01255
50.2	0.02192
50.21	0.02835
50.22	0.02795
50.23	0.02523
50.24	0.02397
50.25	0.01951
50.26	0.01660
50.27	0.01866
50.28	0.01881
50.29	0.02140
50.3	0.02366
50.31	0.02263
50.32	0.02033
50.33	0.01942
50.34	0.01781
50.35	0.01874
50.36	0.01999
50.37	0.01970
50.38	0.01836
50.39	0.01824
50.4	0.01683
50.41	0.01170
50.42	0.01228
50.43	0.01173
50.44	0.01092
50.45	0.01156
50.46	0.01184
50.47	0.01198
50.48	0.01280
50.49	0.01099
50.5	0.00704
50.51	0.00493
50.52	0.00209
50.53	-0.00095
50.54	-0.00131
50.55	-0.00405
50.56	-0.00124
50.57	-0.00019
50.58	-0.00233
50.59	-0.00192
50.6	0.00010
50.61	0.00160
50.62	0.00535
50.63	0.00598
50.64	0.00626
50.65	0.00703
50.66	0.00491
50.67	0.00347
50.68	0.00285
50.69	0.00305
50.7	0.00534
50.71	0.00772
50.72	0.00861
50.73	0.00974
50.74	0.00802
50.75	0.00908
50.76	0.00714
50.77	0.00337
50.78	0.00268
50.79	0.00383
50.8	0.00410
50.81	0.00540
50.82	0.00687
50.83	0.00631
50.84	0.00509
50.85	0.00692
50.86	0.00797
50.87	0.00909
50.88	0.01170
50.89	0.01255
50.9	0.01267
50.91	0.01052
50.92	0.01149
50.93	0.01227
50.94	0.01252
50.95	0.01098
50.96	0.01341
50.97	0.01502
50.98	0.01430
50.99	0.01239
51	0.00768
51.01	0.00563
51.02	0.00584
51.03	0.00980
51.04	0.01215
51.05	0.01216
51.06	0.01070
51.07	0.01486
51.08	0.01530
51.09	0.01444
51.1	0.01554
51.11	0.01466
51.12	0.01698
51.13	0.01829
51.14	0.01839
51.15	0.01817
51.16	0.01734
51.17	0.01857
51.18	0.01819
51.19	0.01374
51.2	0.00966
51.21	0.00700
51.22	0.00753
51.23	0.00683
51.24	0.00681
51.25	0.00575
51.26	0.00281
51.27	0.00012
51.28	-0.00190
51.29	-0.00213
51.3	0.00025
51.31	0.00277
51.32	0.00166
51.33	-0.00042
51.34	0.00034
51.35	0.00319
51.36	0.00242
51.37	0.00471
51.38	0.00235
51.39	0.00277
51.4	0.00494
51.41	0.00388
51.42	0.00205
51.43	0.00145
51.44	0.00028
51.45	0.00267
51.46	0.00284
51.47	0.00296
51.48	0.00291
51.49	0.00135
51.5	-0.00351
51.51	-0.00656
51.52	-0.01080
51.53	-0.01213
51.54	-0.01087
51.55	-0.01175
51.56	-0.01471
51.57	-0.01408
51.58	-0.01627
51.59	-0.01882
51.6	-0.01952
51.61	-0.01755
51.62	-0.01756
51.63	-0.01881
51.64	-0.02022
51.65	-0.02011
51.66	-0.02749
51.67	-0.02608
51.68	-0.02355
51.69	-0.01768
51.7	-0.01727
51.71	-0.01671
51.72	-0.01247
51.73	-0.00867
51.74	-0.00675
51.75	-0.00569
51.76	-0.00639
51.77	-0.00607
51.78	-0.00458
51.79	-0.00214
51.8	-0.00312
51.81	0.00085
51.82	0.00195
51.83	0.00285
51.84	0.00294
51.85	0.00280
51.86	0.00634
51.87	0.01074
51.88	0.01274
51.89	0.01328
51.9	0.01102
51.91	0.01199
51.92	0.01398
51.93	0.01003
51.94	0.00783
51.95	0.00753
51.96	0.00480
51.97	0.00481
51.98	0.00308
51.99	0.00351
52	0.00309
52.01	0.00190
52.02	0.00135
52.03	0.00266
52.04	0.00633
52.05	0.00583
52.06	0.00437
52.07	0.00499
52.08	0.00582
52.09	0.00659
52.1	0.00784
52.11	0.00711
52.12	0.00596
52.13	0.00405
52.14	-0.00142
52.15	-0.00528
52.16	-0.00531
52.17	-0.00401
52.18	-0.00008
52.19	-0.00141
52.2	-0.00747
52.21	-0.00550
52.22	-0.00388
52.23	-0.00498
52.24	-0.00281
52.25	-0.00404
52.26	-0.00509
52.27	-0.00403
52.28	-0.00674
52.29	-0.00667
52.3	-0.00702
52.31	-0.00664
52.32	-0.00488
52.33	-0.00531
52.34	-0.00307
52.35	-0.00399
52.36	-0.00388
52.37	-0.00588
52.38	-0.01100
52.39	-0.00882
52.4	-0.00689
52.41	-0.00920
52.42	-0.00792
52.43	-0.00334
52.44	-0.00205
52.45	-0.00105
52.46	-0.00174
52.47	-0.00488
52.48	-0.00598
52.49	-0.00807
52.5	-0.01183
52.51	-0.01305
52.52	-0.01282
52.53	-0.01715
52.54	-0.01420
52.55	-0.01230
52.56	-0.01363
52.57	-0.01286
52.58	-0.01429
52.59	-0.01409
52.6	-0.01030
52.61	-0.01037
52.62	-0.01353
52.63	-0.01581
52.64	-0.01695
52.65	-0.01401
52.66	-0.01146
52.67	-0.01125
52.68	-0.00854
52.69	-0.00815
52.7	-0.00717
52.71	-0.00558
52.72	-0.00744
52.73	-0.00785
52.74	-0.00969
52.75	-0.00846
52.76	-0.00641
52.77	-0.00814
52.78	-0.00902
52.79	-0.00707
52.8	-0.00477
52.81	-0.00831
52.82	-0.01142
52.83	-0.01128
52.84	-0.01345
52.85	-0.01367
52.86	-0.01443
52.87	-0.01644
52.88	-0.01686
52.89	-0.01686
52.9	-0.01630
52.91	-0.01395
52.92	-0.01186
52.93	-0.01080
52.94	-0.01093
52.95	-0.01286
52.96	-0.01276
52.97	-0.01298
52.98	-0.01147
52.99	-0.00982
53	-0.01032
53.01	-0.00852
53.02	-0.00870
53.03	-0.00795
53.04	-0.00352
53.05	-0.00436
53.06	-0.00851
53.07	-0.01271
53.08	-0.01232
53.09	-0.01102
53.1	-0.01112
53.11	-0.01231
53.12	-0.01355
53.13	-0.01352
53.14	-0.01388
53.15	-0.01612
53.16	-0.01992
53.17	-0.02165
53.18	-0.02002
53.19	-0.01728
53.2	-0.01457
53.21	-0.01305
53.22	-0.01078
53.23	-0.01472
53.24	-0.01749
53.25	-0.01854
53.26	-0.01645
53.27	-0.01432
53.28	-0.01337
53.29	-0.01182
53.3	-0.00947
53.31	-0.00953
53.32	-0.00743
53.33	-0.00691
53.34	-0.00787
53.35	-0.00874
53.36	-0.00665
53.37	-0.00648
53.38	-0.00654
53.39	-0.00781
53.4	-0.01122
53.41	-0.01320
53.42	-0.01321
53.43	-0.01178
53.44	-0.00761
53.45	-0.00982
53.46	-0.01056
53.47	-0.01100
53.48	-0.01196
53.49	-0.01100
53.5	-0.01284
53.51	-0.01305
53.52	-0.01380
53.53	-0.01529
53.54	-0.01625
53.55	-0.01522
53.56	-0.01451
53.57	-0.01593
53.58	-0.01520
53.59	-0.01593
53.6	-0.01566
53.61	-0.01664
53.62	-0.01859
53.63	-0.01880
53.64	-0.01813
53.65	-0.01773
53.66	-0.01797
53.67	-0.01782
53.68	-0.01926
53.69	-0.01915
53.7	-0.01935
53.71	-0.02086
53.72	-0.02493
53.73	-0.02349
53.74	-0.02169
53.75	-0.01915
53.76	-0.01515
53.77	-0.01340
53.78	-0.01267
53.79	-0.01045
53.8	-0.00988
53.81	-0.00977
53.82	-0.01014
53.83	-0.01215
53.84	-0.01049
53.85	-0.01070
53.86	-0.01310
53.87	-0.01297
53.88	-0.01313
53.89	-0.00890
53.9	-0.00643
53.91	-0.00560
53.92	-0.00677
53.93	-0.01022
53.94	-0.00854
53.95	-0.00742
53.96	-0.00802
53.97	-0.00961
53.98	-0.01104
53.99	-0.00987
54	-0.00899
54.01	-0.00692
54.02	-0.00639
54.03	-0.00505
54.04	-0.00152
54.05	-0.00080
54.06	-0.00127
54.07	-0.00005
54.08	0.00002
54.09	0.00081
54.1	0.00258
54.11	0.00293
54.12	0.00654
54.13	0.00837
54.14	0.00834
54.15	0.00868
54.16	0.00741
54.17	0.00315
54.18	0.00221
54.19	0.00634
54.2	0.00523
54.21	0.00130
54.22	0.00178
54.23	0.00383
54.24	0.00768
54.25	0.01222
54.26	0.00953
54.27	0.00660
54.28	0.00867
54.29	0.01002
54.3	0.00904
54.31	0.00722
54.32	0.00447
54.33	0.00117
54.34	-0.00225
54.35	-0.00239
54.36	-0.00501
54.37	-0.00671
54.38	-0.00647
54.39	-0.00884
54.4	-0.00638
54.41	-0.00755
54.42	-0.00950
54.43	-0.00935
54.44	-0.00600
54.45	-0.00558
54.46	-0.00521
54.47	-0.00378
54.48	-0.00402
54.49	-0.00255
54.5	-0.00122
54.51	-0.00247
54.52	-0.00341
54.53	-0.00381
54.54	-0.00518
54.55	-0.00568
54.56	-0.00715
54.57	-0.00936
54.58	-0.00727
54.59	-0.00604
54.6	-0.00588
54.61	-0.00231
54.62	-0.00173
54.63	-0.00505
54.64	-0.00664
54.65	-0.00939
54.66	-0.01239
54.67	-0.01332
54.68	-0.01412
54.69	-0.01374
54.7	-0.01238
54.71	-0.01169
54.72	-0.01029
54.73	-0.00629
54.74	-0.00443
54.75	-0.00138
54.76	-0.00308
54.77	-0.00657
54.78	-0.00805
54.79	-0.00918
54.8	-0.00971
54.81	-0.00895
54.82	-0.00959
54.83	-0.00944
54.84	-0.00701
54.85	-0.00562
54.86	-0.00555
54.87	-0.00801
54.88	-0.00709
54.89	-0.00697
54.9	-0.00458
54.91	-0.00295
54.92	-0.00150
54.93	-0.00124
54.94	0.00122
54.95	0.00213
54.96	0.00248
54.97	0.00214
54.98	0.00238
54.99	0.00251
55	0.00232
55.01	0.00032
55.02	0.00008
55.03	-0.00011
55.04	-0.00318
55.05	-0.00355
55.06	-0.00514
55.07	-0.00191
55.08	0.00161
55.09	0.00148
55.1	0.00371
55.11	0.00610
55.12	0.00419
55.13	0.00543
55.14	0.00484
55.15	0.00751
55.16	0.00954
55.17	0.01127
55.18	0.01269
55.19	0.01253
55.2	0.01141
55.21	0.00908
55.22	0.00731
55.23	0.00461
55.24	0.00469
55.25	0.00419
55.26	0.00517
55.27	0.00755
55.28	0.00781
55.29	0.00618
55.3	0.01007
55.31	0.01209
55.32	0.01259
55.33	0.01136
55.34	0.01187
55.35	0.00985
55.36	0.00945
55.37	0.00804
55.38	0.01090
55.39	0.01263
55.4	0.01263
55.41	0.01451
55.42	0.01536
55.43	0.01353
55.44	0.01471
55.45	0.01553
55.46	0.01442
55.47	0.01383
55.48	0.01330
55.49	0.01300
55.5	0.01469
55.51	0.01442
55.52	0.01613
55.53	0.01552
55.54	0.01685
55.55	0.02015
55.56	0.01726
55.57	0.01411
55.58	0.01486
55.59	0.01489
55.6	0.01436
55.61	0.01605
55.62	0.01866
55.63	0.02083
55.64	0.02233
55.65	0.02143
55.66	0.01967
55.67	0.01929
55.68	0.01935
55.69	0.01796
55.7	0.01723
55.71	0.01839
55.72	0.01915
55.73	0.01808
55.74	0.01512
55.75	0.01152
55.76	0.01368
55.77	0.01683
55.78	0.01916
55.79	0.02036
55.8	0.01876
55.81	0.01679
55.82	0.02016
55.83	0.01967
55.84	0.02105
55.85	0.02480
55.86	0.02391
55.87	0.02405
55.88	0.02137
55.89	0.01996
55.9	0.02061
55.91	0.02129
55.92	0.02467
55.93	0.02779
55.94	0.02964
55.95	0.03152
55.96	0.03038
55.97	0.02998
55.98	0.02765
55.99	0.02466
56	0.02253
56.01	0.02223
56.02	0.02079
56.03	0.01976
56.04	0.02097
56.05	0.01876
56.06	0.01518
56.07	0.01669
56.08	0.01653
56.09	0.01421
56.1	0.01340
56.11	0.01144
56.12	0.00744
56.13	0.00779
56.14	0.00904
56.15	0.00982
56.16	0.01221
56.17	0.01224
56.18	0.01337
56.19	0.01526
56.2	0.01420
56.21	0.01073
56.22	0.00618
56.23	0.00441
56.24	0.00411
56.25	0.00611
56.26	0.00457
56.27	0.00585
56.28	0.00734
56.29	0.00712
56.3	0.00628
56.31	0.00678
56.32	0.00761
56.33	0.00807
56.34	0.00901
56.35	0.00917
56.36	0.01084
56.37	0.01056
56.38	0.01137
56.39	0.01075
56.4	0.01307
56.41	0.01282
56.42	0.01471
56.43	0.01699
56.44	0.01806
56.45	0.01903
56.46	0.01861
56.47	0.01761
56.48	0.01532
56.49	0.01606
56.5	0.01158
56.51	0.00758
56.52	0.01040
56.53	0.01001
56.54	0.01157
56.55	0.01486
56.56	0.01666
56.57	0.01610
56.58	0.01436
56.59	0.01180
56.6	0.01158
56.61	0.01102
56.62	0.01207
56.63	0.01037
56.64	0.01141
56.65	0.00958
56.66	0.00914
56.67	0.00847
56.68	0.00998
56.69	0.00658
56.7	0.00512
56.71	0.00243
56.72	0.00118
56.73	0.00289
56.74	0.00308
56.75	0.00047
56.76	0.00104
56.77	0.00134
56.78	-0.00038
56.79	-0.00092
56.8	0.00195
56.81	0.00516
56.82	0.00398
56.83	0.00495
56.84	0.00305
56.85	0.00048
56.86	-0.00111
56.87	-0.00278
56.88	-0.00558
56.89	-0.00737
56.9	-0.00701
56.91	-0.00475
56.92	-0.00529
56.93	-0.00697
56.94	-0.00722
56.95	-0.00401
56.96	-0.00343
56.97	-0.00424
56.98	-0.00510
56.99	-0.00456
57	-0.00574
57.01	-0.00402
57.02	-0.00223
57.03	-0.00324
57.04	-0.00388
57.05	-0.00157
57.06	-0.00179
57.07	-0.00169
57.08	-0.00161
57.09	-0.00107
57.1	0.00139
57.11	0.00357
57.12	0.00424
57.13	0.00514
57.14	0.00602
57.15	0.00589
57.16	0.00488
57.17	0.00184
57.18	0.00038
57.19	-0.00131
57.2	-0.00072
57.21	0.00301
57.22	0.00087
57.23	0.00257
57.24	0.00365
57.25	0.00723
57.26	0.01021
57.27	0.01115
57.28	0.01164
57.29	0.01364
57.3	0.01253
57.31	0.01212
57.32	0.01130
57.33	0.00990
57.34	0.00913
57.35	0.01024
57.36	0.01038
57.37	0.00633
57.38	0.00465
57.39	0.00260
57.4	0.00120
57.41	0.00095
57.42	0.00004
57.43	0.00176
57.44	0.00460
57.45	0.00470
57.46	0.00461
57.47	0.00421
57.48	0.00467
57.49	0.00747
57.5	0.00814
57.51	0.00675
57.52	0.00653
57.53	0.00488
57.54	0.00246
57.55	0.00156
57.56	0.00112
57.57	0.00135
57.58	0.00194
57.59	0.00172
57.6	0.00108
57.61	0.00138
57.62	-0.00032
57.63	-0.00130
57.64	-0.00278
57.65	-0.00448
57.66	-0.00494
57.67	-0.00442
57.68	-0.00339
57.69	-0.00454
57.7	-0.00461
57.71	-0.00605
57.72	-0.00911
57.73	-0.00991
57.74	-0.01215
57.75	-0.01277
57.76	-0.01402
57.77	-0.01568
57.78	-0.01556
57.79	-0.01699
57.8	-0.01651
57.81	-0.01446
57.82	-0.01381
57.83	-0.01157
57.84	-0.01097
57.85	-0.01274
57.86	-0.01503
57.87	-0.01563
57.88	-0.01788
57.89	-0.01751
57.9	-0.01744
57.91	-0.01360
57.92	-0.01269
57.93	-0.01313
57.94	-0.01367
57.95	-0.01452
57.96	-0.01439
57.97	-0.01376
57.98	-0.01582
57.99	-0.01685
58	-0.01610
58.01	-0.01630
58.02	-0.01446
58.03	-0.01213
58.04	-0.01087
58.05	-0.01004
58.06	-0.01093
58.07	-0.01168
58.08	-0.01347
58.09	-0.01443
58.1	-0.01480
58.11	-0.01347
58.12	-0.01170
58.13	-0.01070
58.14	-0.01275
58.15	-0.01154
58.16	-0.01180
58.17	-0.01168
58.18	-0.01158
58.19	-0.01242
58.2	-0.01084
58.21	-0.00917
58.22	-0.00790
58.23	-0.00791
58.24	-0.00920
58.25	-0.00959
58.26	-0.01104
58.27	-0.00967
58.28	-0.00940
58.29	-0.01230
58.3	-0.01387
58.31	-0.01541
58.32	-0.01690
58.33	-0.01716
58.34	-0.01783
58.35	-0.01803
58.36	-0.01704
58.37	-0.01656
58.38	-0.01598
58.39	-0.01463
58.4	-0.01438
58.41	-0.01450
58.42	-0.01355
58.43	-0.01286
58.44	-0.01486
58.45	-0.01385
58.46	-0.01446
58.47	-0.01553
58.48	-0.01724
58.49	-0.01574
58.5	-0.01549
58.51	-0.01596
58.52	-0.01506
58.53	-0.01298
58.54	-0.01304
58.55	-0.01250
58.56	-0.01135
58.57	-0.01014
58.58	-0.00875
58.59	-0.00713
58.6	-0.00654
58.61	-0.00687
58.62	-0.00769
58.63	-0.00679
58.64	-0.00867
58.65	-0.00932
58.66	-0.00991
58.67	-0.01028
58.68	-0.00904
58.69	-0.00822
58.7	-0.00854
58.71	-0.00720
58.72	-0.00754
58.73	-0.00671
58.74	-0.00754
58.75	-0.00724
58.76	-0.00661
58.77	-0.00658
58.78	-0.00728
58.79	-0.00736
58.8	-0.00588
58.81	-0.00536
58.82	-0.00488
58.83	-0.00711
58.84	-0.00758
58.85	-0.00739
58.86	-0.00686
58.87	-0.00612
58.88	-0.00534
58.89	-0.00558
58.9	-0.00527
58.91	-0.00438
58.92	-0.00486
58.93	-0.00474
58.94	-0.00454
58.95	-0.00477
58.96	-0.00390
58.97	-0.00400
58.98	-0.00440
58.99	-0.00468
59	-0.00502
59.01	-0.00523
59.02	-0.00494
59.03	-0.00362
59.04	-0.00298
59.05	-0.00331
59.06	-0.00229
59.07	-0.00221
59.08	-0.00310
59.09	-0.00291
59.1	-0.00337
59.11	-0.00325
59.12	-0.00334
59.13	-0.00187
59.14	-0.00075
59.15	-0.00100
59.16	-0.00063
59.17	-0.00086
59.18	-0.00131
59.19	-0.00086
59.2	-0.00191
59.21	-0.00241
59.22	-0.00163
59.23	-0.00096
59.24	-0.00038
59.25	0.00042
59.26	-0.00005
59.27	-0.00066
59.28	0.00049
59.29	0.00058
59.3	0.00078
59.31	0.00225
59.32	0.00178
59.33	0.00138
59.34	0.00141
59.35	0.00118
59.36	0.00161
59.37	0.00135
59.38	0.00208
59.39	0.00419
59.4	0.00488
59.41	0.00447
59.42	0.00425
59.43	0.00375
59.44	0.00382
59.45	0.00393
59.46	0.00398
59.47	0.00405
59.48	0.00418
59.49	0.00412
59.5	0.00402
59.51	0.00449
59.52	0.00487
59.53	0.00428
59.54	0.00405
59.55	0.00478
59.56	0.00406
59.57	0.00375
59.58	0.00444
59.59	0.00471
59.6	0.00415
59.61	0.00366
59.62	0.00398
59.63	0.00411
59.64	0.00361
59.65	0.00297
59.66	0.00276
59.67	0.00248
59.68	0.00229
59.69	0.00267
59.7	0.00250
59.71	0.00205
59.72	0.00265
59.73	0.00310
59.74	0.00334
59.75	0.00325
59.76	0.00338
59.77	0.00398
59.78	0.00364
59.79	0.00345
59.8	0.00352
59.81	0.00328
59.82	0.00295
59.83	0.00290
59.84	0.00288
59.85	0.00289
59.86	0.00295
59.87	0.00271
59.88	0.00238
59.89	0.00252
59.9	0.00251
59.91	0.00250
59.92	0.00225
59.93	0.00239
59.94	0.00248
59.95	0.00236
59.96	0.00246
59.97	0.00226
59.98	0.00178
59.99	0.00175
60	0.00198
60.01	0.00198
60.02	0.00225
60.03	0.00213
60.04	0.00204
60.05	0.00214
60.06	0.00148
60.07	0.00161
60.08	0.00167
60.09	0.00164
60.1	0.00146
60.11	0.00191
60.12	0.00215
60.13	0.00214
60.14	0.00236
60.15	0.00275
60.16	0.00281
60.17	0.00285
60.18	0.00302
60.19	0.00293
60.2	0.00306
60.21	0.00331
60.22	0.00346
60.23	0.00360
60.24	0.00363
60.25	0.00337
60.26	0.00324
60.27	0.00301
60.28	0.00281
60.29	0.00283
60.3	0.00308
60.31	0.00323
60.32	0.00325
60.33	0.00329
60.34	0.00301
60.35	0.00290
60.36	0.00280
60.37	0.00268
60.38	0.00271
60.39	0.00278
60.4	0.00295
60.41	0.00335
60.42	0.00335
60.43	0.00318
60.44	0.00306
60.45	0.00282
60.46	0.00267
60.47	0.00261
60.48	0.00259
60.49	0.00258
60.5	0.00247
60.51	0.00260
60.52	0.00271
60.53	0.00258
60.54	0.00258
60.55	0.00251
60.56	0.00245
60.57	0.00235
60.58	0.00225
60.59	0.00213
60.6	0.00210
60.61	0.00212
60.62	0.00215
60.63	0.00216
60.64	0.00216
60.65	0.00205
60.66	0.00187
60.67	0.00175
60.68	0.00163
60.69	0.00158
60.7	0.00155
60.71	0.00141
60.72	0.00135
60.73	0.00126
60.74	0.00122
60.75	0.00114
60.76	0.00109
60.77	0.00107
60.78	0.00107
60.79	0.00097
60.8	0.00092
60.81	0.00091
60.82	0.00087
60.83	0.00083
60.84	0.00085
60.85	0.00085
60.86	0.00081
60.87	0.00075
60.88	0.00075
60.89	0.00075
60.9	0.00075
60.91	0.00073
60.92	0.00068
60.93	0.00062
60.94	0.00059
60.95	0.00059
60.96	0.00060
60.97	0.00058
60.98	0.00052
60.99	0.00055
61	0.00056
61.01	0.00052
61.02	0.00052
61.03	0.00049
61.04	0.00044
61.05	0.00043
61.06	0.00038
61.07	0.00035
61.08	0.00032
61.09	0.00033
61.1	0.00032
61.11	0.00028
61.12	0.00027
61.13	0.00025
61.14	0.00025
61.15	0.00023
61.16	0.00022
61.17	0.00018
61.18	0.00018
61.19	0.00017
61.2	0.00015
61.21	0.00014
61.22	0.00015
61.23	0.00013
61.24	0.00012
61.25	0.00010
61.26	0.00008
61.27	0.00008
61.28	0.00007
61.29	0.00006
61.3	0.00005
61.31	0.00005
61.32	0.00004
61.33	0.00004
61.34	0.00004
61.35	0.00003
61.36	0.00002
61.37	0.00001
61.38	0.00000
61.39	-0.00001
61.4	-0.00002
61.41	-0.00002
61.42	-0.00004
61.43	-0.00004
61.44	-0.00004
61.45	-0.00005
61.46	-0.00005
61.47	-0.00005
61.48	-0.00006
61.49	-0.00007
61.5	-0.00008
61.51	-0.00008
61.52	-0.00008
61.53	-0.00008
61.54	-0.00009
61.55	-0.00010
61.56	-0.00010
61.57	-0.00011
61.58	-0.00011
61.59	-0.00011
61.6	-0.00011
61.61	-0.00012
61.62	-0.00012
61.63	-0.00012
61.64	-0.00013
61.65	-0.00013
61.66	-0.00013
61.67	-0.00014
61.68	-0.00014
61.69	-0.00015
61.7	-0.00015
61.71	-0.00015
61.72	-0.00015
61.73	-0.00015
61.74	-0.00016
61.75	-0.00016
61.76	-0.00016
61.77	-0.00017
61.78	-0.00017
61.79	-0.00017
61.8	-0.00018
61.81	-0.00018
61.82	-0.00018
61.83	-0.00018
61.84	-0.00018
61.85	-0.00018
61.86	-0.00018
61.87	-0.00018
61.88	-0.00018
61.89	-0.00018
61.9	-0.00018
61.91	-0.00018
61.92	-0.00018
61.93	-0.00018
61.94	-0.00018