t(s)	a(g)
0	0.00000
0.01	-0.00045
0.02	-0.00045
0.03	-0.00045
0.04	-0.00045
0.05	-0.00045
0.06	-0.00045
0.07	-0.00045
0.08	-0.00045
0.09	-0.00045
0.1	-0.00045
0.11	-0.00045
0.12	-0.00043
0.13	-0.00045
0.14	-0.00044
0.15	-0.00044
0.16	-0.00045
0.17	-0.00042
0.18	-0.00045
0.19	-0.00044
0.2	-0.00043
0.21	-0.00045
0.22	-0.00042
0.23	-0.00042
0.24	-0.00042
0.25	-0.00043
0.26	-0.00045
0.27	-0.00048
0.28	-0.00042
0.29	-0.00041
0.3	-0.00043
0.31	-0.00040
0.32	-0.00041
0.33	-0.00045
0.34	-0.00036
0.35	-0.00046
0.36	-0.00040
0.37	-0.00039
0.38	-0.00039
0.39	-0.00038
0.4	-0.00039
0.41	-0.00039
0.42	-0.00042
0.43	-0.00045
0.44	-0.00038
0.45	-0.00041
0.46	-0.00027
0.47	-0.00038
0.48	-0.00042
0.49	-0.00035
0.5	-0.00043
0.51	-0.00035
0.52	-0.00045
0.53	-0.00035
0.54	-0.00029
0.55	-0.00053
0.56	-0.00040
0.57	-0.00035
0.58	-0.00028
0.59	-0.00054
0.6	-0.00035
0.61	-0.00029
0.62	-0.00032
0.63	-0.00061
0.64	-0.00023
0.65	-0.00032
0.66	-0.00032
0.67	-0.00056
0.68	-0.00038
0.69	-0.00032
0.7	-0.00038
0.71	-0.00024
0.72	-0.00047
0.73	-0.00028
0.74	-0.00028
0.75	-0.00033
0.76	-0.00025
0.77	-0.00018
0.78	-0.00015
0.79	-0.00032
0.8	-0.00022
0.81	-0.00014
0.82	-0.00051
0.83	-0.00035
0.84	-0.00031
0.85	-0.00054
0.86	-0.00037
0.87	-0.00038
0.88	-0.00044
0.89	-0.00042
0.9	-0.00022
0.91	-0.00040
0.92	-0.00058
0.93	-0.00038
0.94	0.00039
0.95	0.00008
0.96	-0.00021
0.97	0.00004
0.98	-0.00028
0.99	-0.00068
1	-0.00020
1.01	-0.00059
1.02	-0.00012
1.03	-0.00075
1.04	-0.00096
1.05	-0.00012
1.06	-0.00094
1.07	-0.00012
1.08	-0.00051
1.09	-0.00042
1.1	-0.00025
1.11	-0.00006
1.12	-0.00053
1.13	-0.00059
1.14	0.00005
1.15	-0.00026
1.16	-0.00021
1.17	-0.00003
1.18	-0.00042
1.19	-0.00077
1.2	0.00001
1.21	-0.00014
1.22	0.00018
1.23	-0.00050
1.24	0.00006
1.25	-0.00122
1.26	-0.00078
1.27	-0.00008
1.28	0.00016
1.29	-0.00028
1.3	-0.00004
1.31	0.00052
1.32	-0.00042
1.33	0.00010
1.34	-0.00141
1.35	-0.00011
1.36	0.00055
1.37	0.00008
1.38	-0.00012
1.39	-0.00050
1.4	-0.00073
1.41	-0.00030
1.42	-0.00010
1.43	0.00039
1.44	0.00043
1.45	-0.00050
1.46	0.00012
1.47	-0.00058
1.48	0.00011
1.49	0.00028
1.5	-0.00082
1.51	-0.00088
1.52	0.00044
1.53	-0.00013
1.54	-0.00086
1.55	-0.00087
1.56	-0.00016
1.57	-0.00058
1.58	0.00032
1.59	0.00025
1.6	0.00052
1.61	0.00004
1.62	-0.00005
1.63	-0.00053
1.64	0.00084
1.65	-0.00059
1.66	-0.00042
1.67	-0.00057
1.68	-0.00122
1.69	-0.00024
1.7	-0.00015
1.71	0.00090
1.72	0.00035
1.73	-0.00049
1.74	-0.00017
1.75	0.00004
1.76	0.00112
1.77	-0.00032
1.78	0.00050
1.79	0.00104
1.8	0.00045
1.81	0.00038
1.82	-0.00134
1.83	0.00030
1.84	0.00029
1.85	-0.00048
1.86	-0.00115
1.87	0.00056
1.88	-0.00089
1.89	0.00010
1.9	-0.00058
1.91	-0.00073
1.92	-0.00058
1.93	-0.00059
1.94	0.00052
1.95	-0.00095
1.96	-0.00022
1.97	0.00020
1.98	0.00061
1.99	-0.00087
2	0.00055
2.01	0.00094
2.02	-0.00055
2.03	0.00005
2.04	-0.00160
2.05	-0.00109
2.06	0.00058
2.07	0.00002
2.08	0.00042
2.09	0.00009
2.1	-0.00162
2.11	0.00044
2.12	-0.00002
2.13	0.00018
2.14	-0.00050
2.15	0.00035
2.16	-0.00101
2.17	-0.00026
2.18	-0.00022
2.19	0.00162
2.2	-0.00128
2.21	-0.00014
2.22	0.00115
2.23	0.00018
2.24	-0.00074
2.25	0.00019
2.26	0.00222
2.27	0.00045
2.28	-0.00138
2.29	0.00109
2.3	-0.00062
2.31	-0.00084
2.32	-0.00029
2.33	-0.00186
2.34	0.00083
2.35	0.00074
2.36	0.00125
2.37	-0.00157
2.38	0.00122
2.39	0.00129
2.4	0.00082
2.41	-0.00154
2.42	0.00070
2.43	0.00145
2.44	0.00035
2.45	0.00094
2.46	0.00019
2.47	0.00199
2.48	0.00186
2.49	-0.00056
2.5	0.00250
2.51	0.00073
2.52	-0.00032
2.53	-0.00026
2.54	0.00015
2.55	-0.00052
2.56	0.00080
2.57	-0.00025
2.58	-0.00057
2.59	0.00000
2.6	0.00001
2.61	-0.00070
2.62	-0.00053
2.63	0.00020
2.64	0.00012
2.65	0.00125
2.66	0.00015
2.67	-0.00094
2.68	-0.00096
2.69	0.00035
2.7	0.00052
2.71	0.00112
2.72	0.00096
2.73	0.00052
2.74	-0.00010
2.75	0.00129
2.76	0.00013
2.77	0.00075
2.78	-0.00039
2.79	-0.00055
2.8	0.00045
2.81	-0.00057
2.82	0.00012
2.83	-0.00135
2.84	-0.00016
2.85	0.00118
2.86	0.00055
2.87	-0.00088
2.88	0.00071
2.89	-0.00045
2.9	0.00013
2.91	0.00086
2.92	-0.00133
2.93	0.00045
2.94	0.00022
2.95	0.00068
2.96	0.00230
2.97	-0.00038
2.98	0.00045
2.99	0.00065
3	-0.00153
3.01	0.00151
3.02	0.00106
3.03	0.00102
3.04	0.00096
3.05	-0.00047
3.06	-0.00189
3.07	0.00125
3.08	-0.00027
3.09	0.00010
3.1	0.00035
3.11	0.00078
3.12	-0.00089
3.13	-0.00212
3.14	0.00127
3.15	-0.00168
3.16	0.00135
3.17	-0.00030
3.18	0.00012
3.19	0.00045
3.2	0.00041
3.21	0.00249
3.22	0.00035
3.23	-0.00073
3.24	0.00073
3.25	-0.00066
3.26	0.00062
3.27	-0.00145
3.28	0.00052
3.29	0.00107
3.3	0.00161
3.31	0.00062
3.32	0.00163
3.33	-0.00215
3.34	0.00201
3.35	-0.00023
3.36	-0.00048
3.37	0.00110
3.38	0.00048
3.39	0.00122
3.4	-0.00005
3.41	0.00098
3.42	-0.00066
3.43	0.00008
3.44	-0.00032
3.45	0.00087
3.46	-0.00115
3.47	0.00075
3.48	0.00022
3.49	0.00137
3.5	0.00018
3.51	0.00037
3.52	0.00041
3.53	0.00011
3.54	0.00048
3.55	0.00078
3.56	0.00032
3.57	-0.00208
3.58	0.00101
3.59	0.00018
3.6	0.00015
3.61	0.00131
3.62	0.00050
3.63	-0.00028
3.64	0.00052
3.65	0.00101
3.66	-0.00088
3.67	-0.00080
3.68	0.00115
3.69	-0.00241
3.7	0.00018
3.71	-0.00085
3.72	-0.00094
3.73	0.00057
3.74	0.00125
3.75	-0.00032
3.76	0.00040
3.77	0.00085
3.78	0.00005
3.79	-0.00022
3.8	0.00090
3.81	0.00048
3.82	0.00087
3.83	-0.00073
3.84	0.00005
3.85	0.00151
3.86	-0.00027
3.87	-0.00131
3.88	-0.00052
3.89	0.00025
3.9	0.00050
3.91	0.00095
3.92	-0.00008
3.93	0.00099
3.94	-0.00005
3.95	0.00142
3.96	0.00000
3.97	0.00018
3.98	0.00218
3.99	-0.00205
4	-0.00041
4.01	0.00088
4.02	0.00042
4.03	0.00197
4.04	-0.00068
4.05	-0.00235
4.06	0.00133
4.07	-0.00088
4.08	0.00063
4.09	-0.00027
4.1	-0.00105
4.11	-0.00170
4.12	0.00075
4.13	0.00038
4.14	0.00005
4.15	0.00068
4.16	0.00086
4.17	0.00084
4.18	-0.00052
4.19	0.00245
4.2	0.00062
4.21	-0.00088
4.22	0.00155
4.23	-0.00162
4.24	0.00068
4.25	-0.00032
4.26	0.00063
4.27	0.00066
4.28	-0.00086
4.29	-0.00092
4.3	-0.00006
4.31	-0.00052
4.32	-0.00005
4.33	-0.00002
4.34	-0.00105
4.35	0.00042
4.36	-0.00161
4.37	-0.00203
4.38	-0.00155
4.39	-0.00107
4.4	0.00018
4.41	-0.00005
4.42	-0.00035
4.43	0.00032
4.44	0.00048
4.45	0.00131
4.46	-0.00275
4.47	-0.00052
4.48	-0.00008
4.49	0.00118
4.5	0.00031
4.51	0.00022
4.52	-0.00348
4.53	0.00141
4.54	0.00152
4.55	-0.00165
4.56	0.00031
4.57	0.00232
4.58	0.00060
4.59	-0.00052
4.6	0.00022
4.61	0.00148
4.62	0.00178
4.63	-0.00038
4.64	0.00069
4.65	0.00171
4.66	0.00218
4.67	0.00228
4.68	0.00032
4.69	-0.00175
4.7	-0.00111
4.71	0.00348
4.72	0.00184
4.73	-0.00034
4.74	-0.00043
4.75	-0.00045
4.76	0.00135
4.77	0.00235
4.78	-0.00061
4.79	-0.00026
4.8	-0.00379
4.81	0.00025
4.82	-0.00301
4.83	0.00049
4.84	0.00059
4.85	0.00118
4.86	0.00041
4.87	0.00027
4.88	0.00095
4.89	0.00051
4.9	-0.00168
4.91	0.00059
4.92	-0.00211
4.93	-0.00228
4.94	-0.00114
4.95	-0.00278
4.96	0.00135
4.97	0.00068
4.98	-0.00225
4.99	0.00147
5	0.00098
5.01	-0.00073
5.02	0.00108
5.03	0.00079
5.04	-0.00125
5.05	-0.00041
5.06	0.00256
5.07	0.00003
5.08	-0.00406
5.09	0.00011
5.1	0.00001
5.11	-0.00211
5.12	0.00198
5.13	0.00062
5.14	-0.00131
5.15	0.00221
5.16	-0.00424
5.17	0.00147
5.18	0.00201
5.19	-0.00018
5.2	-0.00202
5.21	0.00041
5.22	0.00055
5.23	0.00185
5.24	0.00007
5.25	0.00108
5.26	0.00100
5.27	0.00163
5.28	-0.00066
5.29	0.00025
5.3	-0.00005
5.31	-0.00245
5.32	-0.00219
5.33	-0.00068
5.34	0.00037
5.35	0.00175
5.36	0.00111
5.37	-0.00057
5.38	0.00160
5.39	0.00092
5.4	-0.00311
5.41	0.00249
5.42	-0.00057
5.43	-0.00076
5.44	0.00214
5.45	0.00122
5.46	0.00048
5.47	-0.00086
5.48	-0.00388
5.49	-0.00262
5.5	0.00061
5.51	-0.00069
5.52	-0.00516
5.53	-0.00023
5.54	0.00095
5.55	0.00305
5.56	0.00093
5.57	0.00235
5.58	0.00097
5.59	-0.00077
5.6	-0.00234
5.61	-0.00092
5.62	-0.00086
5.63	-0.00106
5.64	-0.00022
5.65	-0.00141
5.66	-0.00168
5.67	-0.00150
5.68	-0.00018
5.69	0.00025
5.7	0.00035
5.71	-0.00107
5.72	0.00142
5.73	-0.00152
5.74	0.00121
5.75	0.00178
5.76	0.00191
5.77	-0.00025
5.78	0.00023
5.79	-0.00177
5.8	-0.00351
5.81	-0.00218
5.82	-0.00128
5.83	0.00044
5.84	0.00005
5.85	0.00092
5.86	0.00151
5.87	0.00151
5.88	-0.00044
5.89	0.00040
5.9	0.00116
5.91	0.00021
5.92	-0.00003
5.93	0.00266
5.94	-0.00438
5.95	0.00107
5.96	-0.00055
5.97	0.00065
5.98	0.00181
5.99	-0.00002
6	0.00124
6.01	0.00230
6.02	-0.00200
6.03	0.00520
6.04	0.00235
6.05	0.00128
6.06	0.00371
6.07	-0.00134
6.08	-0.00027
6.09	-0.00231
6.1	-0.00186
6.11	0.00065
6.12	0.00125
6.13	0.00030
6.14	0.00135
6.15	0.00318
6.16	0.00038
6.17	0.00271
6.18	0.00315
6.19	0.00265
6.2	0.00177
6.21	0.00173
6.22	-0.00122
6.23	0.00211
6.24	-0.00085
6.25	-0.00101
6.26	-0.00291
6.27	-0.00075
6.28	0.00178
6.29	0.00107
6.3	-0.00161
6.31	-0.00276
6.32	-0.00224
6.33	0.00131
6.34	0.00173
6.35	0.00054
6.36	0.00125
6.37	0.00050
6.38	-0.00112
6.39	0.00054
6.4	-0.00115
6.41	-0.00108
6.42	-0.00705
6.43	0.00084
6.44	0.00048
6.45	0.00100
6.46	0.00100
6.47	0.00068
6.48	-0.00128
6.49	0.00065
6.5	-0.00507
6.51	-0.00175
6.52	0.00073
6.53	0.00233
6.54	0.00336
6.55	-0.00147
6.56	-0.00141
6.57	-0.00163
6.58	0.00044
6.59	-0.00309
6.6	-0.00086
6.61	0.00092
6.62	0.00077
6.63	0.00003
6.64	0.00276
6.65	0.00335
6.66	0.00646
6.67	0.00464
6.68	0.00155
6.69	0.00294
6.7	0.00117
6.71	-0.00112
6.72	-0.00183
6.73	0.00002
6.74	-0.00016
6.75	-0.00089
6.76	0.00081
6.77	0.00306
6.78	-0.00099
6.79	0.00149
6.8	0.00097
6.81	-0.00035
6.82	0.00136
6.83	0.00003
6.84	0.00076
6.85	0.00198
6.86	0.00463
6.87	0.00662
6.88	0.00404
6.89	0.00336
6.9	0.00186
6.91	0.00094
6.92	0.00038
6.93	0.00098
6.94	0.00135
6.95	0.00202
6.96	0.00299
6.97	0.00012
6.98	-0.00437
6.99	-0.00162
7	0.00012
7.01	-0.00035
7.02	0.00218
7.03	-0.00244
7.04	-0.00135
7.05	0.00099
7.06	0.00090
7.07	0.00015
7.08	-0.00218
7.09	-0.00012
7.1	0.00171
7.11	-0.00125
7.12	-0.00055
7.13	-0.00102
7.14	-0.00225
7.15	0.00244
7.16	-0.00069
7.17	-0.00474
7.18	0.00118
7.19	-0.00351
7.2	0.00068
7.21	-0.00002
7.22	0.00122
7.23	-0.00027
7.24	-0.00179
7.25	-0.00366
7.26	-0.00149
7.27	-0.00239
7.28	-0.00021
7.29	-0.00130
7.3	0.00142
7.31	0.00268
7.32	-0.00033
7.33	0.00137
7.34	0.00126
7.35	0.00166
7.36	-0.00407
7.37	-0.00155
7.38	0.00082
7.39	0.00612
7.4	0.00343
7.41	0.00295
7.42	0.00005
7.43	0.00394
7.44	-0.00113
7.45	-0.00121
7.46	-0.00272
7.47	-0.00148
7.48	0.00278
7.49	0.00394
7.5	-0.00027
7.51	0.00224
7.52	-0.00218
7.53	-0.00168
7.54	-0.00163
7.55	-0.00246
7.56	-0.00304
7.57	-0.00084
7.58	0.00100
7.59	-0.00108
7.6	-0.00032
7.61	0.00191
7.62	0.00051
7.63	0.00062
7.64	0.00030
7.65	0.00011
7.66	0.00209
7.67	0.00516
7.68	0.00014
7.69	-0.00010
7.7	-0.00248
7.71	-0.00258
7.72	-0.00001
7.73	-0.00315
7.74	-0.00005
7.75	0.00459
7.76	0.00327
7.77	-0.00001
7.78	0.00038
7.79	0.00073
7.8	0.00192
7.81	-0.00158
7.82	-0.00048
7.83	-0.00239
7.84	-0.00015
7.85	-0.00188
7.86	0.00261
7.87	0.00160
7.88	0.00156
7.89	0.00097
7.9	-0.00095
7.91	0.00124
7.92	0.00258
7.93	0.00231
7.94	0.00006
7.95	0.00099
7.96	0.00534
7.97	0.00045
7.98	0.00094
7.99	0.00112
8	-0.00021
8.01	-0.00138
8.02	0.00227
8.03	-0.00404
8.04	0.00205
8.05	0.00088
8.06	-0.00448
8.07	-0.00001
8.08	-0.00278
8.09	-0.00358
8.1	-0.00165
8.11	0.00055
8.12	-0.00195
8.13	0.00154
8.14	0.00133
8.15	-0.00388
8.16	0.00255
8.17	-0.00203
8.18	-0.00015
8.19	0.00239
8.2	0.00255
8.21	0.00569
8.22	0.00441
8.23	0.00195
8.24	-0.00094
8.25	-0.00312
8.26	-0.00025
8.27	-0.00066
8.28	-0.00373
8.29	0.00090
8.3	0.00224
8.31	-0.00363
8.32	-0.00242
8.33	-0.00041
8.34	0.00363
8.35	0.00592
8.36	0.00208
8.37	-0.00086
8.38	0.00058
8.39	0.00128
8.4	-0.00051
8.41	-0.00442
8.42	0.00075
8.43	0.00019
8.44	-0.00083
8.45	-0.00414
8.46	-0.00843
8.47	-0.00578
8.48	-0.00269
8.49	-0.00241
8.5	-0.00566
8.51	-0.00295
8.52	-0.00248
8.53	-0.00115
8.54	-0.00025
8.55	0.00447
8.56	0.00546
8.57	0.00518
8.58	0.00298
8.59	0.00078
8.6	-0.00121
8.61	0.00282
8.62	0.00371
8.63	0.00302
8.64	0.00481
8.65	0.00569
8.66	0.00274
8.67	0.00668
8.68	-0.00184
8.69	-0.00446
8.7	-0.00353
8.71	-0.00398
8.72	-0.00355
8.73	-0.00401
8.74	-0.00505
8.75	-0.00228
8.76	-0.00539
8.77	-0.00281
8.78	-0.00508
8.79	-0.00211
8.8	-0.00089
8.81	0.00129
8.82	-0.00293
8.83	-0.00228
8.84	-0.00125
8.85	-0.00071
8.86	0.00125
8.87	-0.00079
8.88	-0.00408
8.89	-0.00082
8.9	-0.00064
8.91	-0.00058
8.92	-0.00071
8.93	0.00424
8.94	0.00318
8.95	0.00512
8.96	0.00345
8.97	0.00285
8.98	0.00290
8.99	0.00525
9	0.00584
9.01	-0.00115
9.02	-0.00326
9.03	0.00078
9.04	-0.00298
9.05	-0.00465
9.06	0.00015
9.07	-0.00238
9.08	0.00441
9.09	0.00082
9.1	-0.00468
9.11	0.00233
9.12	0.00863
9.13	0.00390
9.14	0.00611
9.15	-0.00527
9.16	-0.00194
9.17	0.00105
9.18	-0.01017
9.19	-0.00783
9.2	0.00175
9.21	0.00301
9.22	-0.00201
9.23	0.00091
9.24	0.00328
9.25	0.00516
9.26	0.00504
9.27	-0.00245
9.28	0.00574
9.29	0.00728
9.3	0.00269
9.31	0.00055
9.32	0.00056
9.33	0.00268
9.34	0.00409
9.35	0.00136
9.36	0.00124
9.37	-0.00570
9.38	-0.00275
9.39	-0.00568
9.4	-0.00708
9.41	-0.00215
9.42	-0.00398
9.43	-0.00334
9.44	-0.00531
9.45	-0.00531
9.46	0.00072
9.47	0.00177
9.48	-0.00061
9.49	0.00315
9.5	0.00045
9.51	-0.00310
9.52	-0.00655
9.53	-0.00830
9.54	-0.00531
9.55	0.00358
9.56	0.00011
9.57	-0.00434
9.58	0.00059
9.59	-0.00126
9.6	0.00045
9.61	0.00003
9.62	0.00577
9.63	0.00387
9.64	0.00211
9.65	-0.00057
9.66	-0.00574
9.67	-0.00287
9.68	-0.00035
9.69	-0.00450
9.7	-0.00175
9.71	-0.00045
9.72	0.00426
9.73	0.00838
9.74	-0.00151
9.75	0.00021
9.76	0.00175
9.77	-0.00028
9.78	0.00178
9.79	0.00003
9.8	-0.00371
9.81	0.00418
9.82	-0.00599
9.83	-0.00192
9.84	0.00275
9.85	0.01021
9.86	0.01208
9.87	0.01469
9.88	0.01573
9.89	0.00778
9.9	-0.00170
9.91	0.00268
9.92	-0.00119
9.93	0.00309
9.94	0.00235
9.95	0.00288
9.96	-0.00153
9.97	0.00877
9.98	0.00696
9.99	0.00678
10	0.00329
10.01	0.00109
10.02	0.00347
10.03	0.00097
10.04	-0.00541
10.05	-0.00791
10.06	-0.00611
10.07	-0.00363
10.08	-0.00435
10.09	-0.00111
10.1	-0.00074
10.11	-0.00461
10.12	-0.00414
10.13	-0.00941
10.14	-0.01244
10.15	-0.01524
10.16	-0.01085
10.17	-0.01297
10.18	-0.01499
10.19	-0.01167
10.2	-0.01167
10.21	-0.01279
10.22	0.00079
10.23	0.01471
10.24	0.01363
10.25	0.01046
10.26	0.00388
10.27	0.00171
10.28	0.01133
10.29	0.00705
10.3	0.01119
10.31	0.01816
10.32	0.01342
10.33	0.01876
10.34	0.02101
10.35	0.01840
10.36	0.01742
10.37	0.01062
10.38	0.00113
10.39	-0.00748
10.4	-0.01090
10.41	-0.00785
10.42	-0.00510
10.43	-0.01087
10.44	-0.01170
10.45	-0.00404
10.46	0.00671
10.47	0.00384
10.48	0.00814
10.49	0.01580
10.5	0.00281
10.51	0.00310
10.52	-0.00631
10.53	-0.00225
10.54	0.00534
10.55	-0.00171
10.56	-0.00877
10.57	-0.00377
10.58	-0.00660
10.59	-0.00797
10.6	-0.01054
10.61	-0.01271
10.62	-0.00614
10.63	-0.00902
10.64	-0.00613
10.65	0.00641
10.66	0.00271
10.67	0.01177
10.68	0.00931
10.69	0.00160
10.7	0.01208
10.71	0.00594
10.72	0.00958
10.73	0.00245
10.74	0.00073
10.75	-0.01145
10.76	-0.01114
10.77	-0.00764
10.78	-0.01230
10.79	-0.02076
10.8	-0.02785
10.81	-0.02166
10.82	-0.01111
10.83	-0.01342
10.84	-0.01698
10.85	-0.01893
10.86	-0.01644
10.87	-0.01644
10.88	-0.00916
10.89	0.00714
10.9	0.01989
10.91	0.02066
10.92	0.02385
10.93	0.01831
10.94	0.02897
10.95	0.02709
10.96	0.02787
10.97	0.01903
10.98	0.02002
10.99	0.00873
11	0.00185
11.01	-0.00306
11.02	-0.00670
11.03	-0.00309
11.04	-0.00668
11.05	0.00180
11.06	0.01535
11.07	0.01510
11.08	0.01749
11.09	0.01377
11.1	0.00931
11.11	0.00494
11.12	0.00371
11.13	0.00219
11.14	0.00251
11.15	0.00723
11.16	0.00819
11.17	0.00835
11.18	0.00897
11.19	0.01201
11.2	0.00628
11.21	0.00255
11.22	0.00345
11.23	-0.01499
11.24	-0.01360
11.25	-0.01510
11.26	-0.01216
11.27	-0.01989
11.28	-0.00744
11.29	-0.01438
11.3	0.00434
11.31	-0.00238
11.32	-0.01313
11.33	-0.01645
11.34	-0.01638
11.35	-0.00994
11.36	-0.00312
11.37	0.00232
11.38	0.00249
11.39	0.00827
11.4	-0.00358
11.41	0.00090
11.42	0.00231
11.43	0.00691
11.44	0.00522
11.45	-0.00504
11.46	-0.01323
11.47	-0.01347
11.48	-0.00306
11.49	0.01146
11.5	0.00934
11.51	0.00271
11.52	0.00341
11.53	0.00633
11.54	0.00591
11.55	0.00678
11.56	0.01257
11.57	0.01310
11.58	0.00468
11.59	-0.00328
11.6	-0.00622
11.61	-0.00279
11.62	0.00122
11.63	0.01501
11.64	0.01759
11.65	0.01749
11.66	0.01803
11.67	0.01435
11.68	0.01739
11.69	0.01543
11.7	0.01420
11.71	0.00238
11.72	0.00278
11.73	0.00862
11.74	0.00145
11.75	-0.00651
11.76	-0.00862
11.77	-0.01291
11.78	-0.01549
11.79	-0.01709
11.8	-0.00727
11.81	-0.00620
11.82	-0.01562
11.83	-0.01644
11.84	-0.01440
11.85	-0.01015
11.86	-0.00741
11.87	-0.00815
11.88	0.00522
11.89	0.00954
11.9	0.01817
11.91	0.01624
11.92	0.03284
11.93	0.03553
11.94	0.03241
11.95	0.01932
11.96	0.01856
11.97	0.01992
11.98	0.01090
11.99	0.00184
12	0.00255
12.01	0.00578
12.02	0.00956
12.03	0.00448
12.04	-0.01377
12.05	-0.00163
12.06	-0.00122
12.07	-0.00973
12.08	-0.00501
12.09	-0.00802
12.1	-0.00036
12.11	0.01044
12.12	0.00378
12.13	0.01058
12.14	0.01702
12.15	0.01131
12.16	0.01746
12.17	0.01711
12.18	0.01284
12.19	0.01508
12.2	0.00315
12.21	-0.01352
12.22	-0.00886
12.23	-0.00040
12.24	0.00122
12.25	0.00714
12.26	0.01549
12.27	0.01445
12.28	0.00345
12.29	-0.00059
12.3	-0.01116
12.31	-0.01240
12.32	-0.00951
12.33	-0.01307
12.34	-0.00877
12.35	0.01042
12.36	0.01147
12.37	0.00291
12.38	0.00059
12.39	0.00066
12.4	-0.01168
12.41	0.00707
12.42	0.01507
12.43	0.00795
12.44	0.01307
12.45	-0.00166
12.46	-0.00060
12.47	0.01210
12.48	0.01323
12.49	0.00011
12.5	-0.00779
12.51	-0.01395
12.52	-0.02102
12.53	-0.02119
12.54	-0.02745
12.55	-0.01796
12.56	-0.00842
12.57	0.01104
12.58	0.00524
12.59	-0.00777
12.6	-0.00981
12.61	0.00031
12.62	-0.00831
12.63	0.00218
12.64	0.00644
12.65	0.01851
12.66	0.03074
12.67	0.02092
12.68	0.01684
12.69	0.01748
12.7	0.01936
12.71	0.00780
12.72	0.01063
12.73	0.00066
12.74	0.00305
12.75	-0.01218
12.76	-0.00924
12.77	0.00075
12.78	0.00058
12.79	-0.00246
12.8	-0.00432
12.81	-0.00559
12.82	-0.00438
12.83	-0.00387
12.84	-0.01712
12.85	-0.00765
12.86	-0.00837
12.87	-0.01496
12.88	-0.00385
12.89	0.01523
12.9	0.01503
12.91	0.01146
12.92	0.01155
12.93	0.01227
12.94	0.00828
12.95	0.00618
12.96	0.00140
12.97	0.00004
12.98	0.00910
12.99	-0.00159
13	-0.00271
13.01	-0.00068
13.02	-0.01967
13.03	-0.01565
13.04	-0.02389
13.05	-0.01916
13.06	-0.01560
13.07	-0.01593
13.08	-0.01663
13.09	-0.00675
13.1	0.00417
13.11	0.01124
13.12	0.00841
13.13	0.01547
13.14	0.01409
13.15	-0.01236
13.16	-0.00601
13.17	0.00273
13.18	0.01532
13.19	0.01327
13.2	0.00428
13.21	0.00546
13.22	0.00609
13.23	0.00319
13.24	0.01192
13.25	0.02387
13.26	0.02177
13.27	0.03187
13.28	0.01188
13.29	-0.00147
13.3	0.01032
13.31	-0.00066
13.32	-0.00918
13.33	0.00151
13.34	0.00582
13.35	-0.00163
13.36	0.00085
13.37	-0.00055
13.38	0.00219
13.39	-0.01424
13.4	-0.01054
13.41	-0.00914
13.42	0.00021
13.43	0.00634
13.44	0.00973
13.45	0.00822
13.46	-0.00092
13.47	-0.01389
13.48	-0.02140
13.49	-0.02695
13.5	-0.03194
13.51	-0.04122
13.52	-0.05255
13.53	-0.07013
13.54	-0.06856
13.55	-0.06640
13.56	-0.03824
13.57	-0.02624
13.58	-0.00986
13.59	-0.00005
13.6	0.01680
13.61	0.03867
13.62	0.04150
13.63	0.04407
13.64	0.03241
13.65	0.04578
13.66	0.04715
13.67	0.05816
13.68	0.05110
13.69	0.04619
13.7	0.03320
13.71	0.02162
13.72	0.01007
13.73	-0.00374
13.74	0.00256
13.75	0.00363
13.76	-0.00883
13.77	-0.00584
13.78	0.00408
13.79	-0.00299
13.8	0.00078
13.81	-0.01981
13.82	-0.02902
13.83	-0.01273
13.84	-0.02322
13.85	-0.02821
13.86	-0.01942
13.87	-0.02100
13.88	-0.02056
13.89	-0.01430
13.9	-0.00774
13.91	-0.00989
13.92	0.00949
13.93	0.00724
13.94	0.00950
13.95	0.00245
13.96	0.00508
13.97	0.01126
13.98	0.01574
13.99	0.01845
14	0.02717
14.01	0.02583
14.02	0.01691
14.03	0.01473
14.04	0.00579
14.05	0.00578
14.06	0.01863
14.07	0.01037
14.08	0.01526
14.09	0.01833
14.1	0.00058
14.11	-0.00225
14.12	-0.01044
14.13	-0.01877
14.14	-0.02753
14.15	-0.04102
14.16	-0.05215
14.17	-0.06625
14.18	-0.06874
14.19	-0.05944
14.2	-0.04053
14.21	-0.01446
14.22	0.00772
14.23	0.02466
14.24	0.03856
14.25	0.04442
14.26	0.01556
14.27	-0.02112
14.28	-0.05488
14.29	-0.06500
14.3	-0.06119
14.31	-0.05592
14.32	-0.04747
14.33	-0.03192
14.34	-0.02522
14.35	-0.02494
14.36	-0.01901
14.37	-0.01337
14.38	-0.01536
14.39	-0.01951
14.4	-0.02525
14.41	0.00599
14.42	0.03160
14.43	0.05521
14.44	0.07886
14.45	0.08644
14.46	0.08534
14.47	0.05555
14.48	0.03166
14.49	-0.00381
14.5	-0.03851
14.51	-0.06470
14.52	-0.04871
14.53	-0.02966
14.54	-0.00423
14.55	0.00076
14.56	-0.00427
14.57	0.00405
14.58	0.00563
14.59	0.00857
14.6	0.02607
14.61	0.03727
14.62	0.03539
14.63	0.04509
14.64	0.05502
14.65	0.05436
14.66	0.06756
14.67	0.07612
14.68	0.06160
14.69	0.02708
14.7	0.01956
14.71	0.01277
14.72	-0.01340
14.73	-0.04674
14.74	-0.07834
14.75	-0.08205
14.76	-0.09218
14.77	-0.07891
14.78	-0.05167
14.79	-0.01554
14.8	0.00725
14.81	0.01913
14.82	0.01191
14.83	0.01104
14.84	0.00938
14.85	0.02448
14.86	0.04549
14.87	0.04912
14.88	0.03599
14.89	0.04445
14.9	0.04586
14.91	0.04129
14.92	0.03172
14.93	0.00463
14.94	-0.00929
14.95	-0.00664
14.96	-0.00961
14.97	-0.02295
14.98	-0.04485
14.99	-0.05503
15	-0.06235
15.01	-0.06689
15.02	-0.06367
15.03	-0.05639
15.04	-0.03936
15.05	-0.02307
15.06	-0.00897
15.07	0.00516
15.08	0.02879
15.09	0.05631
15.1	0.07235
15.11	0.08454
15.12	0.09305
15.13	0.09697
15.14	0.08102
15.15	0.05640
15.16	0.01016
15.17	-0.04020
15.18	-0.09060
15.19	-0.13347
15.2	-0.15948
15.21	-0.17183
15.22	-0.15404
15.23	-0.13023
15.24	-0.09349
15.25	-0.06437
15.26	-0.05824
15.27	-0.04965
15.28	-0.03594
15.29	-0.01044
15.3	0.01359
15.31	0.03406
15.32	0.05709
15.33	0.04787
15.34	0.05589
15.35	0.06260
15.36	0.07806
15.37	0.09433
15.38	0.10753
15.39	0.07470
15.4	0.05120
15.41	0.02791
15.42	0.02334
15.43	0.02485
15.44	0.02702
15.45	0.01141
15.46	0.02398
15.47	0.01210
15.48	0.00835
15.49	0.00215
15.5	0.00101
15.51	0.01626
15.52	0.02038
15.53	0.01381
15.54	0.00745
15.55	-0.00657
15.56	0.00011
15.57	0.03291
15.58	0.04759
15.59	0.05522
15.6	0.05621
15.61	0.03586
15.62	0.01822
15.63	0.00018
15.64	-0.01923
15.65	-0.02655
15.66	-0.03724
15.67	-0.03752
15.68	-0.03614
15.69	-0.03446
15.7	-0.02961
15.71	-0.02807
15.72	-0.02685
15.73	-0.03540
15.74	-0.03082
15.75	-0.02247
15.76	-0.00829
15.77	-0.01193
15.78	-0.01045
15.79	-0.00777
15.8	0.00727
15.81	-0.00844
15.82	-0.02028
15.83	-0.02851
15.84	-0.01530
15.85	0.00412
15.86	0.00684
15.87	-0.00065
15.88	-0.01970
15.89	-0.01283
15.9	-0.01404
15.91	0.00023
15.92	0.00922
15.93	0.01929
15.94	0.03624
15.95	0.04562
15.96	0.03947
15.97	0.04456
15.98	0.03784
15.99	0.02570
16	0.01408
16.01	0.00993
16.02	0.01929
16.03	0.04825
16.04	0.06457
16.05	0.08259
16.06	0.11312
16.07	0.10688
16.08	0.05770
16.09	0.00551
16.1	-0.02952
16.11	-0.04611
16.12	-0.07215
16.13	-0.08601
16.14	-0.08058
16.15	-0.08328
16.16	-0.09316
16.17	-0.07909
16.18	-0.07262
16.19	-0.07146
16.2	-0.05399
16.21	-0.02905
16.22	-0.01799
16.23	-0.01067
16.24	-0.02265
16.25	-0.04889
16.26	-0.04632
16.27	-0.04244
16.28	-0.05233
16.29	-0.06174
16.3	-0.05028
16.31	-0.03269
16.32	-0.02701
16.33	-0.02480
16.34	-0.03308
16.35	-0.04413
16.36	-0.04516
16.37	-0.04891
16.38	-0.06546
16.39	-0.09657
16.4	-0.06195
16.41	-0.05301
16.42	-0.04752
16.43	-0.02159
16.44	-0.01969
16.45	-0.02527
16.46	-0.00632
16.47	-0.00815
16.48	-0.02107
16.49	-0.01221
16.5	-0.00581
16.51	0.00902
16.52	0.02545
16.53	0.03589
16.54	0.04378
16.55	0.04745
16.56	0.04143
16.57	0.01441
16.58	-0.01295
16.59	-0.04530
16.6	-0.02731
16.61	-0.02821
16.62	-0.02275
16.63	-0.02845
16.64	-0.01769
16.65	-0.00130
16.66	0.01473
16.67	0.01725
16.68	0.03783
16.69	0.05525
16.7	0.05181
16.71	0.03554
16.72	0.03920
16.73	0.02295
16.74	0.00451
16.75	0.00752
16.76	0.01616
16.77	0.00436
16.78	0.00205
16.79	-0.00070
16.8	0.03138
16.81	0.04749
16.82	0.06087
16.83	0.05714
16.84	0.01575
16.85	-0.02911
16.86	-0.05904
16.87	-0.06217
16.88	-0.06031
16.89	-0.04453
16.9	-0.05056
16.91	-0.05348
16.92	-0.02941
16.93	-0.01267
16.94	-0.00585
16.95	-0.00594
16.96	-0.01060
16.97	-0.02710
16.98	-0.04027
16.99	-0.04761
17	-0.05733
17.01	-0.02285
17.02	-0.01853
17.03	0.00105
17.04	0.02640
17.05	0.02344
17.06	0.03634
17.07	0.06648
17.08	0.06750
17.09	0.07874
17.1	0.08924
17.11	0.10358
17.12	0.08434
17.13	0.07305
17.14	0.03554
17.15	0.00564
17.16	-0.01290
17.17	-0.01620
17.18	-0.01227
17.19	-0.02091
17.2	-0.01557
17.21	-0.03785
17.22	-0.06537
17.23	-0.05422
17.24	-0.02155
17.25	-0.00761
17.26	0.00694
17.27	0.01442
17.28	0.01204
17.29	0.00991
17.3	0.01284
17.31	0.00268
17.32	0.00926
17.33	0.00343
17.34	-0.01818
17.35	-0.04772
17.36	-0.06846
17.37	-0.07132
17.38	-0.06636
17.39	-0.04952
17.4	-0.05008
17.41	-0.03451
17.42	-0.03700
17.43	-0.04716
17.44	-0.07409
17.45	-0.08597
17.46	-0.09727
17.47	-0.09717
17.48	-0.07458
17.49	-0.06277
17.5	-0.05775
17.51	-0.04498
17.52	-0.05022
17.53	-0.05347
17.54	-0.05682
17.55	-0.05346
17.56	-0.02880
17.57	-0.00208
17.58	0.03366
17.59	0.08081
17.6	0.09552
17.61	0.09073
17.62	0.07604
17.63	0.06909
17.64	0.05958
17.65	0.03327
17.66	0.01210
17.67	-0.00274
17.68	0.01578
17.69	0.04292
17.7	0.05275
17.71	0.05005
17.72	0.05538
17.73	0.03497
17.74	0.02519
17.75	0.01761
17.76	0.03021
17.77	0.03021
17.78	0.01718
17.79	0.00308
17.8	-0.01040
17.81	-0.02628
17.82	-0.01789
17.83	0.02183
17.84	0.06703
17.85	0.09791
17.86	0.10603
17.87	0.11176
17.88	0.09435
17.89	0.08803
17.9	0.08932
17.91	0.08035
17.92	0.06773
17.93	0.05433
17.94	0.03445
17.95	0.01893
17.96	0.01899
17.97	0.03910
17.98	0.01230
17.99	0.00403
18	0.00833
18.01	0.02404
18.02	0.02711
18.03	0.00747
18.04	-0.00828
18.05	-0.03581
18.06	-0.06579
18.07	-0.07582
18.08	-0.03797
18.09	-0.00155
18.1	0.02090
18.11	0.03266
18.12	0.04147
18.13	0.04446
18.14	0.02361
18.15	-0.01144
18.16	-0.06200
18.17	-0.08997
18.18	-0.11282
18.19	-0.12844
18.2	-0.12833
18.21	-0.11993
18.22	-0.09053
18.23	-0.08767
18.24	-0.07019
18.25	-0.04994
18.26	-0.01547
18.27	0.01796
18.28	0.01439
18.29	0.01330
18.3	0.00343
18.31	0.01643
18.32	0.03014
18.33	0.05507
18.34	0.06101
18.35	0.05039
18.36	0.04812
18.37	0.03589
18.38	0.03049
18.39	0.03379
18.4	0.03910
18.41	0.03042
18.42	0.01923
18.43	0.02495
18.44	0.02016
18.45	0.02568
18.46	0.04361
18.47	0.04066
18.48	0.01917
18.49	-0.01996
18.5	-0.04043
18.51	-0.04153
18.52	-0.04852
18.53	-0.04837
18.54	-0.04877
18.55	-0.03159
18.56	-0.03060
18.57	-0.02813
18.58	-0.02857
18.59	0.00340
18.6	0.02009
18.61	0.02447
18.62	-0.00674
18.63	-0.00018
18.64	-0.02408
18.65	-0.03353
18.66	-0.03534
18.67	-0.03827
18.68	-0.04632
18.69	-0.05486
18.7	-0.06334
18.71	-0.08440
18.72	-0.09967
18.73	-0.12499
18.74	-0.14309
18.75	-0.11110
18.76	-0.10005
18.77	-0.09033
18.78	-0.07279
18.79	-0.04093
18.8	-0.04538
18.81	-0.04361
18.82	-0.04853
18.83	-0.05775
18.84	-0.05801
18.85	-0.04716
18.86	-0.02986
18.87	-0.03674
18.88	-0.06746
18.89	-0.07864
18.9	-0.08065
18.91	-0.05911
18.92	-0.04521
18.93	-0.04451
18.94	-0.03209
18.95	-0.01193
18.96	-0.01842
18.97	-0.03277
18.98	-0.01923
18.99	0.01279
19	0.01915
19.01	0.04666
19.02	0.05490
19.03	0.07379
19.04	0.10580
19.05	0.09030
19.06	0.06596
19.07	0.01713
19.08	-0.00734
19.09	-0.01332
19.1	-0.01136
19.11	0.00608
19.12	0.01623
19.13	0.00945
19.14	-0.00891
19.15	-0.02381
19.16	-0.03341
19.17	-0.04862
19.18	-0.06085
19.19	-0.05651
19.2	-0.03933
19.21	-0.00937
19.22	0.04340
19.23	0.07969
19.24	0.10920
19.25	0.12707
19.26	0.11694
19.27	0.10052
19.28	0.11287
19.29	0.10558
19.3	0.11043
19.31	0.13139
19.32	0.16691
19.33	0.16145
19.34	0.13855
19.35	0.12236
19.36	0.10807
19.37	0.06641
19.38	0.02060
19.39	0.00737
19.4	-0.00478
19.41	-0.01358
19.42	-0.00238
19.43	0.03624
19.44	0.06928
19.45	0.08900
19.46	0.10542
19.47	0.08731
19.48	0.08474
19.49	0.06173
19.5	0.03973
19.51	0.03236
19.52	0.02433
19.53	0.01407
19.54	-0.00434
19.55	-0.03126
19.56	-0.07139
19.57	-0.09073
19.58	-0.08781
19.59	-0.08714
19.6	-0.09899
19.61	-0.12316
19.62	-0.15015
19.63	-0.16340
19.64	-0.17203
19.65	-0.18349
19.66	-0.18404
19.67	-0.17693
19.68	-0.16039
19.69	-0.16690
19.7	-0.15654
19.71	-0.12606
19.72	-0.07045
19.73	-0.01128
19.74	0.04526
19.75	0.08623
19.76	0.09218
19.77	0.09575
19.78	0.07621
19.79	0.05968
19.8	0.05588
19.81	0.06337
19.82	0.06347
19.83	0.04243
19.84	0.02168
19.85	-0.00823
19.86	-0.00414
19.87	-0.00176
19.88	0.00082
19.89	-0.00718
19.9	-0.01132
19.91	-0.03638
19.92	-0.03194
19.93	-0.05035
19.94	-0.07279
19.95	-0.08256
19.96	-0.08133
19.97	-0.06330
19.98	-0.00599
19.99	0.05429
20	0.08253
20.01	0.10345
20.02	0.11079
20.03	0.09639
20.04	0.08091
20.05	0.07715
20.06	0.07878
20.07	0.08632
20.08	0.08517
20.09	0.05921
20.1	0.02132
20.11	-0.01138
20.12	-0.04092
20.13	-0.05621
20.14	-0.07107
20.15	-0.05916
20.16	-0.04203
20.17	-0.01894
20.18	-0.00837
20.19	-0.00284
20.2	0.00731
20.21	0.02865
20.22	0.04595
20.23	0.06497
20.24	0.07698
20.25	0.04831
20.26	0.00248
20.27	-0.03080
20.28	-0.06593
20.29	-0.05182
20.3	-0.01519
20.31	0.02908
20.32	0.06347
20.33	0.06621
20.34	0.05143
20.35	0.02570
20.36	0.02727
20.37	0.03729
20.38	0.05562
20.39	0.05498
20.4	0.07674
20.41	0.08755
20.42	0.07179
20.43	0.04925
20.44	0.02532
20.45	0.00157
20.46	-0.02281
20.47	-0.04336
20.48	-0.04661
20.49	-0.03875
20.5	-0.06316
20.51	-0.06409
20.52	-0.07998
20.53	-0.05499
20.54	-0.03009
20.55	-0.02709
20.56	-0.01494
20.57	-0.00860
20.58	-0.02345
20.59	-0.03312
20.6	-0.04108
20.61	-0.04876
20.62	-0.05628
20.63	-0.05009
20.64	-0.02917
20.65	-0.00447
20.66	-0.03084
20.67	-0.04739
20.68	-0.02655
20.69	-0.00723
20.7	-0.00075
20.71	-0.01443
20.72	-0.02662
20.73	-0.03198
20.74	-0.01892
20.75	0.00239
20.76	0.03890
20.77	0.06905
20.78	0.07562
20.79	0.07209
20.8	0.06249
20.81	0.07652
20.82	0.08738
20.83	0.09141
20.84	0.07537
20.85	0.05294
20.86	0.03669
20.87	0.02655
20.88	0.02011
20.89	-0.00024
20.9	-0.00298
20.91	-0.00591
20.92	-0.01575
20.93	-0.01377
20.94	0.01646
20.95	-0.00484
20.96	0.01200
20.97	0.02502
20.98	0.03445
20.99	0.04288
21	0.07410
21.01	0.06353
21.02	0.07116
21.03	0.06521
21.04	0.04187
21.05	0.05555
21.06	0.05833
21.07	0.04479
21.08	0.03142
21.09	0.04929
21.1	0.04932
21.11	0.06070
21.12	0.08339
21.13	0.04787
21.14	0.06001
21.15	0.04262
21.16	0.03606
21.17	0.03714
21.18	0.04426
21.19	0.07056
21.2	0.10240
21.21	0.12079
21.22	0.12803
21.23	0.14494
21.24	0.13402
21.25	0.12422
21.26	0.10346
21.27	0.08134
21.28	0.05028
21.29	0.02706
21.3	0.01976
21.31	0.02146
21.32	0.03838
21.33	0.05315
21.34	0.04927
21.35	0.03100
21.36	0.00261
21.37	-0.00474
21.38	-0.02577
21.39	-0.01301
21.4	-0.01076
21.41	-0.01767
21.42	0.00225
21.43	-0.01443
21.44	-0.01815
21.45	-0.01224
21.46	-0.01556
21.47	0.00623
21.48	0.02595
21.49	0.02695
21.5	0.00973
21.51	0.00409
21.52	0.00122
21.53	-0.02429
21.54	0.00121
21.55	0.01610
21.56	0.00319
21.57	-0.02745
21.58	-0.02415
21.59	-0.03753
21.6	-0.05865
21.61	-0.06372
21.62	-0.08822
21.63	-0.08316
21.64	-0.06473
21.65	-0.05962
21.66	-0.06269
21.67	-0.05155
21.68	-0.05884
21.69	-0.05792
21.7	-0.06639
21.71	-0.07122
21.72	-0.04029
21.73	-0.02679
21.74	0.00513
21.75	0.01279
21.76	0.00082
21.77	0.01100
21.78	0.02828
21.79	0.01042
21.8	-0.01508
21.81	-0.00844
21.82	-0.01397
21.83	-0.01758
21.84	-0.03464
21.85	-0.03792
21.86	-0.00638
21.87	0.02170
21.88	0.01283
21.89	0.02288
21.9	0.01721
21.91	0.02325
21.92	0.02599
21.93	0.03451
21.94	0.05457
21.95	0.07072
21.96	0.07687
21.97	0.07978
21.98	0.09786
21.99	0.08805
22	0.07951
22.01	0.04346
22.02	0.02941
22.03	0.02767
22.04	0.00807
22.05	-0.00251
22.06	-0.00094
22.07	0.02299
22.08	0.01087
22.09	-0.00315
22.1	-0.04636
22.11	-0.06825
22.12	-0.06579
22.13	-0.07681
22.14	-0.05817
22.15	-0.06540
22.16	-0.06080
22.17	-0.04287
22.18	-0.05195
22.19	-0.02357
22.2	-0.03228
22.21	-0.03042
22.22	-0.03028
22.23	-0.01679
22.24	-0.03355
22.25	-0.00808
22.26	0.00045
22.27	0.02258
22.28	0.03373
22.29	0.01896
22.3	0.01982
22.31	-0.01165
22.32	-0.04559
22.33	-0.05480
22.34	-0.05056
22.35	-0.05971
22.36	-0.05475
22.37	-0.03690
22.38	-0.02723
22.39	-0.01007
22.4	0.01361
22.41	0.01935
22.42	0.01373
22.43	-0.01110
22.44	-0.02288
22.45	-0.04049
22.46	-0.05550
22.47	-0.06314
22.48	-0.04443
22.49	-0.04818
22.5	-0.04925
22.51	-0.04329
22.52	-0.04025
22.53	-0.03817
22.54	-0.03186
22.55	0.00433
22.56	-0.00170
22.57	0.00454
22.58	-0.00067
22.59	-0.01665
22.6	-0.02522
22.61	-0.05260
22.62	-0.05035
22.63	-0.07961
22.64	-0.05514
22.65	-0.04123
22.66	-0.00933
22.67	-0.00196
22.68	-0.02755
22.69	-0.02433
22.7	-0.02284
22.71	-0.00538
22.72	-0.01373
22.73	-0.02389
22.74	-0.00896
22.75	-0.02442
22.76	-0.01237
22.77	-0.02125
22.78	-0.02915
22.79	-0.02200
22.8	0.00047
22.81	-0.02927
22.82	0.00633
22.83	0.02652
22.84	0.02591
22.85	0.01553
22.86	0.01010
22.87	-0.00065
22.88	-0.00165
22.89	0.01024
22.9	0.02454
22.91	0.02214
22.92	0.01949
22.93	0.01275
22.94	0.01711
22.95	0.02283
22.96	0.04693
22.97	0.06020
22.98	0.07073
22.99	0.05604
23	0.07282
23.01	0.05177
23.02	0.06473
23.03	0.06302
23.04	0.07753
23.05	0.08042
23.06	0.08264
23.07	0.06600
23.08	0.05671
23.09	0.04746
23.1	0.03816
23.11	0.03148
23.12	0.04123
23.13	0.04316
23.14	0.03577
23.15	0.04742
23.16	0.04863
23.17	0.04191
23.18	0.02216
23.19	-0.00831
23.2	-0.04710
23.21	-0.03457
23.22	-0.04592
23.23	-0.05989
23.24	-0.04271
23.25	-0.05754
23.26	-0.07961
23.27	-0.05660
23.28	-0.01808
23.29	0.00841
23.3	0.04039
23.31	0.06020
23.32	0.05369
23.33	0.04995
23.34	0.02069
23.35	-0.00260
23.36	-0.02154
23.37	-0.03062
23.38	-0.04947
23.39	-0.04406
23.4	-0.02827
23.41	-0.02378
23.42	-0.02172
23.43	-0.03523
23.44	-0.04191
23.45	-0.03262
23.46	-0.01922
23.47	-0.00353
23.48	0.00440
23.49	-0.00438
23.5	0.00451
23.51	-0.00514
23.52	-0.01499
23.53	-0.01000
23.54	0.00694
23.55	0.02991
23.56	0.04256
23.57	0.02516
23.58	0.00301
23.59	-0.01374
23.6	-0.00465
23.61	0.00360
23.62	0.02904
23.63	0.05566
23.64	0.08210
23.65	0.06996
23.66	0.06508
23.67	0.04914
23.68	0.03680
23.69	0.03970
23.7	0.04611
23.71	0.05381
23.72	0.05917
23.73	0.06160
23.74	0.06899
23.75	0.09083
23.76	0.07755
23.77	0.07264
23.78	0.04340
23.79	0.02464
23.8	0.03028
23.81	0.01952
23.82	0.02771
23.83	0.02925
23.84	0.03466
23.85	0.03298
23.86	0.04872
23.87	0.05530
23.88	0.02448
23.89	0.04482
23.9	0.01789
23.91	-0.01486
23.92	-0.04087
23.93	-0.02176
23.94	-0.02290
23.95	-0.01528
23.96	0.00302
23.97	0.00045
23.98	-0.00674
23.99	0.00654
24	0.00951
24.01	0.03554
24.02	0.05135
24.03	0.06360
24.04	0.04398
24.05	0.05040
24.06	0.06849
24.07	0.06091
24.08	0.04039
24.09	0.02359
24.1	0.00102
24.11	-0.05724
24.12	-0.05226
24.13	-0.03668
24.14	-0.05076
24.15	-0.08075
24.16	-0.10159
24.17	-0.11524
24.18	-0.11790
24.19	-0.07838
24.2	-0.06310
24.21	-0.01008
24.22	0.02139
24.23	0.01851
24.24	0.00843
24.25	0.04113
24.26	0.03131
24.27	-0.00521
24.28	-0.01131
24.29	-0.02915
24.3	-0.01360
24.31	-0.01084
24.32	-0.02213
24.33	-0.02037
24.34	0.02212
24.35	0.01389
24.36	-0.03580
24.37	-0.05732
24.38	-0.04709
24.39	-0.03807
24.4	-0.06682
24.41	-0.05630
24.42	-0.05195
24.43	-0.02395
24.44	0.01314
24.45	0.02188
24.46	0.04593
24.47	0.06690
24.48	0.05039
24.49	0.01173
24.5	-0.00848
24.51	0.00358
24.52	-0.02099
24.53	-0.06303
24.54	-0.09642
24.55	-0.04971
24.56	-0.01858
24.57	-0.03041
24.58	-0.03738
24.59	-0.01603
24.6	-0.01875
24.61	-0.01431
24.62	-0.00628
24.63	-0.04614
24.64	-0.06149
24.65	-0.03694
24.66	-0.02884
24.67	-0.02172
24.68	0.01365
24.69	0.01916
24.7	0.05499
24.71	0.07236
24.72	0.04126
24.73	0.01796
24.74	0.04396
24.75	0.02742
24.76	-0.00108
24.77	0.01348
24.78	-0.00312
24.79	-0.00331
24.8	-0.00486
24.81	-0.04665
24.82	-0.04121
24.83	-0.03237
24.84	-0.02487
24.85	-0.03912
24.86	-0.04090
24.87	-0.04948
24.88	-0.07008
24.89	-0.07397
24.9	-0.10126
24.91	-0.09043
24.92	-0.05591
24.93	-0.05310
24.94	-0.03526
24.95	-0.02542
24.96	0.00932
24.97	0.00141
24.98	-0.00322
24.99	-0.00724
25	0.00511
25.01	-0.00049
25.02	-0.01384
25.03	-0.00474
25.04	-0.00867
25.05	0.01426
25.06	0.05128
25.07	0.05603
25.08	0.07586
25.09	0.10302
25.1	0.10911
25.11	0.07568
25.12	0.06904
25.13	0.02971
25.14	-0.00740
25.15	0.01628
25.16	0.04159
25.17	0.05688
25.18	0.06291
25.19	0.03658
25.2	0.03637
25.21	0.03969
25.22	0.03717
25.23	0.02592
25.24	0.02489
25.25	0.00050
25.26	-0.01886
25.27	-0.02618
25.28	-0.02126
25.29	0.00315
25.3	0.02310
25.31	0.03431
25.32	0.05714
25.33	0.06149
25.34	0.05754
25.35	0.04752
25.36	0.04899
25.37	0.02971
25.38	0.02927
25.39	0.02371
25.4	0.02982
25.41	0.02755
25.42	0.04627
25.43	0.03511
25.44	0.02171
25.45	0.02448
25.46	-0.00429
25.47	-0.02359
25.48	-0.00574
25.49	-0.00315
25.5	-0.00575
25.51	0.02911
25.52	0.06637
25.53	0.07142
25.54	0.04438
25.55	0.01333
25.56	0.00211
25.57	0.00987
25.58	-0.01247
25.59	-0.04202
25.6	-0.03401
25.61	-0.00788
25.62	-0.01609
25.63	-0.00394
25.64	-0.01320
25.65	-0.02554
25.66	-0.05118
25.67	-0.06259
25.68	-0.09517
25.69	-0.07706
25.7	-0.07112
25.71	-0.07585
25.72	-0.06037
25.73	-0.03998
25.74	-0.02011
25.75	0.00950
25.76	0.02146
25.77	0.02356
25.78	0.01360
25.79	0.01114
25.8	0.02642
25.81	0.02436
25.82	0.02865
25.83	0.02054
25.84	0.01281
25.85	0.00112
25.86	-0.02390
25.87	-0.03117
25.88	-0.03437
25.89	-0.02543
25.9	-0.00183
25.91	0.03305
25.92	0.05267
25.93	0.07138
25.94	0.06972
25.95	0.05518
25.96	0.05518
25.97	-0.00265
25.98	-0.01575
25.99	0.03021
26	0.05754
26.01	0.05088
26.02	0.03331
26.03	0.02215
26.04	0.00137
26.05	0.01090
26.06	0.03601
26.07	0.05956
26.08	0.05112
26.09	0.04579
26.1	0.01287
26.11	-0.00558
26.12	0.02543
26.13	0.05804
26.14	0.06720
26.15	0.06023
26.16	0.04937
26.17	0.00017
26.18	-0.01633
26.19	-0.01856
26.2	-0.01916
26.21	-0.01767
26.22	-0.00066
26.23	-0.02987
26.24	-0.04334
26.25	-0.03108
26.26	-0.02695
26.27	-0.04519
26.28	-0.04819
26.29	-0.03581
26.3	-0.03502
26.31	-0.02004
26.32	-0.01194
26.33	0.00021
26.34	-0.00626
26.35	-0.01118
26.36	-0.04900
26.37	-0.03709
26.38	-0.03158
26.39	-0.01302
26.4	0.02322
26.41	0.01567
26.42	-0.02528
26.43	-0.05401
26.44	-0.04714
26.45	-0.04935
26.46	-0.02977
26.47	-0.02144
26.48	-0.02378
26.49	-0.01849
26.5	-0.01828
26.51	-0.02115
26.52	-0.03736
26.53	-0.04741
26.54	-0.04782
26.55	-0.06316
26.56	-0.06018
26.57	-0.05883
26.58	-0.07991
26.59	-0.07838
26.6	-0.03063
26.61	0.02007
26.62	0.06617
26.63	0.06150
26.64	0.05451
26.65	0.04834
26.66	0.03774
26.67	0.02775
26.68	0.02665
26.69	0.01830
26.7	-0.00270
26.71	-0.00323
26.72	0.01055
26.73	0.03807
26.74	0.03763
26.75	0.02868
26.76	0.02448
26.77	0.00429
26.78	-0.00744
26.79	0.00431
26.8	0.01883
26.81	0.01896
26.82	0.00362
26.83	-0.01755
26.84	-0.01360
26.85	0.00885
26.86	0.02454
26.87	0.04883
26.88	0.05142
26.89	-0.00343
26.9	-0.05638
26.91	-0.10301
26.92	-0.12804
26.93	-0.07665
26.94	-0.02724
26.95	-0.01720
26.96	-0.02969
26.97	-0.04767
26.98	-0.07828
26.99	-0.11451
27	-0.13349
27.01	-0.12155
27.02	-0.08313
27.03	-0.02314
27.04	0.01144
27.05	0.02336
27.06	0.02279
27.07	0.00246
27.08	-0.02192
27.09	-0.02962
27.1	-0.04095
27.11	-0.06373
27.12	-0.05720
27.13	-0.04568
27.14	-0.03341
27.15	-0.04014
27.16	-0.04983
27.17	-0.02606
27.18	0.00221
27.19	0.03225
27.2	0.04572
27.21	0.02954
27.22	0.00316
27.23	-0.05077
27.24	-0.09320
27.25	-0.07778
27.26	-0.06723
27.27	-0.03240
27.28	-0.01490
27.29	-0.00903
27.3	-0.02278
27.31	-0.03531
27.32	-0.06040
27.33	-0.04104
27.34	-0.03935
27.35	-0.03946
27.36	-0.01150
27.37	0.00213
27.38	0.04419
27.39	0.06073
27.4	0.05298
27.41	0.04187
27.42	0.04416
27.43	0.00488
27.44	-0.02869
27.45	-0.02011
27.46	0.00181
27.47	0.00675
27.48	0.00821
27.49	0.04129
27.5	0.01958
27.51	0.01635
27.52	-0.00265
27.53	-0.02624
27.54	0.01554
27.55	0.05196
27.56	0.07959
27.57	0.09125
27.58	0.07887
27.59	0.06731
27.6	0.00920
27.61	-0.03815
27.62	-0.05722
27.63	-0.02811
27.64	0.00975
27.65	0.01056
27.66	-0.01402
27.67	-0.07723
27.68	-0.10598
27.69	-0.09556
27.7	-0.03311
27.71	0.00744
27.72	-0.00496
27.73	-0.05997
27.74	-0.10526
27.75	-0.09569
27.76	-0.05537
27.77	-0.05452
27.78	-0.04321
27.79	-0.04581
27.8	-0.05947
27.81	-0.03503
27.82	-0.00937
27.83	-0.00482
27.84	0.00446
27.85	-0.03168
27.86	-0.05656
27.87	-0.07954
27.88	-0.09746
27.89	-0.12155
27.9	-0.09443
27.91	-0.04969
27.92	-0.04665
27.93	-0.04710
27.94	-0.01960
27.95	0.01217
27.96	0.03380
27.97	0.04416
27.98	0.03659
27.99	0.00487
28	-0.00238
28.01	-0.03094
28.02	-0.02107
28.03	-0.03891
28.04	-0.05332
28.05	-0.05820
28.06	-0.05908
28.07	-0.05967
28.08	-0.06977
28.09	-0.08474
28.1	-0.10032
28.11	-0.08278
28.12	-0.08149
28.13	-0.05371
28.14	-0.00647
28.15	0.01827
28.16	0.02341
28.17	0.03397
28.18	0.04029
28.19	0.04832
28.2	0.04041
28.21	0.06337
28.22	0.10375
28.23	0.13361
28.24	0.14123
28.25	0.13175
28.26	0.14029
28.27	0.10218
28.28	0.09533
28.29	0.10146
28.3	0.09293
28.31	0.07569
28.32	0.07898
28.33	0.03658
28.34	0.00920
28.35	-0.00338
28.36	-0.01007
28.37	-0.01538
28.38	0.02395
28.39	0.04146
28.4	0.05776
28.41	0.07324
28.42	0.07595
28.43	0.07964
28.44	0.03302
28.45	-0.01105
28.46	-0.03284
28.47	-0.01434
28.48	-0.00509
28.49	-0.00111
28.5	-0.00142
28.51	0.01506
28.52	0.01720
28.53	-0.00031
28.54	-0.02522
28.55	-0.05989
28.56	-0.07577
28.57	-0.08659
28.58	-0.07333
28.59	-0.05501
28.6	-0.02872
28.61	-0.00261
28.62	-0.01381
28.63	-0.05118
28.64	-0.07677
28.65	-0.06018
28.66	-0.05046
28.67	-0.04641
28.68	-0.04856
28.69	-0.03969
28.7	-0.00688
28.71	-0.00133
28.72	0.02297
28.73	0.06405
28.74	0.07837
28.75	0.06383
28.76	-0.00128
28.77	-0.03467
28.78	-0.01907
28.79	0.01310
28.8	0.01190
28.81	0.02717
28.82	0.04626
28.83	0.03944
28.84	0.01972
28.85	-0.02597
28.86	-0.03704
28.87	-0.01520
28.88	0.01802
28.89	0.03501
28.9	0.05944
28.91	0.05416
28.92	0.03453
28.93	0.03853
28.94	0.03429
28.95	0.00621
28.96	0.00172
28.97	0.00961
28.98	0.00777
28.99	0.02121
29	0.02778
29.01	0.03361
29.02	0.04215
29.03	0.05276
29.04	0.04772
29.05	0.03018
29.06	0.00981
29.07	-0.00501
29.08	-0.01576
29.09	-0.03304
29.1	-0.02267
29.11	-0.02586
29.12	-0.02222
29.13	-0.00528
29.14	-0.01693
29.15	-0.01682
29.16	-0.02895
29.17	-0.02727
29.18	-0.01447
29.19	-0.00099
29.2	-0.02895
29.21	-0.08198
29.22	-0.12789
29.23	-0.14422
29.24	-0.13383
29.25	-0.10229
29.26	-0.03474
29.27	0.03612
29.28	0.07914
29.29	0.06733
29.3	0.00488
29.31	-0.06080
29.32	-0.10357
29.33	-0.12179
29.34	-0.11652
29.35	-0.08943
29.36	-0.04700
29.37	-0.04153
29.38	-0.03644
29.39	-0.01909
29.4	-0.00797
29.41	0.00631
29.42	0.03148
29.43	0.00433
29.44	-0.01314
29.45	-0.07143
29.46	-0.12727
29.47	-0.15565
29.48	-0.09212
29.49	0.01425
29.5	0.08942
29.51	0.10821
29.52	0.04399
29.53	-0.04403
29.54	-0.11638
29.55	-0.13565
29.56	-0.12488
29.57	-0.09353
29.58	-0.08510
29.59	-0.09448
29.6	-0.09524
29.61	-0.10202
29.62	-0.07901
29.63	-0.03432
29.64	-0.02057
29.65	0.00222
29.66	0.00821
29.67	0.00884
29.68	0.01762
29.69	0.03283
29.7	0.06910
29.71	0.07144
29.72	0.07559
29.73	0.06617
29.74	0.04696
29.75	0.06951
29.76	0.10655
29.77	0.09838
29.78	0.09673
29.79	0.07437
29.8	0.04751
29.81	0.03917
29.82	0.10144
29.83	0.14994
29.84	0.18394
29.85	0.18560
29.86	0.15561
29.87	0.10767
29.88	0.07666
29.89	0.07348
29.9	0.07176
29.91	0.07126
29.92	0.07242
29.93	0.01393
29.94	-0.04399
29.95	-0.08556
29.96	-0.10927
29.97	-0.09773
29.98	-0.07526
29.99	-0.02667
30	-0.00334
30.01	0.00294
30.02	0.02016
30.03	0.00829
30.04	0.01680
30.05	0.00361
30.06	-0.04310
30.07	-0.07242
30.08	-0.07052
30.09	-0.03770
30.1	0.01117
30.11	0.03061
30.12	0.01611
30.13	0.00787
30.14	0.02127
30.15	0.03643
30.16	0.00355
30.17	-0.02265
30.18	-0.03964
30.19	-0.05964
30.2	-0.05814
30.21	-0.06277
30.22	-0.07439
30.23	-0.09357
30.24	-0.08898
30.25	-0.08856
30.26	-0.08163
30.27	-0.06130
30.28	-0.04504
30.29	-0.04193
30.3	-0.03084
30.31	-0.00600
30.32	0.02049
30.33	0.05138
30.34	0.04092
30.35	0.03235
30.36	0.04795
30.37	0.06729
30.38	0.08641
30.39	0.09601
30.4	0.02898
30.41	-0.02801
30.42	-0.05729
30.43	-0.03431
30.44	-0.02268
30.45	0.02774
30.46	0.05855
30.47	0.11502
30.48	0.12771
30.49	0.12687
30.5	0.11968
30.51	0.09009
30.52	0.06995
30.53	0.07619
30.54	0.04954
30.55	0.03597
30.56	0.07948
30.57	0.11022
30.58	0.10163
30.59	0.10559
30.6	0.07725
30.61	0.04688
30.62	0.02693
30.63	0.02411
30.64	0.04142
30.65	0.05561
30.66	0.05065
30.67	0.04240
30.68	0.03523
30.69	0.04269
30.7	0.03054
30.71	0.01472
30.72	0.00775
30.73	0.00704
30.74	0.01518
30.75	-0.01451
30.76	-0.06511
30.77	-0.10462
30.78	-0.13278
30.79	-0.14245
30.8	-0.14697
30.81	-0.10894
30.82	-0.07690
30.83	-0.08213
30.84	-0.05884
30.85	-0.06240
30.86	-0.07881
30.87	-0.04016
30.88	-0.01936
30.89	-0.01575
30.9	-0.05181
30.91	-0.05574
30.92	-0.03001
30.93	-0.00095
30.94	0.00527
30.95	0.00448
30.96	0.00181
30.97	-0.00736
30.98	0.00544
30.99	0.00620
31	-0.00437
31.01	-0.02271
31.02	-0.05042
31.03	-0.02626
31.04	0.04053
31.05	0.09628
31.06	0.12898
31.07	0.13341
31.08	0.11840
31.09	0.11461
31.1	0.10411
31.11	0.07616
31.12	0.07000
31.13	0.08992
31.14	0.09306
31.15	0.06117
31.16	0.00637
31.17	-0.01180
31.18	-0.02138
31.19	-0.01286
31.2	0.01933
31.21	0.06679
31.22	0.08897
31.23	0.09499
31.24	0.04849
31.25	-0.06859
31.26	-0.11586
31.27	-0.13354
31.28	-0.17325
31.29	-0.14794
31.3	-0.09205
31.31	-0.05870
31.32	0.00989
31.33	0.04336
31.34	0.02908
31.35	0.05012
31.36	0.07012
31.37	0.07310
31.38	0.11204
31.39	0.07890
31.4	-0.01244
31.41	-0.08055
31.42	-0.07805
31.43	-0.03992
31.44	0.02471
31.45	0.08361
31.46	0.12443
31.47	0.09805
31.48	0.07682
31.49	0.05132
31.5	-0.00539
31.51	-0.06443
31.52	-0.05114
31.53	-0.04180
31.54	-0.02186
31.55	0.00523
31.56	-0.00060
31.57	0.00923
31.58	0.02537
31.59	0.03866
31.6	0.03620
31.61	0.04067
31.62	0.02389
31.63	0.01400
31.64	0.00099
31.65	-0.00274
31.66	-0.00169
31.67	0.00009
31.68	-0.03547
31.69	-0.02345
31.7	0.00858
31.71	0.00125
31.72	-0.01063
31.73	-0.04090
31.74	-0.08444
31.75	-0.08999
31.76	-0.09109
31.77	-0.10175
31.78	-0.09603
31.79	-0.10109
31.8	-0.06503
31.81	-0.03577
31.82	0.05632
31.83	0.09693
31.84	0.08539
31.85	0.06592
31.86	0.04551
31.87	0.03367
31.88	0.04453
31.89	0.06216
31.9	0.08651
31.91	0.08364
31.92	0.06727
31.93	0.01644
31.94	-0.02219
31.95	-0.04892
31.96	-0.08160
31.97	-0.07858
31.98	-0.08944
31.99	-0.10969
32	-0.08868
32.01	-0.05132
32.02	-0.01999
32.03	0.01935
32.04	0.03176
32.05	0.04380
32.06	0.05261
32.07	0.05393
32.08	0.07578
32.09	0.08323
32.1	0.08848
32.11	0.08620
32.12	0.09006
32.13	0.10399
32.14	0.12734
32.15	0.10994
32.16	0.06685
32.17	0.02793
32.18	0.01358
32.19	0.00242
32.2	0.03071
32.21	0.05141
32.22	0.07636
32.23	0.07335
32.24	0.06294
32.25	0.01477
32.26	-0.01217
32.27	-0.02639
32.28	-0.03228
32.29	-0.01879
32.3	-0.00185
32.31	0.01453
32.32	0.02195
32.33	0.00422
32.34	-0.03878
32.35	-0.06530
32.36	-0.05090
32.37	-0.04786
32.38	-0.04601
32.39	-0.02437
32.4	-0.01684
32.41	-0.01741
32.42	-0.01057
32.43	0.00514
32.44	0.02269
32.45	0.01388
32.46	0.00335
32.47	-0.01676
32.48	-0.02515
32.49	-0.02437
32.5	-0.02560
32.51	-0.02501
32.52	0.00253
32.53	0.03699
32.54	0.07345
32.55	0.08710
32.56	0.03893
32.57	-0.01163
32.58	-0.03732
32.59	-0.06114
32.6	-0.04475
32.61	-0.00308
32.62	0.02419
32.63	0.04267
32.64	0.02901
32.65	0.00792
32.66	0.03843
32.67	0.04357
32.68	0.05803
32.69	0.06259
32.7	0.05669
32.71	0.04718
32.72	0.05431
32.73	0.04512
32.74	0.03174
32.75	0.04368
32.76	0.01373
32.77	-0.02162
32.78	0.00768
32.79	0.05726
32.8	0.07834
32.81	0.08514
32.82	0.05601
32.83	0.04194
32.84	0.03436
32.85	0.03853
32.86	0.03930
32.87	0.03782
32.88	0.00887
32.89	-0.02165
32.9	-0.02704
32.91	-0.01866
32.92	-0.00018
32.93	-0.00897
32.94	-0.02718
32.95	-0.02320
32.96	-0.02987
32.97	-0.03197
32.98	-0.03742
32.99	-0.02678
33	-0.03661
33.01	-0.03840
33.02	-0.04125
33.03	-0.05638
33.04	-0.06378
33.05	-0.06323
33.06	-0.05807
33.07	-0.04047
33.08	-0.01658
33.09	0.00610
33.1	0.00986
33.11	-0.00440
33.12	-0.03636
33.13	-0.04808
33.14	-0.03644
33.15	-0.01555
33.16	0.00301
33.17	0.00148
33.18	-0.02014
33.19	-0.04498
33.2	-0.05666
33.21	-0.04742
33.22	-0.01245
33.23	0.01024
33.24	0.01137
33.25	-0.00188
33.26	-0.01659
33.27	-0.02820
33.28	-0.01665
33.29	0.00333
33.3	0.02514
33.31	0.03513
33.32	0.01083
33.33	-0.03656
33.34	-0.07049
33.35	-0.07349
33.36	-0.07251
33.37	-0.05417
33.38	-0.01726
33.39	0.01248
33.4	0.03584
33.41	0.05219
33.42	0.04136
33.43	0.00723
33.44	-0.03922
33.45	-0.04506
33.46	-0.02802
33.47	0.01014
33.48	0.03777
33.49	0.05710
33.5	0.03650
33.51	-0.01348
33.52	-0.07662
33.53	-0.10529
33.54	-0.09518
33.55	-0.07383
33.56	-0.03088
33.57	-0.01110
33.58	0.00644
33.59	0.02911
33.6	0.03791
33.61	0.02127
33.62	0.04050
33.63	0.04825
33.64	0.06690
33.65	0.07285
33.66	0.07692
33.67	0.07797
33.68	0.08224
33.69	0.07695
33.7	0.08109
33.71	0.06675
33.72	0.02004
33.73	-0.00699
33.74	-0.02144
33.75	-0.04421
33.76	-0.02898
33.77	-0.03420
33.78	-0.05005
33.79	-0.03484
33.8	-0.03431
33.81	-0.02194
33.82	-0.00699
33.83	0.00404
33.84	-0.01676
33.85	-0.02021
33.86	-0.02595
33.87	-0.03267
33.88	-0.04592
33.89	-0.05829
33.9	-0.04004
33.91	-0.02352
33.92	-0.02329
33.93	-0.00431
33.94	0.03047
33.95	0.03913
33.96	0.04728
33.97	0.05598
33.98	0.02868
33.99	-0.02010
34	-0.02762
34.01	-0.02046
34.02	-0.00977
34.03	0.02812
34.04	0.03817
34.05	0.01836
34.06	0.01600
34.07	0.01313
34.08	-0.00234
34.09	0.00901
34.1	-0.00031
34.11	-0.02321
34.12	-0.03075
34.13	-0.02253
34.14	-0.05249
34.15	-0.07169
34.16	-0.07524
34.17	-0.08222
34.18	-0.07020
34.19	-0.06122
34.2	-0.05706
34.21	-0.04489
34.22	-0.02855
34.23	-0.04085
34.24	-0.03710
34.25	-0.02562
34.26	0.00700
34.27	0.01821
34.28	0.01913
34.29	0.00130
34.3	0.00198
34.31	0.00122
34.32	0.00857
34.33	0.01972
34.34	0.04622
34.35	0.06240
34.36	0.04988
34.37	0.03048
34.38	0.00434
34.39	0.00779
34.4	-0.00071
34.41	-0.01290
34.42	-0.00818
34.43	0.00401
34.44	0.01041
34.45	0.01946
34.46	0.01762
34.47	-0.00268
34.48	-0.02302
34.49	-0.03514
34.5	-0.01215
34.51	0.01748
34.52	0.04934
34.53	0.06415
34.54	0.06601
34.55	0.03028
34.56	-0.02177
34.57	-0.06586
34.58	-0.07139
34.59	-0.04346
34.6	-0.01402
34.61	0.00826
34.62	0.00165
34.63	-0.01766
34.64	-0.02593
34.65	-0.02348
34.66	-0.01609
34.67	-0.02795
34.68	-0.03763
34.69	-0.03780
34.7	-0.04711
34.71	-0.03823
34.72	-0.03395
34.73	-0.02498
34.74	-0.02125
34.75	-0.02805
34.76	-0.02516
34.77	-0.02491
34.78	-0.01972
34.79	-0.02117
34.8	-0.00689
34.81	-0.00350
34.82	-0.00433
34.83	0.01019
34.84	0.02808
34.85	0.02739
34.86	0.03484
34.87	0.03354
34.88	0.01430
34.89	0.00935
34.9	0.00828
34.91	0.00031
34.92	0.00354
34.93	0.00545
34.94	-0.01232
34.95	-0.01811
34.96	0.00091
34.97	0.00088
34.98	-0.01019
34.99	-0.02205
35	-0.03291
35.01	-0.02951
35.02	-0.01028
35.03	0.01179
35.04	0.01733
35.05	0.01824
35.06	0.01989
35.07	0.04475
35.08	0.04605
35.09	0.05592
35.1	0.07115
35.11	0.07280
35.12	0.05471
35.13	0.05653
35.14	0.04294
35.15	0.02677
35.16	0.02908
35.17	0.01916
35.18	-0.00273
35.19	-0.01303
35.2	-0.01969
35.21	0.00092
35.22	0.00897
35.23	0.01868
35.24	0.01176
35.25	0.01952
35.26	0.02632
35.27	0.01368
35.28	0.00229
35.29	-0.01056
35.3	-0.03609
35.31	-0.04256
35.32	-0.02711
35.33	-0.04010
35.34	-0.05556
35.35	-0.05190
35.36	-0.03173
35.37	-0.03716
35.38	-0.04140
35.39	-0.05570
35.4	-0.07805
35.41	-0.09363
35.42	-0.08074
35.43	-0.08456
35.44	-0.09609
35.45	-0.09222
35.46	-0.09995
35.47	-0.09353
35.48	-0.08143
35.49	-0.07971
35.5	-0.06786
35.51	-0.05922
35.52	-0.04412
35.53	-0.03424
35.54	-0.01728
35.55	-0.01139
35.56	-0.01249
35.57	-0.00072
35.58	-0.00668
35.59	0.00027
35.6	-0.00831
35.61	-0.02516
35.62	-0.03507
35.63	-0.03377
35.64	-0.04184
35.65	-0.05185
35.66	-0.03684
35.67	-0.02716
35.68	-0.01187
35.69	-0.00731
35.7	-0.01216
35.71	-0.02115
35.72	-0.01583
35.73	-0.01711
35.74	-0.01404
35.75	-0.00005
35.76	-0.00964
35.77	-0.02019
35.78	-0.02196
35.79	-0.01383
35.8	0.00394
35.81	0.02136
35.82	0.02363
35.83	0.03111
35.84	0.05281
35.85	0.05897
35.86	0.04004
35.87	-0.00147
35.88	-0.03884
35.89	-0.05095
35.9	-0.06120
35.91	-0.04001
35.92	-0.01127
35.93	0.00912
35.94	0.02295
35.95	0.02395
35.96	0.03583
35.97	0.04793
35.98	0.05515
35.99	0.05080
36	0.03152
36.01	0.00312
36.02	0.00274
36.03	0.00675
36.04	-0.00241
36.05	-0.00985
36.06	-0.01393
36.07	-0.03034
36.08	-0.02926
36.09	-0.03154
36.1	-0.03146
36.11	0.00059
36.12	0.01215
36.13	0.01633
36.14	0.03299
36.15	0.02828
36.16	0.01401
36.17	0.03678
36.18	0.05913
36.19	0.07256
36.2	0.07911
36.21	0.07201
36.22	0.05578
36.23	0.04299
36.24	0.03512
36.25	0.01829
36.26	0.02708
36.27	0.02454
36.28	-0.00104
36.29	0.00592
36.3	0.02788
36.31	0.05153
36.32	0.06554
36.33	0.06530
36.34	0.02365
36.35	-0.00218
36.36	-0.00789
36.37	0.00060
36.38	0.00218
36.39	0.00921
36.4	-0.00901
36.41	-0.00002
36.42	0.01539
36.43	0.01799
36.44	0.01965
36.45	0.03250
36.46	0.03510
36.47	0.04213
36.48	0.05957
36.49	0.04612
36.5	0.02917
36.51	0.01788
36.52	0.00113
36.53	-0.00254
36.54	0.01702
36.55	0.02513
36.56	0.01466
36.57	0.03714
36.58	0.04679
36.59	0.04435
36.6	0.04639
36.61	0.03877
36.62	0.02219
36.63	0.01204
36.64	0.01139
36.65	0.00271
36.66	0.02058
36.67	0.04566
36.68	0.06663
36.69	0.06531
36.7	0.06040
36.71	0.04552
36.72	0.02048
36.73	0.00861
36.74	-0.00709
36.75	-0.02239
36.76	-0.03482
36.77	-0.04830
36.78	-0.05723
36.79	-0.05663
36.8	-0.05002
36.81	-0.02279
36.82	-0.00552
36.83	-0.00021
36.84	-0.00052
36.85	-0.00942
36.86	-0.01180
36.87	-0.01432
36.88	-0.00432
36.89	0.00346
36.9	0.00837
36.91	0.00638
36.92	-0.00435
36.93	-0.01980
36.94	-0.03694
36.95	-0.05295
36.96	-0.05113
36.97	-0.04454
36.98	-0.03818
36.99	-0.02328
37	-0.02063
37.01	-0.01949
37.02	-0.01313
37.03	-0.01215
37.04	-0.01569
37.05	-0.01477
37.06	-0.03180
37.07	-0.03867
37.08	-0.04396
37.09	-0.05924
37.1	-0.05652
37.11	-0.04902
37.12	-0.05315
37.13	-0.05305
37.14	-0.04037
37.15	-0.03191
37.16	-0.02615
37.17	-0.01881
37.18	-0.01177
37.19	-0.02152
37.2	-0.02032
37.21	-0.02149
37.22	-0.01201
37.23	0.00301
37.24	-0.00051
37.25	-0.01526
37.26	-0.01993
37.27	-0.03098
37.28	-0.03764
37.29	-0.03001
37.3	-0.02677
37.31	-0.01686
37.32	0.00105
37.33	0.00582
37.34	-0.00614
37.35	-0.01819
37.36	-0.02408
37.37	-0.02736
37.38	-0.01125
37.39	-0.00758
37.4	0.00265
37.41	-0.00344
37.42	-0.01005
37.43	-0.01561
37.44	-0.02129
37.45	-0.02638
37.46	-0.03221
37.47	-0.02091
37.48	-0.01190
37.49	-0.00864
37.5	0.00466
37.51	0.01236
37.52	0.01734
37.53	0.02462
37.54	0.02435
37.55	0.02181
37.56	0.01100
37.57	-0.00827
37.58	-0.02275
37.59	-0.01896
37.6	-0.01786
37.61	-0.00827
37.62	-0.00138
37.63	0.00800
37.64	0.01450
37.65	0.00217
37.66	0.00161
37.67	-0.00113
37.68	-0.01006
37.69	-0.01465
37.7	-0.01899
37.71	-0.02931
37.72	-0.03191
37.73	-0.01190
37.74	0.00503
37.75	0.01816
37.76	0.01794
37.77	0.00548
37.78	0.00055
37.79	-0.00196
37.8	-0.01136
37.81	-0.00897
37.82	-0.01499
37.83	-0.01228
37.84	-0.00844
37.85	-0.00853
37.86	-0.00142
37.87	-0.00198
37.88	0.00437
37.89	0.01907
37.9	0.03355
37.91	0.04365
37.92	0.04207
37.93	0.03325
37.94	0.03141
37.95	0.03624
37.96	0.04140
37.97	0.05315
37.98	0.04187
37.99	0.03517
38	0.03589
38.01	0.04216
38.02	0.05292
38.03	0.06224
38.04	0.06813
38.05	0.05668
38.06	0.04086
38.07	0.02931
38.08	0.02606
38.09	0.02250
38.1	0.01772
38.11	0.03333
38.12	0.03233
38.13	0.03091
38.14	0.02727
38.15	0.02617
38.16	0.02634
38.17	0.02768
38.18	0.01643
38.19	0.00925
38.2	0.00283
38.21	0.01060
38.22	0.01650
38.23	0.03028
38.24	0.02984
38.25	0.03434
38.26	0.02442
38.27	0.02225
38.28	0.01546
38.29	0.00945
38.3	0.00607
38.31	0.00633
38.32	0.00638
38.33	-0.00087
38.34	-0.00661
38.35	-0.01528
38.36	-0.01539
38.37	-0.01726
38.38	-0.00998
38.39	-0.01105
38.4	-0.01787
38.41	-0.01098
38.42	-0.01360
38.43	-0.02146
38.44	-0.02534
38.45	-0.03368
38.46	-0.03220
38.47	-0.02788
38.48	-0.03101
38.49	-0.02571
38.5	-0.01796
38.51	-0.02701
38.52	-0.03616
38.53	-0.03024
38.54	-0.02034
38.55	-0.01300
38.56	0.00308
38.57	0.01215
38.58	0.02954
38.59	0.04219
38.6	0.04254
38.61	0.03194
38.62	0.02438
38.63	0.02848
38.64	0.03344
38.65	0.03408
38.66	0.03873
38.67	0.05277
38.68	0.06060
38.69	0.06050
38.7	0.05282
38.71	0.05584
38.72	0.06364
38.73	0.05548
38.74	0.04989
38.75	0.03748
38.76	0.03787
38.77	0.03923
38.78	0.03859
38.79	0.04245
38.8	0.04739
38.81	0.05022
38.82	0.04493
38.83	0.02872
38.84	0.01883
38.85	0.00945
38.86	-0.00227
38.87	-0.00329
38.88	0.00963
38.89	0.01409
38.9	0.01120
38.91	0.01229
38.92	0.00597
38.93	0.01426
38.94	0.01637
38.95	0.02569
38.96	0.03011
38.97	0.03628
38.98	0.03556
38.99	0.02546
39	0.02017
39.01	0.02009
39.02	0.01162
39.03	0.00479
39.04	-0.00118
39.05	0.00344
39.06	-0.00650
39.07	-0.00710
39.08	-0.00366
39.09	-0.01083
39.1	-0.00700
39.11	-0.01142
39.12	-0.01786
39.13	-0.02862
39.14	-0.03125
39.15	-0.03633
39.16	-0.04253
39.17	-0.04835
39.18	-0.04531
39.19	-0.03281
39.2	-0.02596
39.21	-0.01255
39.22	0.00251
39.23	0.01395
39.24	0.01175
39.25	0.01339
39.26	0.01742
39.27	0.01463
39.28	0.01381
39.29	0.01381
39.3	0.00318
39.31	-0.00498
39.32	0.00003
39.33	0.00113
39.34	0.01179
39.35	0.01789
39.36	0.01022
39.37	0.00339
39.38	-0.00502
39.39	-0.01615
39.4	-0.00964
39.41	-0.01132
39.42	-0.01662
39.43	-0.01017
39.44	-0.01625
39.45	-0.02133
39.46	-0.01453
39.47	-0.01212
39.48	-0.01190
39.49	-0.00451
39.5	-0.01064
39.51	-0.01486
39.52	-0.02184
39.53	-0.02126
39.54	-0.01921
39.55	-0.01936
39.56	-0.01422
39.57	-0.01855
39.58	-0.01014
39.59	-0.01603
39.6	-0.02656
39.61	-0.02931
39.62	-0.02592
39.63	-0.01916
39.64	-0.01754
39.65	-0.01448
39.66	-0.00991
39.67	-0.00358
39.68	0.00151
39.69	0.00736
39.7	0.00772
39.71	0.00412
39.72	0.00015
39.73	-0.00542
39.74	-0.00771
39.75	-0.00196
39.76	0.00374
39.77	0.01828
39.78	0.03059
39.79	0.03665
39.8	0.03963
39.81	0.03897
39.82	0.03852
39.83	0.03913
39.84	0.02803
39.85	0.03162
39.86	0.03543
39.87	0.03887
39.88	0.03670
39.89	0.03887
39.9	0.04374
39.91	0.04063
39.92	0.02793
39.93	0.02179
39.94	0.02118
39.95	0.02565
39.96	0.02874
39.97	0.03763
39.98	0.03983
39.99	0.03974
40	0.03644
40.01	0.03651
40.02	0.03637
40.03	0.02852
40.04	0.02931
40.05	0.02589
40.06	0.02292
40.07	0.02574
40.08	0.02392
40.09	0.02133
40.1	0.01490
40.11	0.01357
40.12	0.00991
40.13	0.00691
40.14	-0.00080
40.15	-0.00584
40.16	-0.00704
40.17	-0.00691
40.18	-0.00277
40.19	0.00553
40.2	0.00627
40.21	-0.00112
40.22	-0.00088
40.23	-0.00408
40.24	-0.00388
40.25	-0.00409
40.26	-0.00809
40.27	-0.01862
40.28	-0.02671
40.29	-0.03222
40.3	-0.03845
40.31	-0.03514
40.32	-0.03397
40.33	-0.03534
40.34	-0.02957
40.35	-0.03240
40.36	-0.02797
40.37	-0.02287
40.38	-0.01752
40.39	-0.01682
40.4	-0.01147
40.41	-0.01824
40.42	-0.02807
40.43	-0.03286
40.44	-0.03472
40.45	-0.03541
40.46	-0.03663
40.47	-0.03600
40.48	-0.03833
40.49	-0.03753
40.5	-0.04409
40.51	-0.04616
40.52	-0.04366
40.53	-0.05170
40.54	-0.04904
40.55	-0.05098
40.56	-0.04930
40.57	-0.05016
40.58	-0.05405
40.59	-0.05053
40.6	-0.03366
40.61	-0.02655
40.62	-0.02313
40.63	-0.01951
40.64	-0.02202
40.65	-0.02458
40.66	-0.02143
40.67	-0.01992
40.68	-0.01290
40.69	-0.00876
40.7	-0.00040
40.71	0.00353
40.72	0.01449
40.73	0.02445
40.74	0.02994
40.75	0.03328
40.76	0.03996
40.77	0.03156
40.78	0.02617
40.79	0.02928
40.8	0.02698
40.81	0.03702
40.82	0.04486
40.83	0.04473
40.84	0.04274
40.85	0.05005
40.86	0.04825
40.87	0.04319
40.88	0.02841
40.89	0.01873
40.9	0.01559
40.91	0.02142
40.92	0.02927
40.93	0.03423
40.94	0.03391
40.95	0.02946
40.96	0.03226
40.97	0.03647
40.98	0.02875
40.99	0.02720
41	0.01784
41.01	0.01773
41.02	0.01676
41.03	0.01437
41.04	0.00797
41.05	0.00956
41.06	0.01109
41.07	0.01732
41.08	0.01935
41.09	0.02592
41.1	0.02595
41.11	0.02302
41.12	0.02111
41.13	0.01886
41.14	0.01493
41.15	0.01172
41.16	0.00240
41.17	-0.00578
41.18	-0.00891
41.19	-0.01854
41.2	-0.01960
41.21	-0.01435
41.22	-0.01320
41.23	-0.01776
41.24	-0.01777
41.25	-0.01929
41.26	-0.02081
41.27	-0.01787
41.28	-0.01081
41.29	-0.00586
41.3	-0.00235
41.31	-0.00854
41.32	-0.01588
41.33	-0.01682
41.34	-0.01969
41.35	-0.01906
41.36	-0.02081
41.37	-0.02584
41.38	-0.02988
41.39	-0.02334
41.4	-0.03177
41.41	-0.03036
41.42	-0.02121
41.43	-0.01688
41.44	-0.02155
41.45	-0.02446
41.46	-0.02849
41.47	-0.03484
41.48	-0.03454
41.49	-0.03182
41.5	-0.03254
41.51	-0.03500
41.52	-0.03487
41.53	-0.03890
41.54	-0.04165
41.55	-0.04186
41.56	-0.03613
41.57	-0.03413
41.58	-0.03026
41.59	-0.01928
41.6	-0.01265
41.61	-0.00527
41.62	-0.00759
41.63	-0.01297
41.64	-0.01092
41.65	-0.00674
41.66	-0.00273
41.67	-0.00239
41.68	-0.00712
41.69	-0.01027
41.7	-0.00935
41.71	-0.00681
41.72	-0.00962
41.73	-0.01473
41.74	-0.00869
41.75	-0.00325
41.76	-0.00613
41.77	-0.00023
41.78	0.00635
41.79	0.01020
41.8	0.01498
41.81	0.01540
41.82	0.01513
41.83	0.01540
41.84	0.02052
41.85	0.01960
41.86	0.02316
41.87	0.02538
41.88	0.02443
41.89	0.02874
41.9	0.02825
41.91	0.02302
41.92	0.02166
41.93	0.01263
41.94	0.01454
41.95	0.01726
41.96	0.01866
41.97	0.01426
41.98	0.01999
41.99	0.02597
42	0.02651
42.01	0.02762
42.02	0.02574
42.03	0.02273
42.04	0.01659
42.05	0.01413
42.06	0.01662
42.07	0.01472
42.08	0.02161
42.09	0.02174
42.1	0.01360
42.11	0.00141
42.12	-0.01080
42.13	-0.01536
42.14	-0.02259
42.15	-0.02311
42.16	-0.01979
42.17	-0.01762
42.18	-0.01791
42.19	-0.02295
42.2	-0.02299
42.21	-0.01689
42.22	-0.01802
42.23	-0.02315
42.24	-0.03229
42.25	-0.03976
42.26	-0.04018
42.27	-0.03163
42.28	-0.03263
42.29	-0.03335
42.3	-0.03660
42.31	-0.05108
42.32	-0.05914
42.33	-0.05742
42.34	-0.06233
42.35	-0.06956
42.36	-0.07158
42.37	-0.06867
42.38	-0.06816
42.39	-0.06433
42.4	-0.05901
42.41	-0.04849
42.42	-0.03827
42.43	-0.03125
42.44	-0.02675
42.45	-0.01981
42.46	-0.03020
42.47	-0.03108
42.48	-0.03119
42.49	-0.03639
42.5	-0.03019
42.51	-0.02532
42.52	-0.02943
42.53	-0.04010
42.54	-0.04190
42.55	-0.04343
42.56	-0.03955
42.57	-0.03837
42.58	-0.03458
42.59	-0.03942
42.6	-0.03752
42.61	-0.03387
42.62	-0.03416
42.63	-0.02853
42.64	-0.02285
42.65	-0.01370
42.66	-0.01290
42.67	-0.01062
42.68	-0.01770
42.69	-0.02133
42.7	-0.01970
42.71	-0.01503
42.72	-0.00873
42.73	-0.00554
42.74	-0.00107
42.75	-0.00741
42.76	-0.00573
42.77	-0.00335
42.78	-0.00680
42.79	-0.00957
42.8	-0.00759
42.81	-0.00387
42.82	0.00293
42.83	0.00268
42.84	0.00713
42.85	0.00897
42.86	0.01012
42.87	0.00813
42.88	0.00656
42.89	0.00072
42.9	0.00007
42.91	-0.00030
42.92	0.00585
42.93	0.00651
42.94	0.00780
42.95	0.00536
42.96	0.00179
42.97	-0.00688
42.98	-0.01699
42.99	-0.01632
43	-0.01535
43.01	-0.01347
43.02	-0.00701
43.03	0.00054
43.04	-0.00130
43.05	-0.00440
43.06	-0.00267
43.07	-0.00540
43.08	-0.01030
43.09	-0.01077
43.1	-0.01311
43.11	-0.01815
43.12	-0.01546
43.13	-0.01379
43.14	-0.00777
43.15	-0.00423
43.16	0.00309
43.17	0.00075
43.18	-0.00145
43.19	-0.00028
43.2	0.00228
43.21	0.01307
43.22	0.01277
43.23	0.01323
43.24	0.02399
43.25	0.02872
43.26	0.02794
43.27	0.02577
43.28	0.02805
43.29	0.01994
43.3	0.02121
43.31	0.02648
43.32	0.03063
43.33	0.02950
43.34	0.02953
43.35	0.02931
43.36	0.03522
43.37	0.03996
43.38	0.04623
43.39	0.04888
43.4	0.04360
43.41	0.04056
43.42	0.03823
43.43	0.03893
43.44	0.03872
43.45	0.04112
43.46	0.04137
43.47	0.04886
43.48	0.05640
43.49	0.06103
43.5	0.06703
43.51	0.05628
43.52	0.04606
43.53	0.04829
43.54	0.05594
43.55	0.05471
43.56	0.05776
43.57	0.06191
43.58	0.06244
43.59	0.06713
43.6	0.06301
43.61	0.06577
43.62	0.06499
43.63	0.06131
43.64	0.05058
43.65	0.04378
43.66	0.03873
43.67	0.03617
43.68	0.03614
43.69	0.02300
43.7	0.01893
43.71	0.02099
43.72	0.02418
43.73	0.01923
43.74	0.01866
43.75	0.00919
43.76	0.00718
43.77	0.01182
43.78	0.01361
43.79	0.00703
43.8	0.00761
43.81	0.00150
43.82	-0.00481
43.83	-0.01208
43.84	-0.01622
43.85	-0.01703
43.86	-0.02661
43.87	-0.03027
43.88	-0.03815
43.89	-0.04353
43.9	-0.04679
43.91	-0.05131
43.92	-0.05305
43.93	-0.05731
43.94	-0.05700
43.95	-0.05561
43.96	-0.04922
43.97	-0.04690
43.98	-0.04897
43.99	-0.05308
44	-0.05313
44.01	-0.05472
44.02	-0.05485
44.03	-0.06087
44.04	-0.06004
44.05	-0.06336
44.06	-0.05861
44.07	-0.05979
44.08	-0.05809
44.09	-0.05606
44.1	-0.05548
44.11	-0.05708
44.12	-0.05914
44.13	-0.06222
44.14	-0.05872
44.15	-0.06260
44.16	-0.05674
44.17	-0.05485
44.18	-0.05070
44.19	-0.04502
44.2	-0.04487
44.21	-0.03837
44.22	-0.03833
44.23	-0.04175
44.24	-0.03478
44.25	-0.03419
44.26	-0.03388
44.27	-0.02645
44.28	-0.02119
44.29	-0.01437
44.3	-0.00701
44.31	-0.00042
44.32	0.00152
44.33	0.00716
44.34	0.01604
44.35	0.02003
44.36	0.02628
44.37	0.03245
44.38	0.03717
44.39	0.04025
44.4	0.04218
44.41	0.04007
44.42	0.03776
44.43	0.03510
44.44	0.03511
44.45	0.03722
44.46	0.03177
44.47	0.03214
44.48	0.03847
44.49	0.04112
44.5	0.04890
44.51	0.04269
44.52	0.04213
44.53	0.04160
44.54	0.04003
44.55	0.03727
44.56	0.03463
44.57	0.03065
44.58	0.02948
44.59	0.03168
44.6	0.03616
44.61	0.03319
44.62	0.03700
44.63	0.03657
44.64	0.04015
44.65	0.03447
44.66	0.04051
44.67	0.04065
44.68	0.04244
44.69	0.04175
44.7	0.03770
44.71	0.03988
44.72	0.04363
44.73	0.03572
44.74	0.03783
44.75	0.04076
44.76	0.03833
44.77	0.03916
44.78	0.04069
44.79	0.03485
44.8	0.03538
44.81	0.03674
44.82	0.03268
44.83	0.02835
44.84	0.02741
44.85	0.02088
44.86	0.01543
44.87	0.01319
44.88	0.01346
44.89	0.01239
44.9	0.01250
44.91	0.01372
44.92	0.01659
44.93	0.02325
44.94	0.02645
44.95	0.02485
44.96	0.02287
44.97	0.02334
44.98	0.02440
44.99	0.02579
45	0.01773
45.01	0.01794
45.02	0.01367
45.03	0.00775
45.04	0.00688
45.05	0.00670
45.06	0.00396
45.07	0.00538
45.08	0.01130
45.09	0.01140
45.1	0.00904
45.11	0.00804
45.12	0.00041
45.13	-0.00705
45.14	-0.00645
45.15	-0.00347
45.16	0.00185
45.17	0.00151
45.18	-0.00250
45.19	-0.00679
45.2	-0.02180
45.21	-0.02558
45.22	-0.02813
45.23	-0.02544
45.24	-0.02297
45.25	-0.02053
45.26	-0.02350
45.27	-0.02931
45.28	-0.03707
45.29	-0.03817
45.3	-0.04150
45.31	-0.04009
45.32	-0.04012
45.33	-0.04136
45.34	-0.04418
45.35	-0.04727
45.36	-0.04687
45.37	-0.04828
45.38	-0.04658
45.39	-0.04383
45.4	-0.03409
45.41	-0.03186
45.42	-0.02974
45.43	-0.02339
45.44	-0.02487
45.45	-0.02654
45.46	-0.02024
45.47	-0.03084
45.48	-0.02783
45.49	-0.02739
45.5	-0.02693
45.51	-0.03127
45.52	-0.03251
45.53	-0.03294
45.54	-0.02745
45.55	-0.02649
45.56	-0.01893
45.57	-0.01317
45.58	-0.01672
45.59	-0.01934
45.6	-0.02365
45.61	-0.02825
45.62	-0.02638
45.63	-0.02460
45.64	-0.01881
45.65	-0.01519
45.66	-0.01573
45.67	-0.01509
45.68	-0.01555
45.69	-0.01537
45.7	-0.01346
45.71	-0.00357
45.72	0.00264
45.73	0.00310
45.74	0.00447
45.75	0.00623
45.76	0.00962
45.77	0.00581
45.78	0.00602
45.79	0.00354
45.8	-0.00067
45.81	-0.00064
45.82	-0.00717
45.83	-0.00719
45.84	0.00286
45.85	0.00499
45.86	0.01240
45.87	0.01538
45.88	0.01323
45.89	0.00654
45.9	0.00556
45.91	0.00148
45.92	-0.00078
45.93	0.00149
45.94	-0.00441
45.95	-0.00828
45.96	-0.00558
45.97	-0.00252
45.98	-0.00188
45.99	0.00564
46	0.01267
46.01	0.01327
46.02	0.02012
46.03	0.02116
46.04	0.01544
46.05	0.02193
46.06	0.02018
46.07	0.01248
46.08	0.00973
46.09	0.00947
46.1	0.00691
46.11	0.00829
46.12	0.01410
46.13	0.01559
46.14	0.01157
46.15	0.01000
46.16	0.00470
46.17	0.00981
46.18	0.01097
46.19	0.01360
46.2	0.01585
46.21	0.01239
46.22	0.01432
46.23	0.01658
46.24	0.01360
46.25	0.01590
46.26	0.01704
46.27	0.01769
46.28	0.01140
46.29	0.00788
46.3	-0.00148
46.31	0.00691
46.32	0.01600
46.33	0.01783
46.34	0.02348
46.35	0.01628
46.36	0.01586
46.37	0.00994
46.38	0.00712
46.39	0.00589
46.4	0.00615
46.41	0.00521
46.42	-0.00195
46.43	-0.00571
46.44	-0.00668
46.45	-0.00692
46.46	-0.00341
46.47	-0.00018
46.48	0.00588
46.49	0.00654
46.5	0.00731
46.51	0.00880
46.52	0.01201
46.53	0.01043
46.54	0.00218
46.55	0.00917
46.56	0.01317
46.57	0.01116
46.58	0.00873
46.59	0.00193
46.6	-0.00776
46.61	-0.01566
46.62	-0.01973
46.63	-0.01396
46.64	-0.00761
46.65	-0.00673
46.66	0.00089
46.67	-0.00245
46.68	-0.00082
46.69	-0.00015
46.7	0.00461
46.71	0.01017
46.72	0.01229
46.73	0.00664
46.74	0.01190
46.75	0.00893
46.76	0.01286
46.77	0.01635
46.78	0.02162
46.79	0.02130
46.8	0.02149
46.81	0.02118
46.82	0.01790
46.83	0.01346
46.84	0.01227
46.85	0.01651
46.86	0.02480
46.87	0.02495
46.88	0.02153
46.89	0.01896
46.9	0.01527
46.91	0.00706
46.92	0.00045
46.93	0.00360
46.94	0.00178
46.95	0.00444
46.96	0.00444
46.97	0.00882
46.98	0.00686
46.99	0.01024
47	0.00617
47.01	0.00669
47.02	0.00563
47.03	0.00393
47.04	0.00606
47.05	0.00541
47.06	0.00879
47.07	0.00744
47.08	0.00499
47.09	0.00098
47.1	-0.00378
47.11	-0.00874
47.12	-0.00794
47.13	-0.00474
47.14	-0.00169
47.15	-0.00523
47.16	-0.00548
47.17	-0.01288
47.18	-0.01856
47.19	-0.01849
47.2	-0.01590
47.21	-0.01310
47.22	-0.00634
47.23	-0.00458
47.24	-0.00734
47.25	-0.00785
47.26	-0.01370
47.27	-0.01173
47.28	-0.00486
47.29	-0.00007
47.3	0.00407
47.31	0.00473
47.32	0.00401
47.33	0.00205
47.34	0.00491
47.35	0.00243
47.36	0.00318
47.37	-0.00162
47.38	-0.00076
47.39	-0.00205
47.4	-0.00474
47.41	-0.00971
47.42	-0.00780
47.43	-0.00291
47.44	0.00591
47.45	0.01203
47.46	0.01572
47.47	0.02319
47.48	0.02571
47.49	0.03068
47.5	0.03201
47.51	0.02981
47.52	0.02758
47.53	0.02707
47.54	0.02217
47.55	0.02432
47.56	0.03035
47.57	0.03554
47.58	0.03500
47.59	0.02988
47.6	0.02237
47.61	0.02096
47.62	0.01873
47.63	0.01964
47.64	0.02021
47.65	0.02415
47.66	0.02582
47.67	0.02656
47.68	0.03042
47.69	0.03317
47.7	0.03371
47.71	0.03079
47.72	0.03480
47.73	0.03654
47.74	0.03563
47.75	0.03407
47.76	0.03064
47.77	0.02662
47.78	0.02956
47.79	0.02339
47.8	0.02763
47.81	0.03275
47.82	0.03215
47.83	0.03347
47.84	0.03150
47.85	0.02798
47.86	0.02701
47.87	0.03014
47.88	0.02932
47.89	0.03371
47.9	0.02702
47.91	0.02708
47.92	0.02230
47.93	0.02419
47.94	0.02316
47.95	0.02155
47.96	0.02255
47.97	0.02166
47.98	0.01852
47.99	0.01835
48	0.01857
48.01	0.01773
48.02	0.01165
48.03	0.00419
48.04	-0.00005
48.05	-0.00832
48.06	-0.01017
48.07	-0.00779
48.08	0.00090
48.09	0.00524
48.1	0.00669
48.11	0.00085
48.12	-0.00036
48.13	-0.00482
48.14	-0.00846
48.15	-0.00651
48.16	-0.00614
48.17	-0.00281
48.18	-0.00018
48.19	0.00066
48.2	0.00497
48.21	0.00292
48.22	0.00497
48.23	0.00087
48.24	-0.00260
48.25	-0.00408
48.26	-0.00408
48.27	-0.00744
48.28	-0.00473
48.29	-0.00121
48.3	-0.00344
48.31	-0.00067
48.32	-0.00250
48.33	-0.00349
48.34	-0.00714
48.35	-0.00724
48.36	-0.01411
48.37	-0.01187
48.38	-0.01057
48.39	-0.01387
48.4	-0.01650
48.41	-0.01207
48.42	-0.01164
48.43	-0.01672
48.44	-0.01729
48.45	-0.02646
48.46	-0.02335
48.47	-0.02636
48.48	-0.02779
48.49	-0.02652
48.5	-0.02500
48.51	-0.01952
48.52	-0.01709
48.53	-0.01559
48.54	-0.02268
48.55	-0.02622
48.56	-0.03232
48.57	-0.03311
48.58	-0.03610
48.59	-0.02791
48.6	-0.02428
48.61	-0.02175
48.62	-0.02037
48.63	-0.01879
48.64	-0.02079
48.65	-0.02274
48.66	-0.02386
48.67	-0.02942
48.68	-0.03183
48.69	-0.02834
48.7	-0.03166
48.71	-0.03284
48.72	-0.03533
48.73	-0.04246
48.74	-0.04179
48.75	-0.03431
48.76	-0.03472
48.77	-0.03688
48.78	-0.03617
48.79	-0.03585
48.8	-0.03322
48.81	-0.02998
48.82	-0.02895
48.83	-0.02595
48.84	-0.02404
48.85	-0.02364
48.86	-0.02378
48.87	-0.01984
48.88	-0.01277
48.89	-0.01589
48.9	-0.01966
48.91	-0.02008
48.92	-0.01862
48.93	-0.02239
48.94	-0.01818
48.95	-0.02173
48.96	-0.01746
48.97	-0.01734
48.98	-0.01893
48.99	-0.01665
49	-0.01900
49.01	-0.01929
49.02	-0.01889
49.03	-0.01594
49.04	-0.01919
49.05	-0.01677
49.06	-0.01919
49.07	-0.01941
49.08	-0.02349
49.09	-0.02377
49.1	-0.02390
49.11	-0.02744
49.12	-0.01796
49.13	-0.01781
49.14	-0.02156
49.15	-0.01783
49.16	-0.01846
49.17	-0.02225
49.18	-0.01937
49.19	-0.01925
49.2	-0.01453
49.21	-0.01270
49.22	-0.00868
49.23	-0.00491
49.24	-0.00645
49.25	-0.00910
49.26	-0.00799
49.27	-0.00802
49.28	-0.01063
49.29	-0.01360
49.3	-0.01550
49.31	-0.01727
49.32	-0.01403
49.33	-0.01088
49.34	-0.01154
49.35	-0.01227
49.36	-0.00911
49.37	-0.00666
49.38	-0.00830
49.39	-0.01044
49.4	-0.00971
49.41	-0.01107
49.42	-0.01050
49.43	-0.00284
49.44	-0.00209
49.45	0.00262
49.46	0.00218
49.47	0.00421
49.48	-0.00043
49.49	0.00225
49.5	0.00258
49.51	0.01150
49.52	0.01193
49.53	0.01637
49.54	0.01671
49.55	0.01382
49.56	0.01896
49.57	0.01103
49.58	0.01084
49.59	0.00425
49.6	-0.00142
49.61	-0.00482
49.62	-0.00415
49.63	0.00163
49.64	0.00019
49.65	0.00494
49.66	0.01203
49.67	0.02251
49.68	0.02318
49.69	0.02115
49.7	0.01997
49.71	0.01763
49.72	0.01607
49.73	0.01996
49.74	0.02461
49.75	0.02853
49.76	0.02562
49.77	0.02517
49.78	0.02219
49.79	0.01502
49.8	0.01257
49.81	0.00580
49.82	0.00578
49.83	0.00281
49.84	0.00448
49.85	0.00733
49.86	0.00780
49.87	0.00368
49.88	0.00179
49.89	0.00069
49.9	0.00390
49.91	-0.00173
49.92	-0.00008
49.93	0.00024
49.94	-0.00222
49.95	-0.00599
49.96	-0.00890
49.97	-0.00821
49.98	-0.00060
49.99	0.00667
50	0.01163
50.01	0.01203
50.02	0.01423
50.03	0.01278
50.04	0.01366
50.05	0.01139
50.06	0.01333
50.07	0.01233
50.08	0.01277
50.09	0.00992
50.1	0.00300
50.11	0.00241
50.12	0.00264
50.13	0.00051
50.14	0.00231
50.15	0.00138
50.16	-0.00165
50.17	0.00271
50.18	0.00038
50.19	0.00149
50.2	0.00059
50.21	0.00561
50.22	0.00601
50.23	0.00952
50.24	0.00259
50.25	-0.00108
50.26	-0.00283
50.27	0.00058
50.28	0.00420
50.29	0.00435
50.3	0.00341
50.31	-0.00101
50.32	0.00045
50.33	0.00131
50.34	0.00192
50.35	0.00099
50.36	0.00208
50.37	0.00371
50.38	-0.00316
50.39	-0.00501
50.4	-0.00541
50.41	-0.00298
50.42	-0.00232
50.43	-0.00089
50.44	0.00470
50.45	-0.00055
50.46	0.00012
50.47	-0.00064
50.48	-0.00633
50.49	-0.00932
50.5	-0.01311
50.51	-0.01334
50.52	-0.01301
50.53	-0.01064
50.54	-0.01367
50.55	-0.01593
50.56	-0.01767
50.57	-0.01461
50.58	-0.01586
50.59	-0.01120
50.6	-0.01193
50.61	-0.01134
50.62	-0.01510
50.63	-0.01570
50.64	-0.01799
50.65	-0.01786
50.66	-0.01746
50.67	-0.01533
50.68	-0.01431
50.69	-0.01596
50.7	-0.01553
50.71	-0.01186
50.72	-0.01197
50.73	-0.01021
50.74	-0.01023
50.75	-0.01407
50.76	-0.01829
50.77	-0.01333
50.78	-0.01570
50.79	-0.01552
50.8	-0.01487
50.81	-0.02019
50.82	-0.02038
50.83	-0.01959
50.84	-0.01945
50.85	-0.02294
50.86	-0.02286
50.87	-0.02122
50.88	-0.02016
50.89	-0.01596
50.9	-0.01350
50.91	-0.01380
50.92	-0.01559
50.93	-0.01705
50.94	-0.01751
50.95	-0.01956
50.96	-0.02389
50.97	-0.02422
50.98	-0.01849
50.99	-0.02046
51	-0.01403
51.01	-0.01346
51.02	-0.01268
51.03	-0.01214
51.04	-0.01230
51.05	-0.01192
51.06	-0.01310
51.07	-0.01479
51.08	-0.01342
51.09	-0.01472
51.1	-0.01142
51.11	-0.00987
51.12	-0.00637
51.13	-0.00678
51.14	-0.01027
51.15	-0.01196
51.16	-0.00903
51.17	-0.00634
51.18	-0.00502
51.19	-0.00646
51.2	-0.00564
51.21	-0.00052
51.22	-0.00141
51.23	-0.00104
51.24	0.00477
51.25	0.00998
51.26	0.01267
51.27	0.01792
51.28	0.01359
51.29	0.00784
51.3	0.00883
51.31	0.00707
51.32	0.00947
51.33	0.01244
51.34	0.01050
51.35	0.01305
51.36	0.01374
51.37	0.01064
51.38	0.01396
51.39	0.00942
51.4	0.00622
51.41	0.00391
51.42	0.00694
51.43	0.00636
51.44	0.00095
51.45	0.00098
51.46	0.00147
51.47	0.00075
51.48	-0.00269
51.49	-0.00087
51.5	0.00329
51.51	0.00199
51.52	0.00207
51.53	0.00274
51.54	-0.00085
51.55	-0.00092
51.56	0.00703
51.57	-0.00004
51.58	0.00456
51.59	0.00398
51.6	-0.00160
51.61	-0.00305
51.62	-0.00491
51.63	-0.00440
51.64	-0.00366
51.65	-0.00525
51.66	-0.00602
51.67	0.00149
51.68	0.00255
51.69	0.00584
51.7	0.00447
51.71	-0.00114
51.72	0.00260
51.73	0.00096
51.74	0.00178
51.75	-0.00008
51.76	-0.00243
51.77	-0.00301
51.78	-0.00614
51.79	-0.00385
51.8	0.00098
51.81	0.00052
51.82	-0.00287
51.83	-0.00381
51.84	-0.00541
51.85	-0.00784
51.86	-0.00965
51.87	-0.00281
51.88	0.00339
51.89	0.00597
51.9	0.00861
51.91	0.00621
51.92	0.00764
51.93	0.00865
51.94	0.00282
51.95	-0.00098
51.96	-0.00216
51.97	-0.00012
51.98	-0.00032
51.99	-0.00488
52	-0.00384
52.01	-0.00333
52.02	-0.00528
52.03	-0.00078
52.04	-0.00205
52.05	-0.00011
52.06	-0.00268
52.07	-0.00483
52.08	-0.00697
52.09	-0.00846
52.1	-0.01434
52.11	-0.01689
52.12	-0.00839
52.13	-0.00388
52.14	0.00258
52.15	0.00507
52.16	0.00499
52.17	0.00757
52.18	0.00572
52.19	0.00494
52.2	0.00361
52.21	0.00306
52.22	0.00149
52.23	0.00318
52.24	0.00368
52.25	0.00463
52.26	-0.00107
52.27	-0.00171
52.28	-0.00067
52.29	-0.00052
52.3	0.00564
52.31	0.00703
52.32	0.00018
52.33	-0.00281
52.34	-0.00198
52.35	-0.00864
52.36	-0.00286
52.37	-0.00035
52.38	0.00188
52.39	0.00361
52.4	0.00155
52.41	0.00268
52.42	0.00338
52.43	0.00548
52.44	0.00328
52.45	0.00389
52.46	0.00364
52.47	0.00359
52.48	0.00904
52.49	0.01190
52.5	0.01429
52.51	0.01711
52.52	0.02043
52.53	0.01746
52.54	0.01806
52.55	0.01458
52.56	0.01719
52.57	0.01471
52.58	0.01808
52.59	0.02057
52.6	0.01462
52.61	0.01395
52.62	0.01075
52.63	0.00919
52.64	0.00668
52.65	0.00956
52.66	0.01702
52.67	0.02570
52.68	0.02741
52.69	0.02906
52.7	0.03014
52.71	0.02628
52.72	0.02724
52.73	0.02964
52.74	0.02835
52.75	0.03141
52.76	0.03155
52.77	0.02763
52.78	0.02959
52.79	0.02645
52.8	0.02155
52.81	0.02089
52.82	0.02262
52.83	0.01763
52.84	0.02011
52.85	0.01210
52.86	0.00850
52.87	0.00809
52.88	0.00328
52.89	0.00737
52.9	0.01197
52.91	0.01471
52.92	0.01409
52.93	0.01589
52.94	0.00979
52.95	0.00789
52.96	0.00494
52.97	0.00458
52.98	0.00665
52.99	0.00603
53	0.00761
53.01	0.00800
53.02	0.00785
53.03	0.00973
53.04	0.01035
53.05	0.00643
53.06	0.00216
53.07	0.00852
53.08	0.01011
53.09	0.01360
53.1	0.01377
53.11	0.01536
53.12	0.01596
53.13	0.01073
53.14	0.01161
53.15	0.01207
53.16	0.01074
53.17	0.00869
53.18	0.00694
53.19	0.00632
53.2	0.00725
53.21	0.00544
53.22	0.00128
53.23	0.00353
53.24	0.00298
53.25	0.00205
53.26	0.00347
53.27	0.00747
53.28	0.00911
53.29	0.00598
53.3	0.00538
53.31	0.00684
53.32	0.00416
53.33	0.00254
53.34	0.00261
53.35	0.00087
53.36	0.00127
53.37	0.00025
53.38	0.00007
53.39	-0.00194
53.4	-0.00025
53.41	0.00344
53.42	0.00619
53.43	0.00205
53.44	-0.00077
53.45	-0.00091
53.46	-0.00528
53.47	-0.00448
53.48	-0.00251
53.49	-0.00021
53.5	0.00541
53.51	0.00672
53.52	0.00538
53.53	0.00843
53.54	0.00914
53.55	0.01030
53.56	0.00973
53.57	0.01090
53.58	0.01050
53.59	0.00858
53.6	0.00661
53.61	0.00439
53.62	0.00628
53.63	0.00474
53.64	0.00271
53.65	0.00101
53.66	0.00048
53.67	-0.00233
53.68	0.00006
53.69	0.00127
53.7	-0.00001
53.71	0.00353
53.72	0.00192
53.73	0.00200
53.74	0.00264
53.75	0.00356
53.76	0.00062
53.77	0.00288
53.78	0.00264
53.79	0.00286
53.8	0.00092
53.81	0.00245
53.82	0.00286
53.83	0.00311
53.84	0.00183
53.85	0.00225
53.86	0.00101
53.87	-0.00028
53.88	-0.00099
53.89	-0.00335
53.9	0.00048
53.91	0.00225
53.92	0.00018
53.93	-0.00059
53.94	-0.00028
53.95	-0.00208
53.96	-0.00481
53.97	-0.00882
53.98	-0.01153
53.99	-0.01136
54	-0.01631
54.01	-0.01707
54.02	-0.01615
54.03	-0.01586
54.04	-0.01572
54.05	-0.01063
54.06	-0.01084
54.07	-0.00483
54.08	-0.00328
54.09	-0.00481
54.1	-0.00651
54.11	-0.00740
54.12	-0.00584
54.13	-0.00115
54.14	0.00295
54.15	0.00256
54.16	0.00148
54.17	-0.00253
54.18	-0.00450
54.19	-0.00337
54.2	-0.00634
54.21	-0.00481
54.22	-0.00350
54.23	-0.00555
54.24	-0.00764
54.25	-0.00451
54.26	-0.00642
54.27	-0.00371
54.28	-0.00292
54.29	-0.00419
54.3	0.00195
54.31	0.00322
54.32	-0.00102
54.33	0.00133
54.34	0.00280
54.35	-0.00359
54.36	-0.00508
54.37	-0.00170
54.38	-0.00576
54.39	-0.00654
54.4	-0.00445
54.41	-0.00448
54.42	-0.00312
54.43	-0.00177
54.44	-0.00026
54.45	0.00022
54.46	0.00188
54.47	0.00048
54.48	0.00035
54.49	0.00293
54.5	0.00431
54.51	0.00163
54.52	0.00402
54.53	-0.00215
54.54	0.00042
54.55	-0.00052
54.56	0.00347
54.57	-0.00074
54.58	0.00038
54.59	0.00099
54.6	0.00291
54.61	0.00571
54.62	0.00618
54.63	0.00423
54.64	0.00731
54.65	0.00101
54.66	-0.00014
54.67	-0.00384
54.68	-0.00411
54.69	0.00126
54.7	0.00377
54.71	0.00723
54.72	0.00672
54.73	0.01192
54.74	0.01167
54.75	0.01469
54.76	0.01053
54.77	0.01056
54.78	0.00904
54.79	0.00444
54.8	0.00847
54.81	0.01047
54.82	0.01068
54.83	0.01080
54.84	0.01327
54.85	0.01504
54.86	0.01117
54.87	0.01032
54.88	0.00895
54.89	0.01225
54.9	0.01305
54.91	0.01719
54.92	0.01751
54.93	0.01992
54.94	0.01778
54.95	0.01659
54.96	0.01312
54.97	0.00922
54.98	0.01004
54.99	0.00757
55	0.00248
55.01	0.00304
55.02	0.00299
55.03	0.00609
55.04	0.00779
55.05	0.00898
55.06	0.00770
55.07	0.00502
55.08	0.00910
55.09	0.00954
55.1	0.01211
55.11	0.01222
55.12	0.01665
55.13	0.01127
55.14	0.00807
55.15	0.00626
55.16	0.00689
55.17	0.00946
55.18	0.01157
55.19	0.01220
55.2	0.00977
55.21	0.01028
55.22	0.00613
55.23	0.00771
55.24	0.00317
55.25	0.00383
55.26	0.00524
55.27	0.00786
55.28	0.00891
55.29	0.01368
55.3	0.01506
55.31	0.01286
55.32	0.01465
55.33	0.01385
55.34	0.01482
55.35	0.01205
55.36	0.00821
55.37	0.00451
55.38	-0.00390
55.39	-0.00704
55.4	-0.00650
55.41	-0.00930
55.42	-0.00841
55.43	-0.01063
55.44	-0.00618
55.45	-0.00761
55.46	-0.00253
55.47	-0.00269
55.48	-0.00366
55.49	-0.00527
55.5	-0.00749
55.51	-0.00458
55.52	-0.00328
55.53	-0.00096
55.54	-0.00334
55.55	-0.00272
55.56	-0.00540
55.57	-0.00365
55.58	-0.00515
55.59	-0.00639
55.6	0.00049
55.61	0.00033
55.62	0.00008
55.63	-0.00222
55.64	-0.00052
55.65	-0.00245
55.66	-0.00213
55.67	-0.00132
55.68	-0.00381
55.69	-0.00255
55.7	-0.00312
55.71	-0.00685
55.72	-0.00601
55.73	-0.00640
55.74	-0.00964
55.75	-0.00814
55.76	-0.00806
55.77	-0.01194
55.78	-0.01383
55.79	-0.01381
55.8	-0.01566
55.81	-0.01413
55.82	-0.01616
55.83	-0.01453
55.84	-0.01161
55.85	-0.01210
55.86	-0.01035
55.87	-0.00954
55.88	-0.00893
55.89	-0.01088
55.9	-0.01042
55.91	-0.01068
55.92	-0.01027
55.93	-0.01028
55.94	-0.01279
55.95	-0.01434
55.96	-0.01549
55.97	-0.01397
55.98	-0.01231
55.99	-0.01540
56	-0.01525
56.01	-0.01803
56.02	-0.01464
56.03	-0.01380
56.04	-0.01436
56.05	-0.01454
56.06	-0.01495
56.07	-0.01391
56.08	-0.01459
56.09	-0.00960
56.1	-0.00770
56.11	-0.01032
56.12	-0.00883
56.13	-0.01516
56.14	-0.01328
56.15	-0.01395
56.16	-0.01497
56.17	-0.01746
56.18	-0.01853
56.19	-0.01996
56.2	-0.01921
56.21	-0.02141
56.22	-0.01566
56.23	-0.01644
56.24	-0.01436
56.25	-0.01310
56.26	-0.01376
56.27	-0.01453
56.28	-0.01593
56.29	-0.01994
56.3	-0.01753
56.31	-0.01470
56.32	-0.01403
56.33	-0.01002
56.34	-0.01163
56.35	-0.01011
56.36	-0.01157
56.37	-0.01036
56.38	-0.01054
56.39	-0.01216
56.4	-0.00963
56.41	-0.01130
56.42	-0.01254
56.43	-0.01180
56.44	-0.01521
56.45	-0.01054
56.46	-0.01291
56.47	-0.00914
56.48	-0.00851
56.49	-0.00626
56.5	-0.00684
56.51	-0.00198
56.52	-0.00424
56.53	-0.00438
56.54	-0.00145
56.55	0.00171
56.56	0.00168
56.57	-0.00199
56.58	-0.00085
56.59	-0.00278
56.6	-0.00235
56.61	-0.00398
56.62	-0.00502
56.63	0.00134
56.64	-0.00145
56.65	-0.00323
56.66	0.00014
56.67	0.00034
56.68	-0.00357
56.69	-0.00120
56.7	-0.00170
56.71	-0.00148
56.72	0.00059
56.73	-0.00017
56.74	0.00441
56.75	0.00169
56.76	0.00422
56.77	0.00484
56.78	0.00441
56.79	0.00238
56.8	0.00056
56.81	-0.00163
56.82	-0.00262
56.83	-0.00373
56.84	-0.00594
56.85	-0.00937
56.86	-0.00897
56.87	-0.01067
56.88	-0.00762
56.89	-0.00626
56.9	-0.00142
56.91	-0.00403
56.92	-0.00385
56.93	-0.00592
56.94	-0.00969
56.95	-0.01035
56.96	-0.01043
56.97	-0.01237
56.98	-0.01310
56.99	-0.01451
57	-0.01210
57.01	-0.01493
57.02	-0.01426
57.03	-0.01371
57.04	-0.00891
57.05	-0.00660
57.06	-0.00592
57.07	-0.00573
57.08	-0.00648
57.09	-0.00572
57.1	-0.00734
57.11	-0.00751
57.12	-0.01094
57.13	-0.01189
57.14	-0.01147
57.15	-0.01202
57.16	-0.00830
57.17	-0.00710
57.18	-0.00600
57.19	-0.00927
57.2	-0.00734
57.21	-0.01004
57.22	-0.00916
57.23	-0.00443
57.24	-0.00841
57.25	-0.00509
57.26	-0.00509
57.27	-0.00563
57.28	-0.00579
57.29	-0.00391
57.3	-0.00441
57.31	-0.00634
57.32	-0.00717
57.33	-0.00574
57.34	-0.00638
57.35	-0.00584
57.36	-0.00769
57.37	-0.00944
57.38	-0.01082
57.39	-0.00834
57.4	-0.00803
57.41	-0.00521
57.42	-0.00513
57.43	-0.00854
57.44	-0.00947
57.45	-0.01231
57.46	-0.01200
57.47	-0.01212
57.48	-0.01309
57.49	-0.01338
57.5	-0.01102
57.51	-0.00906
57.52	-0.01033
57.53	-0.00927
57.54	-0.00600
57.55	-0.00667
57.56	-0.00556
57.57	-0.00671
57.58	-0.00567
57.59	-0.00269
57.6	0.00009
57.61	0.00019
57.62	0.00409
57.63	0.00253
57.64	-0.00165
57.65	0.00113
57.66	-0.00250
57.67	-0.00654
57.68	-0.01000
57.69	-0.00674
57.7	-0.00904
57.71	-0.00582
57.72	-0.00351
57.73	-0.00474
57.74	-0.00192
57.75	-0.00018
57.76	-0.00128
57.77	0.00297
57.78	0.00032
57.79	0.00055
57.8	-0.00071
57.81	-0.00180
57.82	-0.00209
57.83	-0.00261
57.84	-0.00230
57.85	0.00146
57.86	0.00228
57.87	0.00201
57.88	0.00137
57.89	0.00471
57.9	0.00335
57.91	0.00585
57.92	0.00554
57.93	0.00351
57.94	0.00490
57.95	0.00272
57.96	0.00608
57.97	0.00474
57.98	0.00535
57.99	0.00835
58	0.00945
58.01	0.00944
58.02	0.01135
58.03	0.00904
58.04	0.00820
58.05	0.00681
58.06	0.00764
58.07	0.00607
58.08	0.00768
58.09	0.00747
58.1	0.01019
58.11	0.01148
58.12	0.01269
58.13	0.01541
58.14	0.01440
58.15	0.01051
58.16	0.01014
58.17	0.00910
58.18	0.00932
58.19	0.00980
58.2	0.00857
58.21	0.00905
58.22	0.00608
58.23	0.00461
58.24	0.00539
58.25	0.00629
58.26	0.00526
58.27	0.00701
58.28	0.00696
58.29	0.00897
58.3	0.00550
58.31	0.00495
58.32	0.00194
58.33	0.00596
58.34	0.00613
58.35	0.00549
58.36	0.00552
58.37	0.00451
58.38	0.00637
58.39	0.00615
58.4	0.00519
58.41	0.00814
58.42	0.00752
58.43	0.00936
58.44	0.00799
58.45	0.00604
58.46	0.00547
58.47	0.00487
58.48	0.00549
58.49	0.00498
58.5	0.00475
58.51	0.00516
58.52	0.00509
58.53	0.00501
58.54	0.00701
58.55	0.00772
58.56	0.00948
58.57	0.00996
58.58	0.00940
58.59	0.01051
58.6	0.00970
58.61	0.00908
58.62	0.00677
58.63	0.00571
58.64	0.00538
58.65	0.00666
58.66	0.00701
58.67	0.00805
58.68	0.00674
58.69	0.00744
58.7	0.00838
58.71	0.00920
58.72	0.01050
58.73	0.01066
58.74	0.01057
58.75	0.01017
58.76	0.00893
58.77	0.00856
58.78	0.00751
58.79	0.00938
58.8	0.00946
58.81	0.00910
58.82	0.00814
58.83	0.00651
58.84	0.00682
58.85	0.00741
58.86	0.00781
58.87	0.00831
58.88	0.00857
58.89	0.01058
58.9	0.00807
58.91	0.00786
58.92	0.00646
58.93	0.00673
58.94	0.00827
58.95	0.00711
58.96	0.00703
58.97	0.00771
58.98	0.00950
58.99	0.00979
59	0.01088
59.01	0.01056
59.02	0.01209
59.03	0.01141
59.04	0.01127
59.05	0.01065
59.06	0.01127
59.07	0.01144
59.08	0.00931
59.09	0.00922
59.1	0.00848
59.11	0.00664
59.12	0.00690
59.13	0.00813
59.14	0.00689
59.15	0.00645
59.16	0.00644
59.17	0.00674
59.18	0.00684
59.19	0.00671
59.2	0.00760
59.21	0.00708
59.22	0.00716
59.23	0.00495
59.24	0.00476
59.25	0.00358
59.26	0.00238
59.27	0.00253
59.28	0.00201
59.29	0.00273
59.3	0.00304
59.31	0.00208
59.32	0.00195
59.33	0.00167
59.34	0.00038
59.35	0.00050
59.36	0.00011
59.37	-0.00108
59.38	0.00050
59.39	-0.00011
59.4	0.00055
59.41	0.00186
59.42	0.00286
59.43	0.00358
59.44	0.00245
59.45	0.00301
59.46	0.00354
59.47	0.00233
59.48	0.00201
59.49	0.00274
59.5	0.00292
59.51	0.00275
59.52	0.00335
59.53	0.00240
59.54	0.00174
59.55	0.00204
59.56	0.00248
59.57	0.00228
59.58	0.00218
59.59	0.00208
59.6	0.00134
59.61	0.00237
59.62	0.00158
59.63	0.00057
59.64	0.00127
59.65	0.00104
59.66	0.00039
59.67	0.00081
59.68	0.00008
59.69	0.00088
59.7	0.00012
59.71	0.00022
59.72	0.00095
59.73	0.00178
59.74	0.00077
59.75	0.00125
59.76	0.00193
59.77	0.00140
59.78	0.00198
59.79	0.00184
59.8	0.00158
59.81	0.00174
59.82	0.00093
59.83	0.00062
59.84	0.00004
59.85	-0.00073
59.86	-0.00107
59.87	-0.00148
59.88	-0.00158
59.89	-0.00186
59.9	-0.00175
59.91	-0.00130
59.92	-0.00158
59.93	-0.00165
59.94	-0.00298
59.95	-0.00306
59.96	-0.00307
59.97	-0.00245
59.98	-0.00262
59.99	-0.00208
60	-0.00206
60.01	-0.00185
60.02	-0.00225
60.03	-0.00250
60.04	-0.00261
60.05	-0.00364
60.06	-0.00339
60.07	-0.00369
60.08	-0.00339
60.09	-0.00289
60.1	-0.00327
60.11	-0.00315
60.12	-0.00260
60.13	-0.00262
60.14	-0.00275
60.15	-0.00231
60.16	-0.00258
60.17	-0.00268
60.18	-0.00329
60.19	-0.00358
60.2	-0.00378
60.21	-0.00371
60.22	-0.00368
60.23	-0.00389
60.24	-0.00345
60.25	-0.00305
60.26	-0.00298
60.27	-0.00317
60.28	-0.00339
60.29	-0.00362
60.3	-0.00378
60.31	-0.00385
60.32	-0.00403
60.33	-0.00360
60.34	-0.00360
60.35	-0.00315
60.36	-0.00303
60.37	-0.00289
60.38	-0.00273
60.39	-0.00255
60.4	-0.00189
60.41	-0.00212
60.42	-0.00187
60.43	-0.00181
60.44	-0.00197
60.45	-0.00218
60.46	-0.00225
60.47	-0.00225
60.48	-0.00221
60.49	-0.00214
60.5	-0.00221
60.51	-0.00231
60.52	-0.00219
60.53	-0.00206
60.54	-0.00204
60.55	-0.00203
60.56	-0.00191
60.57	-0.00186
60.58	-0.00176
60.59	-0.00183
60.6	-0.00194
60.61	-0.00191
60.62	-0.00215
60.63	-0.00219
60.64	-0.00201
60.65	-0.00201
60.66	-0.00203
60.67	-0.00200
60.68	-0.00188
60.69	-0.00191
60.7	-0.00194
60.71	-0.00193
60.72	-0.00171
60.73	-0.00165
60.74	-0.00158
60.75	-0.00157
60.76	-0.00157
60.77	-0.00158
60.78	-0.00148
60.79	-0.00142
60.8	-0.00130
60.81	-0.00138
60.82	-0.00131
60.83	-0.00129
60.84	-0.00131
60.85	-0.00131
60.86	-0.00118
60.87	-0.00119
60.88	-0.00123
60.89	-0.00118
60.9	-0.00112
60.91	-0.00106
60.92	-0.00101
60.93	-0.00100
60.94	-0.00098
60.95	-0.00095
60.96	-0.00088
60.97	-0.00089
60.98	-0.00082
60.99	-0.00082
61	-0.00082
61.01	-0.00085
61.02	-0.00080
61.03	-0.00080
61.04	-0.00076
61.05	-0.00075
61.06	-0.00073
61.07	-0.00073
61.08	-0.00068
61.09	-0.00068
61.1	-0.00067
61.11	-0.00062
61.12	-0.00060
61.13	-0.00057
61.14	-0.00056
61.15	-0.00053
61.16	-0.00056
61.17	-0.00054
61.18	-0.00054
61.19	-0.00052
61.2	-0.00052
61.21	-0.00052
61.22	-0.00054
61.23	-0.00054
61.24	-0.00052
61.25	-0.00052
61.26	-0.00052
61.27	-0.00049
61.28	-0.00049
61.29	-0.00048
61.3	-0.00048
61.31	-0.00046
61.32	-0.00045
61.33	-0.00045
61.34	-0.00044
61.35	-0.00042
61.36	-0.00040
61.37	-0.00038
61.38	-0.00038
61.39	-0.00037
61.4	-0.00037
61.41	-0.00035
61.42	-0.00035
61.43	-0.00034
61.44	-0.00032
61.45	-0.00032
61.46	-0.00031
61.47	-0.00030
61.48	-0.00029
61.49	-0.00028
61.5	-0.00027
61.51	-0.00025
61.52	-0.00025
61.53	-0.00024
61.54	-0.00023
61.55	-0.00022
61.56	-0.00021
61.57	-0.00020
61.58	-0.00019
61.59	-0.00018
61.6	-0.00018
61.61	-0.00016
61.62	-0.00015
61.63	-0.00015
61.64	-0.00013
61.65	-0.00012
61.66	-0.00012
61.67	-0.00011
61.68	-0.00010
61.69	-0.00009
61.7	-0.00008
61.71	-0.00007
61.72	-0.00006
61.73	-0.00005
61.74	-0.00004
61.75	-0.00004
61.76	-0.00003
61.77	-0.00002
61.78	-0.00002
61.79	0.00000
61.8	0.00001
61.81	0.00002
61.82	0.00002
61.83	0.00004
61.84	0.00004
61.85	0.00005
61.86	0.00005
61.87	0.00006
61.88	0.00008
61.89	0.00008
61.9	0.00009
61.91	0.00010
61.92	0.00011
61.93	0.00012
61.94	0.00012