t(s)	a(g)
0	0.00000
0.01	-0.00059
0.02	-0.00058
0.03	-0.00058
0.04	-0.00058
0.05	-0.00058
0.06	-0.00058
0.07	-0.00058
0.08	-0.00058
0.09	-0.00058
0.1	-0.00058
0.11	-0.00058
0.12	-0.00056
0.13	-0.00058
0.14	-0.00057
0.15	-0.00057
0.16	-0.00058
0.17	-0.00055
0.18	-0.00058
0.19	-0.00057
0.2	-0.00056
0.21	-0.00058
0.22	-0.00055
0.23	-0.00054
0.24	-0.00055
0.25	-0.00056
0.26	-0.00058
0.27	-0.00062
0.28	-0.00054
0.29	-0.00053
0.3	-0.00056
0.31	-0.00052
0.32	-0.00053
0.33	-0.00059
0.34	-0.00047
0.35	-0.00060
0.36	-0.00052
0.37	-0.00051
0.38	-0.00051
0.39	-0.00050
0.4	-0.00051
0.41	-0.00051
0.42	-0.00055
0.43	-0.00059
0.44	-0.00049
0.45	-0.00053
0.46	-0.00035
0.47	-0.00049
0.48	-0.00055
0.49	-0.00045
0.5	-0.00056
0.51	-0.00045
0.52	-0.00058
0.53	-0.00045
0.54	-0.00038
0.55	-0.00069
0.56	-0.00052
0.57	-0.00045
0.58	-0.00036
0.59	-0.00070
0.6	-0.00045
0.61	-0.00038
0.62	-0.00041
0.63	-0.00079
0.64	-0.00030
0.65	-0.00041
0.66	-0.00042
0.67	-0.00073
0.68	-0.00050
0.69	-0.00041
0.7	-0.00050
0.71	-0.00031
0.72	-0.00061
0.73	-0.00037
0.74	-0.00037
0.75	-0.00043
0.76	-0.00033
0.77	-0.00023
0.78	-0.00020
0.79	-0.00041
0.8	-0.00029
0.81	-0.00018
0.82	-0.00066
0.83	-0.00045
0.84	-0.00040
0.85	-0.00070
0.86	-0.00048
0.87	-0.00050
0.88	-0.00057
0.89	-0.00054
0.9	-0.00028
0.91	-0.00052
0.92	-0.00075
0.93	-0.00050
0.94	0.00051
0.95	0.00011
0.96	-0.00027
0.97	0.00005
0.98	-0.00036
0.99	-0.00089
1	-0.00026
1.01	-0.00077
1.02	-0.00016
1.03	-0.00097
1.04	-0.00125
1.05	-0.00016
1.06	-0.00122
1.07	-0.00016
1.08	-0.00066
1.09	-0.00055
1.1	-0.00033
1.11	-0.00008
1.12	-0.00069
1.13	-0.00077
1.14	0.00007
1.15	-0.00034
1.16	-0.00027
1.17	-0.00004
1.18	-0.00054
1.19	-0.00100
1.2	0.00001
1.21	-0.00018
1.22	0.00023
1.23	-0.00065
1.24	0.00008
1.25	-0.00158
1.26	-0.00101
1.27	-0.00011
1.28	0.00021
1.29	-0.00036
1.3	-0.00005
1.31	0.00068
1.32	-0.00054
1.33	0.00013
1.34	-0.00184
1.35	-0.00014
1.36	0.00071
1.37	0.00011
1.38	-0.00015
1.39	-0.00065
1.4	-0.00095
1.41	-0.00039
1.42	-0.00013
1.43	0.00051
1.44	0.00056
1.45	-0.00065
1.46	0.00016
1.47	-0.00075
1.48	0.00014
1.49	0.00037
1.5	-0.00106
1.51	-0.00114
1.52	0.00057
1.53	-0.00017
1.54	-0.00112
1.55	-0.00113
1.56	-0.00021
1.57	-0.00075
1.58	0.00041
1.59	0.00032
1.6	0.00068
1.61	0.00005
1.62	-0.00007
1.63	-0.00069
1.64	0.00109
1.65	-0.00077
1.66	-0.00054
1.67	-0.00074
1.68	-0.00159
1.69	-0.00031
1.7	-0.00020
1.71	0.00117
1.72	0.00045
1.73	-0.00064
1.74	-0.00022
1.75	0.00005
1.76	0.00146
1.77	-0.00041
1.78	0.00065
1.79	0.00135
1.8	0.00058
1.81	0.00049
1.82	-0.00174
1.83	0.00039
1.84	0.00038
1.85	-0.00063
1.86	-0.00149
1.87	0.00073
1.88	-0.00116
1.89	0.00013
1.9	-0.00075
1.91	-0.00095
1.92	-0.00076
1.93	-0.00077
1.94	0.00068
1.95	-0.00123
1.96	-0.00028
1.97	0.00026
1.98	0.00079
1.99	-0.00113
2	0.00072
2.01	0.00122
2.02	-0.00071
2.03	0.00006
2.04	-0.00208
2.05	-0.00142
2.06	0.00076
2.07	0.00002
2.08	0.00055
2.09	0.00012
2.1	-0.00211
2.11	0.00057
2.12	-0.00002
2.13	0.00023
2.14	-0.00065
2.15	0.00046
2.16	-0.00131
2.17	-0.00034
2.18	-0.00028
2.19	0.00211
2.2	-0.00167
2.21	-0.00018
2.22	0.00149
2.23	0.00023
2.24	-0.00096
2.25	0.00025
2.26	0.00289
2.27	0.00058
2.28	-0.00179
2.29	0.00142
2.3	-0.00081
2.31	-0.00109
2.32	-0.00038
2.33	-0.00242
2.34	0.00108
2.35	0.00096
2.36	0.00163
2.37	-0.00204
2.38	0.00158
2.39	0.00168
2.4	0.00107
2.41	-0.00200
2.42	0.00091
2.43	0.00189
2.44	0.00045
2.45	0.00122
2.46	0.00025
2.47	0.00259
2.48	0.00242
2.49	-0.00073
2.5	0.00325
2.51	0.00095
2.52	-0.00041
2.53	-0.00034
2.54	0.00019
2.55	-0.00067
2.56	0.00104
2.57	-0.00033
2.58	-0.00074
2.59	0.00000
2.6	0.00001
2.61	-0.00091
2.62	-0.00069
2.63	0.00026
2.64	0.00015
2.65	0.00163
2.66	0.00020
2.67	-0.00122
2.68	-0.00125
2.69	0.00045
2.7	0.00068
2.71	0.00146
2.72	0.00125
2.73	0.00068
2.74	-0.00013
2.75	0.00168
2.76	0.00017
2.77	0.00097
2.78	-0.00051
2.79	-0.00072
2.8	0.00059
2.81	-0.00074
2.82	0.00016
2.83	-0.00175
2.84	-0.00021
2.85	0.00154
2.86	0.00071
2.87	-0.00114
2.88	0.00092
2.89	-0.00058
2.9	0.00017
2.91	0.00112
2.92	-0.00173
2.93	0.00058
2.94	0.00029
2.95	0.00089
2.96	0.00299
2.97	-0.00050
2.98	0.00058
2.99	0.00084
3	-0.00199
3.01	0.00197
3.02	0.00138
3.03	0.00132
3.04	0.00125
3.05	-0.00061
3.06	-0.00246
3.07	0.00162
3.08	-0.00035
3.09	0.00013
3.1	0.00046
3.11	0.00102
3.12	-0.00116
3.13	-0.00276
3.14	0.00165
3.15	-0.00219
3.16	0.00175
3.17	-0.00039
3.18	0.00015
3.19	0.00059
3.2	0.00053
3.21	0.00324
3.22	0.00046
3.23	-0.00095
3.24	0.00095
3.25	-0.00086
3.26	0.00080
3.27	-0.00189
3.28	0.00068
3.29	0.00139
3.3	0.00210
3.31	0.00081
3.32	0.00212
3.33	-0.00280
3.34	0.00261
3.35	-0.00030
3.36	-0.00062
3.37	0.00143
3.38	0.00063
3.39	0.00158
3.4	-0.00006
3.41	0.00128
3.42	-0.00086
3.43	0.00010
3.44	-0.00041
3.45	0.00113
3.46	-0.00150
3.47	0.00097
3.48	0.00028
3.49	0.00178
3.5	0.00023
3.51	0.00048
3.52	0.00053
3.53	0.00014
3.54	0.00062
3.55	0.00101
3.56	0.00042
3.57	-0.00270
3.58	0.00131
3.59	0.00023
3.6	0.00020
3.61	0.00171
3.62	0.00065
3.63	-0.00036
3.64	0.00067
3.65	0.00131
3.66	-0.00115
3.67	-0.00104
3.68	0.00149
3.69	-0.00313
3.7	0.00024
3.71	-0.00111
3.72	-0.00122
3.73	0.00074
3.74	0.00163
3.75	-0.00041
3.76	0.00052
3.77	0.00111
3.78	0.00006
3.79	-0.00029
3.8	0.00117
3.81	0.00063
3.82	0.00113
3.83	-0.00095
3.84	0.00007
3.85	0.00196
3.86	-0.00035
3.87	-0.00171
3.88	-0.00068
3.89	0.00032
3.9	0.00065
3.91	0.00124
3.92	-0.00010
3.93	0.00129
3.94	-0.00006
3.95	0.00185
3.96	0.00000
3.97	0.00023
3.98	0.00283
3.99	-0.00267
4	-0.00053
4.01	0.00115
4.02	0.00054
4.03	0.00256
4.04	-0.00088
4.05	-0.00306
4.06	0.00173
4.07	-0.00115
4.08	0.00082
4.09	-0.00035
4.1	-0.00136
4.11	-0.00221
4.12	0.00097
4.13	0.00050
4.14	0.00006
4.15	0.00089
4.16	0.00112
4.17	0.00109
4.18	-0.00068
4.19	0.00319
4.2	0.00080
4.21	-0.00114
4.22	0.00202
4.23	-0.00211
4.24	0.00088
4.25	-0.00041
4.26	0.00082
4.27	0.00086
4.28	-0.00112
4.29	-0.00120
4.3	-0.00008
4.31	-0.00068
4.32	-0.00007
4.33	-0.00003
4.34	-0.00136
4.35	0.00055
4.36	-0.00209
4.37	-0.00264
4.38	-0.00201
4.39	-0.00139
4.4	0.00024
4.41	-0.00006
4.42	-0.00045
4.43	0.00042
4.44	0.00063
4.45	0.00171
4.46	-0.00358
4.47	-0.00067
4.48	-0.00010
4.49	0.00153
4.5	0.00040
4.51	0.00028
4.52	-0.00452
4.53	0.00183
4.54	0.00198
4.55	-0.00215
4.56	0.00040
4.57	0.00302
4.58	0.00078
4.59	-0.00068
4.6	0.00029
4.61	0.00192
4.62	0.00231
4.63	-0.00050
4.64	0.00090
4.65	0.00222
4.66	0.00284
4.67	0.00296
4.68	0.00041
4.69	-0.00227
4.7	-0.00144
4.71	0.00453
4.72	0.00239
4.73	-0.00044
4.74	-0.00056
4.75	-0.00059
4.76	0.00175
4.77	0.00306
4.78	-0.00079
4.79	-0.00034
4.8	-0.00493
4.81	0.00033
4.82	-0.00392
4.83	0.00064
4.84	0.00077
4.85	0.00154
4.86	0.00053
4.87	0.00035
4.88	0.00124
4.89	0.00066
4.9	-0.00218
4.91	0.00077
4.92	-0.00274
4.93	-0.00296
4.94	-0.00148
4.95	-0.00361
4.96	0.00175
4.97	0.00089
4.98	-0.00293
4.99	0.00191
5	0.00128
5.01	-0.00095
5.02	0.00140
5.03	0.00103
5.04	-0.00162
5.05	-0.00053
5.06	0.00333
5.07	0.00004
5.08	-0.00528
5.09	0.00014
5.1	0.00001
5.11	-0.00275
5.12	0.00257
5.13	0.00080
5.14	-0.00170
5.15	0.00287
5.16	-0.00552
5.17	0.00191
5.18	0.00262
5.19	-0.00023
5.2	-0.00263
5.21	0.00053
5.22	0.00071
5.23	0.00240
5.24	0.00009
5.25	0.00141
5.26	0.00130
5.27	0.00212
5.28	-0.00086
5.29	0.00033
5.3	-0.00006
5.31	-0.00318
5.32	-0.00285
5.33	-0.00088
5.34	0.00048
5.35	0.00228
5.36	0.00144
5.37	-0.00074
5.38	0.00208
5.39	0.00119
5.4	-0.00405
5.41	0.00324
5.42	-0.00074
5.43	-0.00099
5.44	0.00278
5.45	0.00158
5.46	0.00062
5.47	-0.00112
5.48	-0.00505
5.49	-0.00341
5.5	0.00079
5.51	-0.00090
5.52	-0.00671
5.53	-0.00030
5.54	0.00124
5.55	0.00397
5.56	0.00121
5.57	0.00306
5.58	0.00126
5.59	-0.00100
5.6	-0.00304
5.61	-0.00120
5.62	-0.00112
5.63	-0.00138
5.64	-0.00029
5.65	-0.00184
5.66	-0.00218
5.67	-0.00195
5.68	-0.00023
5.69	0.00033
5.7	0.00045
5.71	-0.00139
5.72	0.00185
5.73	-0.00198
5.74	0.00157
5.75	0.00232
5.76	0.00248
5.77	-0.00032
5.78	0.00030
5.79	-0.00230
5.8	-0.00456
5.81	-0.00283
5.82	-0.00167
5.83	0.00057
5.84	0.00007
5.85	0.00120
5.86	0.00196
5.87	0.00196
5.88	-0.00057
5.89	0.00052
5.9	0.00151
5.91	0.00027
5.92	-0.00004
5.93	0.00346
5.94	-0.00570
5.95	0.00139
5.96	-0.00071
5.97	0.00085
5.98	0.00236
5.99	-0.00003
6	0.00161
6.01	0.00299
6.02	-0.00260
6.03	0.00676
6.04	0.00306
6.05	0.00166
6.06	0.00482
6.07	-0.00174
6.08	-0.00035
6.09	-0.00301
6.1	-0.00242
6.11	0.00085
6.12	0.00162
6.13	0.00039
6.14	0.00176
6.15	0.00414
6.16	0.00050
6.17	0.00353
6.18	0.00410
6.19	0.00344
6.2	0.00230
6.21	0.00225
6.22	-0.00159
6.23	0.00274
6.24	-0.00110
6.25	-0.00131
6.26	-0.00378
6.27	-0.00098
6.28	0.00231
6.29	0.00139
6.3	-0.00210
6.31	-0.00359
6.32	-0.00291
6.33	0.00170
6.34	0.00225
6.35	0.00070
6.36	0.00162
6.37	0.00065
6.38	-0.00146
6.39	0.00070
6.4	-0.00149
6.41	-0.00141
6.42	-0.00917
6.43	0.00109
6.44	0.00063
6.45	0.00130
6.46	0.00130
6.47	0.00089
6.48	-0.00167
6.49	0.00084
6.5	-0.00659
6.51	-0.00227
6.52	0.00095
6.53	0.00303
6.54	0.00437
6.55	-0.00191
6.56	-0.00183
6.57	-0.00212
6.58	0.00057
6.59	-0.00402
6.6	-0.00112
6.61	0.00120
6.62	0.00100
6.63	0.00004
6.64	0.00359
6.65	0.00436
6.66	0.00840
6.67	0.00603
6.68	0.00201
6.69	0.00382
6.7	0.00152
6.71	-0.00146
6.72	-0.00238
6.73	0.00003
6.74	-0.00021
6.75	-0.00116
6.76	0.00105
6.77	0.00398
6.78	-0.00129
6.79	0.00194
6.8	0.00126
6.81	-0.00046
6.82	0.00177
6.83	0.00004
6.84	0.00099
6.85	0.00257
6.86	0.00602
6.87	0.00861
6.88	0.00526
6.89	0.00437
6.9	0.00242
6.91	0.00122
6.92	0.00050
6.93	0.00128
6.94	0.00175
6.95	0.00263
6.96	0.00389
6.97	0.00016
6.98	-0.00568
6.99	-0.00211
7	0.00015
7.01	-0.00046
7.02	0.00284
7.03	-0.00317
7.04	-0.00175
7.05	0.00129
7.06	0.00117
7.07	0.00019
7.08	-0.00284
7.09	-0.00015
7.1	0.00223
7.11	-0.00163
7.12	-0.00071
7.13	-0.00132
7.14	-0.00293
7.15	0.00317
7.16	-0.00090
7.17	-0.00617
7.18	0.00154
7.19	-0.00457
7.2	0.00089
7.21	-0.00003
7.22	0.00158
7.23	-0.00035
7.24	-0.00233
7.25	-0.00476
7.26	-0.00194
7.27	-0.00311
7.28	-0.00027
7.29	-0.00169
7.3	0.00185
7.31	0.00349
7.32	-0.00043
7.33	0.00178
7.34	0.00164
7.35	0.00216
7.36	-0.00529
7.37	-0.00201
7.38	0.00106
7.39	0.00796
7.4	0.00446
7.41	0.00384
7.42	0.00006
7.43	0.00512
7.44	-0.00147
7.45	-0.00157
7.46	-0.00354
7.47	-0.00193
7.48	0.00362
7.49	0.00513
7.5	-0.00035
7.51	0.00291
7.52	-0.00284
7.53	-0.00218
7.54	-0.00212
7.55	-0.00320
7.56	-0.00395
7.57	-0.00109
7.58	0.00130
7.59	-0.00141
7.6	-0.00042
7.61	0.00248
7.62	0.00066
7.63	0.00081
7.64	0.00039
7.65	0.00014
7.66	0.00272
7.67	0.00671
7.68	0.00018
7.69	-0.00013
7.7	-0.00323
7.71	-0.00335
7.72	-0.00001
7.73	-0.00410
7.74	-0.00006
7.75	0.00597
7.76	0.00425
7.77	-0.00001
7.78	0.00049
7.79	0.00095
7.8	0.00250
7.81	-0.00206
7.82	-0.00063
7.83	-0.00311
7.84	-0.00019
7.85	-0.00244
7.86	0.00339
7.87	0.00208
7.88	0.00203
7.89	0.00126
7.9	-0.00124
7.91	0.00161
7.92	0.00335
7.93	0.00301
7.94	0.00008
7.95	0.00129
7.96	0.00695
7.97	0.00059
7.98	0.00122
7.99	0.00146
8	-0.00027
8.01	-0.00179
8.02	0.00295
8.03	-0.00525
8.04	0.00267
8.05	0.00115
8.06	-0.00583
8.07	-0.00001
8.08	-0.00362
8.09	-0.00465
8.1	-0.00214
8.11	0.00072
8.12	-0.00253
8.13	0.00200
8.14	0.00173
8.15	-0.00504
8.16	0.00332
8.17	-0.00264
8.18	-0.00020
8.19	0.00311
8.2	0.00331
8.21	0.00740
8.22	0.00573
8.23	0.00254
8.24	-0.00122
8.25	-0.00406
8.26	-0.00032
8.27	-0.00086
8.28	-0.00485
8.29	0.00117
8.3	0.00291
8.31	-0.00472
8.32	-0.00315
8.33	-0.00053
8.34	0.00472
8.35	0.00770
8.36	0.00270
8.37	-0.00112
8.38	0.00075
8.39	0.00166
8.4	-0.00066
8.41	-0.00575
8.42	0.00098
8.43	0.00025
8.44	-0.00108
8.45	-0.00539
8.46	-0.01096
8.47	-0.00752
8.48	-0.00350
8.49	-0.00313
8.5	-0.00736
8.51	-0.00383
8.52	-0.00323
8.53	-0.00149
8.54	-0.00032
8.55	0.00581
8.56	0.00710
8.57	0.00674
8.58	0.00388
8.59	0.00101
8.6	-0.00157
8.61	0.00367
8.62	0.00482
8.63	0.00393
8.64	0.00626
8.65	0.00740
8.66	0.00356
8.67	0.00869
8.68	-0.00239
8.69	-0.00580
8.7	-0.00459
8.71	-0.00518
8.72	-0.00461
8.73	-0.00522
8.74	-0.00657
8.75	-0.00297
8.76	-0.00701
8.77	-0.00365
8.78	-0.00660
8.79	-0.00275
8.8	-0.00116
8.81	0.00168
8.82	-0.00381
8.83	-0.00297
8.84	-0.00163
8.85	-0.00092
8.86	0.00163
8.87	-0.00103
8.88	-0.00531
8.89	-0.00107
8.9	-0.00083
8.91	-0.00076
8.92	-0.00092
8.93	0.00551
8.94	0.00414
8.95	0.00666
8.96	0.00448
8.97	0.00370
8.98	0.00377
8.99	0.00683
9	0.00760
9.01	-0.00150
9.02	-0.00424
9.03	0.00102
9.04	-0.00387
9.05	-0.00605
9.06	0.00020
9.07	-0.00310
9.08	0.00573
9.09	0.00107
9.1	-0.00608
9.11	0.00303
9.12	0.01122
9.13	0.00507
9.14	0.00795
9.15	-0.00685
9.16	-0.00252
9.17	0.00137
9.18	-0.01323
9.19	-0.01018
9.2	0.00227
9.21	0.00391
9.22	-0.00261
9.23	0.00118
9.24	0.00427
9.25	0.00671
9.26	0.00656
9.27	-0.00319
9.28	0.00747
9.29	0.00947
9.3	0.00350
9.31	0.00071
9.32	0.00073
9.33	0.00348
9.34	0.00532
9.35	0.00177
9.36	0.00161
9.37	-0.00741
9.38	-0.00357
9.39	-0.00738
9.4	-0.00921
9.41	-0.00279
9.42	-0.00517
9.43	-0.00434
9.44	-0.00690
9.45	-0.00690
9.46	0.00094
9.47	0.00230
9.48	-0.00079
9.49	0.00409
9.5	0.00058
9.51	-0.00403
9.52	-0.00852
9.53	-0.01079
9.54	-0.00690
9.55	0.00465
9.56	0.00014
9.57	-0.00564
9.58	0.00077
9.59	-0.00164
9.6	0.00059
9.61	0.00004
9.62	0.00750
9.63	0.00503
9.64	0.00275
9.65	-0.00074
9.66	-0.00747
9.67	-0.00373
9.68	-0.00046
9.69	-0.00585
9.7	-0.00227
9.71	-0.00059
9.72	0.00554
9.73	0.01090
9.74	-0.00196
9.75	0.00027
9.76	0.00228
9.77	-0.00037
9.78	0.00232
9.79	0.00004
9.8	-0.00482
9.81	0.00544
9.82	-0.00779
9.83	-0.00250
9.84	0.00358
9.85	0.01328
9.86	0.01571
9.87	0.01910
9.88	0.02046
9.89	0.01012
9.9	-0.00221
9.91	0.00348
9.92	-0.00155
9.93	0.00402
9.94	0.00306
9.95	0.00375
9.96	-0.00199
9.97	0.01140
9.98	0.00905
9.99	0.00882
10	0.00428
10.01	0.00142
10.02	0.00451
10.03	0.00126
10.04	-0.00703
10.05	-0.01029
10.06	-0.00795
10.07	-0.00472
10.08	-0.00566
10.09	-0.00144
10.1	-0.00096
10.11	-0.00599
10.12	-0.00539
10.13	-0.01224
10.14	-0.01618
10.15	-0.01982
10.16	-0.01411
10.17	-0.01686
10.18	-0.01949
10.19	-0.01518
10.2	-0.01517
10.21	-0.01663
10.22	0.00103
10.23	0.01913
10.24	0.01773
10.25	0.01360
10.26	0.00505
10.27	0.00223
10.28	0.01473
10.29	0.00917
10.3	0.01455
10.31	0.02362
10.32	0.01745
10.33	0.02439
10.34	0.02732
10.35	0.02393
10.36	0.02265
10.37	0.01381
10.38	0.00147
10.39	-0.00973
10.4	-0.01418
10.41	-0.01021
10.42	-0.00663
10.43	-0.01413
10.44	-0.01522
10.45	-0.00525
10.46	0.00872
10.47	0.00499
10.48	0.01058
10.49	0.02055
10.5	0.00365
10.51	0.00403
10.52	-0.00821
10.53	-0.00293
10.54	0.00694
10.55	-0.00223
10.56	-0.01140
10.57	-0.00490
10.58	-0.00858
10.59	-0.01036
10.6	-0.01370
10.61	-0.01653
10.62	-0.00798
10.63	-0.01173
10.64	-0.00797
10.65	0.00833
10.66	0.00352
10.67	0.01530
10.68	0.01211
10.69	0.00208
10.7	0.01571
10.71	0.00773
10.72	0.01246
10.73	0.00318
10.74	0.00095
10.75	-0.01489
10.76	-0.01449
10.77	-0.00994
10.78	-0.01599
10.79	-0.02700
10.8	-0.03621
10.81	-0.02817
10.82	-0.01445
10.83	-0.01745
10.84	-0.02208
10.85	-0.02462
10.86	-0.02138
10.87	-0.02138
10.88	-0.01191
10.89	0.00929
10.9	0.02586
10.91	0.02687
10.92	0.03102
10.93	0.02381
10.94	0.03767
10.95	0.03523
10.96	0.03624
10.97	0.02475
10.98	0.02604
10.99	0.01135
11	0.00240
11.01	-0.00398
11.02	-0.00871
11.03	-0.00402
11.04	-0.00869
11.05	0.00234
11.06	0.01996
11.07	0.01963
11.08	0.02275
11.09	0.01790
11.1	0.01211
11.11	0.00643
11.12	0.00483
11.13	0.00285
11.14	0.00327
11.15	0.00940
11.16	0.01065
11.17	0.01086
11.18	0.01166
11.19	0.01562
11.2	0.00817
11.21	0.00332
11.22	0.00448
11.23	-0.01949
11.24	-0.01768
11.25	-0.01963
11.26	-0.01581
11.27	-0.02586
11.28	-0.00967
11.29	-0.01870
11.3	0.00565
11.31	-0.00310
11.32	-0.01708
11.33	-0.02139
11.34	-0.02130
11.35	-0.01292
11.36	-0.00406
11.37	0.00302
11.38	0.00324
11.39	0.01076
11.4	-0.00465
11.41	0.00117
11.42	0.00301
11.43	0.00899
11.44	0.00679
11.45	-0.00656
11.46	-0.01721
11.47	-0.01751
11.48	-0.00398
11.49	0.01490
11.5	0.01215
11.51	0.00353
11.52	0.00444
11.53	0.00823
11.54	0.00768
11.55	0.00882
11.56	0.01634
11.57	0.01704
11.58	0.00609
11.59	-0.00426
11.6	-0.00809
11.61	-0.00363
11.62	0.00159
11.63	0.01952
11.64	0.02288
11.65	0.02274
11.66	0.02345
11.67	0.01866
11.68	0.02261
11.69	0.02006
11.7	0.01847
11.71	0.00310
11.72	0.00361
11.73	0.01121
11.74	0.00188
11.75	-0.00846
11.76	-0.01121
11.77	-0.01679
11.78	-0.02014
11.79	-0.02222
11.8	-0.00945
11.81	-0.00806
11.82	-0.02031
11.83	-0.02138
11.84	-0.01872
11.85	-0.01320
11.86	-0.00963
11.87	-0.01060
11.88	0.00679
11.89	0.01241
11.9	0.02363
11.91	0.02112
11.92	0.04271
11.93	0.04620
11.94	0.04214
11.95	0.02513
11.96	0.02413
11.97	0.02591
11.98	0.01418
11.99	0.00239
12	0.00332
12.01	0.00752
12.02	0.01243
12.03	0.00583
12.04	-0.01790
12.05	-0.00212
12.06	-0.00158
12.07	-0.01265
12.08	-0.00651
12.09	-0.01043
12.1	-0.00047
12.11	0.01357
12.12	0.00491
12.13	0.01376
12.14	0.02213
12.15	0.01471
12.16	0.02271
12.17	0.02225
12.18	0.01670
12.19	0.01961
12.2	0.00410
12.21	-0.01758
12.22	-0.01152
12.23	-0.00052
12.24	0.00158
12.25	0.00929
12.26	0.02014
12.27	0.01879
12.28	0.00449
12.29	-0.00077
12.3	-0.01451
12.31	-0.01612
12.32	-0.01237
12.33	-0.01700
12.34	-0.01140
12.35	0.01355
12.36	0.01491
12.37	0.00378
12.38	0.00077
12.39	0.00086
12.4	-0.01519
12.41	0.00919
12.42	0.01960
12.43	0.01034
12.44	0.01699
12.45	-0.00216
12.46	-0.00078
12.47	0.01574
12.48	0.01720
12.49	0.00014
12.5	-0.01013
12.51	-0.01814
12.52	-0.02734
12.53	-0.02756
12.54	-0.03569
12.55	-0.02336
12.56	-0.01095
12.57	0.01436
12.58	0.00682
12.59	-0.01011
12.6	-0.01276
12.61	0.00040
12.62	-0.01081
12.63	0.00284
12.64	0.00837
12.65	0.02407
12.66	0.03997
12.67	0.02721
12.68	0.02190
12.69	0.02273
12.7	0.02518
12.71	0.01014
12.72	0.01382
12.73	0.00086
12.74	0.00397
12.75	-0.01584
12.76	-0.01202
12.77	0.00097
12.78	0.00076
12.79	-0.00320
12.8	-0.00562
12.81	-0.00727
12.82	-0.00569
12.83	-0.00503
12.84	-0.02226
12.85	-0.00995
12.86	-0.01089
12.87	-0.01945
12.88	-0.00500
12.89	0.01980
12.9	0.01954
12.91	0.01490
12.92	0.01502
12.93	0.01595
12.94	0.01077
12.95	0.00803
12.96	0.00182
12.97	0.00005
12.98	0.01184
12.99	-0.00207
13	-0.00352
13.01	-0.00088
13.02	-0.02558
13.03	-0.02035
13.04	-0.03107
13.05	-0.02492
13.06	-0.02029
13.07	-0.02072
13.08	-0.02162
13.09	-0.00878
13.1	0.00542
13.11	0.01461
13.12	0.01094
13.13	0.02012
13.14	0.01832
13.15	-0.01607
13.16	-0.00782
13.17	0.00355
13.18	0.01992
13.19	0.01725
13.2	0.00557
13.21	0.00710
13.22	0.00792
13.23	0.00415
13.24	0.01550
13.25	0.03104
13.26	0.02831
13.27	0.04144
13.28	0.01545
13.29	-0.00191
13.3	0.01342
13.31	-0.00086
13.32	-0.01194
13.33	0.00197
13.34	0.00757
13.35	-0.00212
13.36	0.00110
13.37	-0.00071
13.38	0.00285
13.39	-0.01852
13.4	-0.01370
13.41	-0.01188
13.42	0.00027
13.43	0.00824
13.44	0.01265
13.45	0.01069
13.46	-0.00120
13.47	-0.01806
13.48	-0.02783
13.49	-0.03504
13.5	-0.04154
13.51	-0.05360
13.52	-0.06834
13.53	-0.09120
13.54	-0.08915
13.55	-0.08634
13.56	-0.04973
13.57	-0.03412
13.58	-0.01282
13.59	-0.00007
13.6	0.02185
13.61	0.05029
13.62	0.05396
13.63	0.05731
13.64	0.04214
13.65	0.05953
13.66	0.06131
13.67	0.07563
13.68	0.06645
13.69	0.06006
13.7	0.04317
13.71	0.02811
13.72	0.01309
13.73	-0.00486
13.74	0.00333
13.75	0.00472
13.76	-0.01148
13.77	-0.00759
13.78	0.00531
13.79	-0.00389
13.8	0.00102
13.81	-0.02576
13.82	-0.03774
13.83	-0.01655
13.84	-0.03020
13.85	-0.03668
13.86	-0.02525
13.87	-0.02731
13.88	-0.02674
13.89	-0.01860
13.9	-0.01006
13.91	-0.01286
13.92	0.01234
13.93	0.00941
13.94	0.01235
13.95	0.00319
13.96	0.00660
13.97	0.01464
13.98	0.02047
13.99	0.02399
14	0.03533
14.01	0.03359
14.02	0.02199
14.03	0.01915
14.04	0.00753
14.05	0.00752
14.06	0.02422
14.07	0.01349
14.08	0.01984
14.09	0.02383
14.1	0.00075
14.11	-0.00293
14.12	-0.01357
14.13	-0.02441
14.14	-0.03580
14.15	-0.05334
14.16	-0.06782
14.17	-0.08615
14.18	-0.08939
14.19	-0.07730
14.2	-0.05270
14.21	-0.01880
14.22	0.01004
14.23	0.03207
14.24	0.05014
14.25	0.05776
14.26	0.02023
14.27	-0.02746
14.28	-0.07136
14.29	-0.08453
14.3	-0.07957
14.31	-0.07272
14.32	-0.06173
14.33	-0.04151
14.34	-0.03280
14.35	-0.03243
14.36	-0.02472
14.37	-0.01738
14.38	-0.01998
14.39	-0.02537
14.4	-0.03284
14.41	0.00779
14.42	0.04109
14.43	0.07180
14.44	0.10255
14.45	0.11240
14.46	0.11097
14.47	0.07224
14.48	0.04117
14.49	-0.00495
14.5	-0.05008
14.51	-0.08413
14.52	-0.06334
14.53	-0.03857
14.54	-0.00550
14.55	0.00099
14.56	-0.00555
14.57	0.00527
14.58	0.00732
14.59	0.01115
14.6	0.03390
14.61	0.04847
14.62	0.04602
14.63	0.05864
14.64	0.07155
14.65	0.07069
14.66	0.08785
14.67	0.09898
14.68	0.08011
14.69	0.03522
14.7	0.02544
14.71	0.01660
14.72	-0.01742
14.73	-0.06078
14.74	-0.10187
14.75	-0.10670
14.76	-0.11987
14.77	-0.10261
14.78	-0.06719
14.79	-0.02021
14.8	0.00943
14.81	0.02488
14.82	0.01549
14.83	0.01436
14.84	0.01220
14.85	0.03183
14.86	0.05915
14.87	0.06387
14.88	0.04680
14.89	0.05780
14.9	0.05963
14.91	0.05369
14.92	0.04125
14.93	0.00602
14.94	-0.01208
14.95	-0.00864
14.96	-0.01250
14.97	-0.02984
14.98	-0.05832
14.99	-0.07156
15	-0.08108
15.01	-0.08698
15.02	-0.08280
15.03	-0.07333
15.04	-0.05118
15.05	-0.03000
15.06	-0.01167
15.07	0.00671
15.08	0.03744
15.09	0.07323
15.1	0.09408
15.11	0.10994
15.12	0.12100
15.13	0.12610
15.14	0.10536
15.15	0.07334
15.16	0.01321
15.17	-0.05227
15.18	-0.11781
15.19	-0.17356
15.2	-0.20738
15.21	-0.22345
15.22	-0.20031
15.23	-0.16935
15.24	-0.12157
15.25	-0.08370
15.26	-0.07573
15.27	-0.06457
15.28	-0.04673
15.29	-0.01358
15.3	0.01767
15.31	0.04429
15.32	0.07424
15.33	0.06225
15.34	0.07268
15.35	0.08141
15.36	0.10151
15.37	0.12267
15.38	0.13983
15.39	0.09714
15.4	0.06658
15.41	0.03629
15.42	0.03035
15.43	0.03231
15.44	0.03514
15.45	0.01484
15.46	0.03118
15.47	0.01574
15.48	0.01086
15.49	0.00280
15.5	0.00131
15.51	0.02114
15.52	0.02650
15.53	0.01796
15.54	0.00969
15.55	-0.00855
15.56	0.00014
15.57	0.04280
15.58	0.06189
15.59	0.07181
15.6	0.07310
15.61	0.04663
15.62	0.02369
15.63	0.00023
15.64	-0.02501
15.65	-0.03452
15.66	-0.04843
15.67	-0.04879
15.68	-0.04699
15.69	-0.04481
15.7	-0.03851
15.71	-0.03650
15.72	-0.03492
15.73	-0.04603
15.74	-0.04008
15.75	-0.02922
15.76	-0.01078
15.77	-0.01552
15.78	-0.01359
15.79	-0.01010
15.8	0.00946
15.81	-0.01097
15.82	-0.02637
15.83	-0.03708
15.84	-0.01990
15.85	0.00536
15.86	0.00890
15.87	-0.00084
15.88	-0.02562
15.89	-0.01669
15.9	-0.01826
15.91	0.00030
15.92	0.01199
15.93	0.02508
15.94	0.04712
15.95	0.05933
15.96	0.05132
15.97	0.05794
15.98	0.04921
15.99	0.03342
16	0.01831
16.01	0.01291
16.02	0.02508
16.03	0.06274
16.04	0.08397
16.05	0.10740
16.06	0.14710
16.07	0.13898
16.08	0.07503
16.09	0.00716
16.1	-0.03839
16.11	-0.05996
16.12	-0.09382
16.13	-0.11185
16.14	-0.10478
16.15	-0.10829
16.16	-0.12115
16.17	-0.10285
16.18	-0.09444
16.19	-0.09292
16.2	-0.07021
16.21	-0.03777
16.22	-0.02340
16.23	-0.01387
16.24	-0.02946
16.25	-0.06357
16.26	-0.06024
16.27	-0.05519
16.28	-0.06805
16.29	-0.08028
16.3	-0.06539
16.31	-0.04251
16.32	-0.03512
16.33	-0.03225
16.34	-0.04302
16.35	-0.05738
16.36	-0.05872
16.37	-0.06360
16.38	-0.08513
16.39	-0.12558
16.4	-0.08056
16.41	-0.06893
16.42	-0.06179
16.43	-0.02808
16.44	-0.02561
16.45	-0.03286
16.46	-0.00822
16.47	-0.01060
16.48	-0.02740
16.49	-0.01588
16.5	-0.00756
16.51	0.01173
16.52	0.03309
16.53	0.04667
16.54	0.05693
16.55	0.06171
16.56	0.05387
16.57	0.01874
16.58	-0.01684
16.59	-0.05891
16.6	-0.03552
16.61	-0.03668
16.62	-0.02959
16.63	-0.03699
16.64	-0.02300
16.65	-0.00169
16.66	0.01915
16.67	0.02243
16.68	0.04919
16.69	0.07185
16.7	0.06737
16.71	0.04622
16.72	0.05098
16.73	0.02984
16.74	0.00586
16.75	0.00978
16.76	0.02101
16.77	0.00567
16.78	0.00266
16.79	-0.00091
16.8	0.04081
16.81	0.06176
16.82	0.07915
16.83	0.07430
16.84	0.02048
16.85	-0.03785
16.86	-0.07678
16.87	-0.08085
16.88	-0.07843
16.89	-0.05790
16.9	-0.06575
16.91	-0.06954
16.92	-0.03824
16.93	-0.01648
16.94	-0.00761
16.95	-0.00773
16.96	-0.01378
16.97	-0.03524
16.98	-0.05237
16.99	-0.06191
17	-0.07455
17.01	-0.02971
17.02	-0.02410
17.03	0.00137
17.04	0.03433
17.05	0.03048
17.06	0.04725
17.07	0.08645
17.08	0.08777
17.09	0.10239
17.1	0.11605
17.11	0.13469
17.12	0.10968
17.13	0.09499
17.14	0.04622
17.15	0.00733
17.16	-0.01677
17.17	-0.02106
17.18	-0.01595
17.19	-0.02719
17.2	-0.02025
17.21	-0.04922
17.22	-0.08501
17.23	-0.07051
17.24	-0.02802
17.25	-0.00989
17.26	0.00902
17.27	0.01875
17.28	0.01566
17.29	0.01289
17.3	0.01670
17.31	0.00349
17.32	0.01204
17.33	0.00446
17.34	-0.02364
17.35	-0.06206
17.36	-0.08903
17.37	-0.09274
17.38	-0.08630
17.39	-0.06440
17.4	-0.06512
17.41	-0.04487
17.42	-0.04811
17.43	-0.06133
17.44	-0.09634
17.45	-0.11180
17.46	-0.12649
17.47	-0.12636
17.48	-0.09698
17.49	-0.08162
17.5	-0.07510
17.51	-0.05849
17.52	-0.06530
17.53	-0.06953
17.54	-0.07389
17.55	-0.06952
17.56	-0.03745
17.57	-0.00271
17.58	0.04377
17.59	0.10509
17.6	0.12421
17.61	0.11798
17.62	0.09888
17.63	0.08985
17.64	0.07748
17.65	0.04327
17.66	0.01573
17.67	-0.00356
17.68	0.02052
17.69	0.05581
17.7	0.06859
17.71	0.06508
17.72	0.07202
17.73	0.04548
17.74	0.03276
17.75	0.02290
17.76	0.03929
17.77	0.03928
17.78	0.02234
17.79	0.00400
17.8	-0.01353
17.81	-0.03417
17.82	-0.02327
17.83	0.02839
17.84	0.08717
17.85	0.12732
17.86	0.13788
17.87	0.14533
17.88	0.12269
17.89	0.11447
17.9	0.11615
17.91	0.10449
17.92	0.08807
17.93	0.07065
17.94	0.04480
17.95	0.02462
17.96	0.02469
17.97	0.05084
17.98	0.01600
17.99	0.00524
18	0.01083
18.01	0.03126
18.02	0.03525
18.03	0.00971
18.04	-0.01077
18.05	-0.04657
18.06	-0.08555
18.07	-0.09860
18.08	-0.04938
18.09	-0.00202
18.1	0.02718
18.11	0.04247
18.12	0.05393
18.13	0.05782
18.14	0.03070
18.15	-0.01488
18.16	-0.08063
18.17	-0.11699
18.18	-0.14671
18.19	-0.16702
18.2	-0.16688
18.21	-0.15596
18.22	-0.11772
18.23	-0.11400
18.24	-0.09127
18.25	-0.06494
18.26	-0.02012
18.27	0.02335
18.28	0.01871
18.29	0.01729
18.3	0.00446
18.31	0.02136
18.32	0.03920
18.33	0.07161
18.34	0.07934
18.35	0.06553
18.36	0.06257
18.37	0.04667
18.38	0.03965
18.39	0.04394
18.4	0.05084
18.41	0.03956
18.42	0.02500
18.43	0.03245
18.44	0.02621
18.45	0.03339
18.46	0.05671
18.47	0.05288
18.48	0.02493
18.49	-0.02595
18.5	-0.05257
18.51	-0.05401
18.52	-0.06310
18.53	-0.06290
18.54	-0.06342
18.55	-0.04108
18.56	-0.03979
18.57	-0.03658
18.58	-0.03715
18.59	0.00442
18.6	0.02612
18.61	0.03182
18.62	-0.00876
18.63	-0.00023
18.64	-0.03131
18.65	-0.04360
18.66	-0.04595
18.67	-0.04976
18.68	-0.06024
18.69	-0.07134
18.7	-0.08237
18.71	-0.10975
18.72	-0.12961
18.73	-0.16254
18.74	-0.18607
18.75	-0.14447
18.76	-0.13010
18.77	-0.11746
18.78	-0.09465
18.79	-0.05322
18.8	-0.05901
18.81	-0.05671
18.82	-0.06311
18.83	-0.07510
18.84	-0.07543
18.85	-0.06132
18.86	-0.03883
18.87	-0.04778
18.88	-0.08773
18.89	-0.10226
18.9	-0.10488
18.91	-0.07686
18.92	-0.05879
18.93	-0.05788
18.94	-0.04173
18.95	-0.01551
18.96	-0.02395
18.97	-0.04262
18.98	-0.02501
18.99	0.01663
19	0.02490
19.01	0.06068
19.02	0.07139
19.03	0.09595
19.04	0.13758
19.05	0.11742
19.06	0.08578
19.07	0.02228
19.08	-0.00955
19.09	-0.01732
19.1	-0.01477
19.11	0.00790
19.12	0.02111
19.13	0.01229
19.14	-0.01159
19.15	-0.03096
19.16	-0.04344
19.17	-0.06323
19.18	-0.07913
19.19	-0.07348
19.2	-0.05114
19.21	-0.01218
19.22	0.05644
19.23	0.10363
19.24	0.14200
19.25	0.16524
19.26	0.15207
19.27	0.13072
19.28	0.14677
19.29	0.13730
19.3	0.14360
19.31	0.17086
19.32	0.21705
19.33	0.20995
19.34	0.18017
19.35	0.15911
19.36	0.14053
19.37	0.08636
19.38	0.02679
19.39	0.00958
19.4	-0.00621
19.41	-0.01766
19.42	-0.00309
19.43	0.04712
19.44	0.09009
19.45	0.11573
19.46	0.13709
19.47	0.11354
19.48	0.11019
19.49	0.08027
19.5	0.05166
19.51	0.04208
19.52	0.03164
19.53	0.01829
19.54	-0.00565
19.55	-0.04065
19.56	-0.09283
19.57	-0.11798
19.58	-0.11419
19.59	-0.11331
19.6	-0.12872
19.61	-0.16016
19.62	-0.19525
19.63	-0.21249
19.64	-0.22371
19.65	-0.23861
19.66	-0.23933
19.67	-0.23008
19.68	-0.20857
19.69	-0.21704
19.7	-0.20356
19.71	-0.16393
19.72	-0.09161
19.73	-0.01467
19.74	0.05886
19.75	0.11213
19.76	0.11987
19.77	0.12451
19.78	0.09910
19.79	0.07761
19.8	0.07267
19.81	0.08240
19.82	0.08253
19.83	0.05518
19.84	0.02819
19.85	-0.01070
19.86	-0.00539
19.87	-0.00229
19.88	0.00106
19.89	-0.00934
19.9	-0.01472
19.91	-0.04731
19.92	-0.04154
19.93	-0.06547
19.94	-0.09465
19.95	-0.10736
19.96	-0.10576
19.97	-0.08232
19.98	-0.00779
19.99	0.07060
20	0.10732
20.01	0.13453
20.02	0.14407
20.03	0.12534
20.04	0.10521
20.05	0.10033
20.06	0.10244
20.07	0.11225
20.08	0.11075
20.09	0.07700
20.1	0.02773
20.11	-0.01480
20.12	-0.05321
20.13	-0.07309
20.14	-0.09242
20.15	-0.07693
20.16	-0.05466
20.17	-0.02463
20.18	-0.01088
20.19	-0.00369
20.2	0.00950
20.21	0.03726
20.22	0.05975
20.23	0.08449
20.24	0.10010
20.25	0.06282
20.26	0.00323
20.27	-0.04005
20.28	-0.08574
20.29	-0.06739
20.3	-0.01975
20.31	0.03781
20.32	0.08253
20.33	0.08610
20.34	0.06688
20.35	0.03342
20.36	0.03546
20.37	0.04849
20.38	0.07233
20.39	0.07149
20.4	0.09979
20.41	0.11385
20.42	0.09336
20.43	0.06405
20.44	0.03292
20.45	0.00204
20.46	-0.02966
20.47	-0.05638
20.48	-0.06061
20.49	-0.05039
20.5	-0.08213
20.51	-0.08334
20.52	-0.10401
20.53	-0.07151
20.54	-0.03913
20.55	-0.03523
20.56	-0.01943
20.57	-0.01118
20.58	-0.03049
20.59	-0.04307
20.6	-0.05342
20.61	-0.06341
20.62	-0.07318
20.63	-0.06514
20.64	-0.03793
20.65	-0.00581
20.66	-0.04010
20.67	-0.06163
20.68	-0.03452
20.69	-0.00940
20.7	-0.00098
20.71	-0.01877
20.72	-0.03461
20.73	-0.04159
20.74	-0.02460
20.75	0.00311
20.76	0.05058
20.77	0.08979
20.78	0.09833
20.79	0.09375
20.8	0.08126
20.81	0.09950
20.82	0.11363
20.83	0.11887
20.84	0.09801
20.85	0.06884
20.86	0.04771
20.87	0.03453
20.88	0.02615
20.89	-0.00031
20.9	-0.00388
20.91	-0.00768
20.92	-0.02048
20.93	-0.01790
20.94	0.02140
20.95	-0.00629
20.96	0.01560
20.97	0.03254
20.98	0.04480
20.99	0.05576
21	0.09636
21.01	0.08262
21.02	0.09254
21.03	0.08480
21.04	0.05445
21.05	0.07224
21.06	0.07585
21.07	0.05825
21.08	0.04086
21.09	0.06409
21.1	0.06413
21.11	0.07894
21.12	0.10844
21.13	0.06225
21.14	0.07804
21.15	0.05542
21.16	0.04689
21.17	0.04829
21.18	0.05756
21.19	0.09175
21.2	0.13316
21.21	0.15708
21.22	0.16649
21.23	0.18848
21.24	0.17428
21.25	0.16154
21.26	0.13454
21.27	0.10578
21.28	0.06539
21.29	0.03519
21.3	0.02570
21.31	0.02790
21.32	0.04991
21.33	0.06911
21.34	0.06407
21.35	0.04031
21.36	0.00340
21.37	-0.00617
21.38	-0.03351
21.39	-0.01692
21.4	-0.01399
21.41	-0.02298
21.42	0.00293
21.43	-0.01877
21.44	-0.02360
21.45	-0.01592
21.46	-0.02023
21.47	0.00810
21.48	0.03374
21.49	0.03505
21.5	0.01265
21.51	0.00532
21.52	0.00158
21.53	-0.03158
21.54	0.00157
21.55	0.02094
21.56	0.00415
21.57	-0.03570
21.58	-0.03140
21.59	-0.04881
21.6	-0.07627
21.61	-0.08286
21.62	-0.11472
21.63	-0.10814
21.64	-0.08418
21.65	-0.07753
21.66	-0.08152
21.67	-0.06703
21.68	-0.07651
21.69	-0.07532
21.7	-0.08633
21.71	-0.09261
21.72	-0.05239
21.73	-0.03484
21.74	0.00667
21.75	0.01663
21.76	0.00106
21.77	0.01431
21.78	0.03677
21.79	0.01355
21.8	-0.01961
21.81	-0.01098
21.82	-0.01817
21.83	-0.02286
21.84	-0.04505
21.85	-0.04931
21.86	-0.00829
21.87	0.02822
21.88	0.01668
21.89	0.02975
21.9	0.02238
21.91	0.03023
21.92	0.03380
21.93	0.04487
21.94	0.07096
21.95	0.09196
21.96	0.09996
21.97	0.10374
21.98	0.12726
21.99	0.11450
22	0.10340
22.01	0.05651
22.02	0.03824
22.03	0.03598
22.04	0.01049
22.05	-0.00327
22.06	-0.00122
22.07	0.02990
22.08	0.01414
22.09	-0.00410
22.1	-0.06029
22.11	-0.08875
22.12	-0.08555
22.13	-0.09988
22.14	-0.07565
22.15	-0.08505
22.16	-0.07907
22.17	-0.05575
22.18	-0.06756
22.19	-0.03065
22.2	-0.04198
22.21	-0.03956
22.22	-0.03937
22.23	-0.02183
22.24	-0.04363
22.25	-0.01051
22.26	0.00059
22.27	0.02936
22.28	0.04386
22.29	0.02465
22.3	0.02577
22.31	-0.01515
22.32	-0.05928
22.33	-0.07126
22.34	-0.06575
22.35	-0.07764
22.36	-0.07119
22.37	-0.04799
22.38	-0.03541
22.39	-0.01310
22.4	0.01770
22.41	0.02516
22.42	0.01785
22.43	-0.01444
22.44	-0.02975
22.45	-0.05265
22.46	-0.07217
22.47	-0.08211
22.48	-0.05777
22.49	-0.06265
22.5	-0.06404
22.51	-0.05630
22.52	-0.05234
22.53	-0.04964
22.54	-0.04143
22.55	0.00563
22.56	-0.00221
22.57	0.00590
22.58	-0.00087
22.59	-0.02165
22.6	-0.03280
22.61	-0.06840
22.62	-0.06547
22.63	-0.10352
22.64	-0.07170
22.65	-0.05361
22.66	-0.01213
22.67	-0.00255
22.68	-0.03582
22.69	-0.03164
22.7	-0.02970
22.71	-0.00699
22.72	-0.01786
22.73	-0.03106
22.74	-0.01165
22.75	-0.03175
22.76	-0.01608
22.77	-0.02763
22.78	-0.03790
22.79	-0.02861
22.8	0.00061
22.81	-0.03806
22.82	0.00823
22.83	0.03449
22.84	0.03369
22.85	0.02019
22.86	0.01313
22.87	-0.00085
22.88	-0.00215
22.89	0.01331
22.9	0.03191
22.91	0.02879
22.92	0.02534
22.93	0.01658
22.94	0.02225
22.95	0.02969
22.96	0.06103
22.97	0.07828
22.98	0.09198
22.99	0.07288
23	0.09470
23.01	0.06732
23.02	0.08418
23.03	0.08195
23.04	0.10082
23.05	0.10458
23.06	0.10747
23.07	0.08583
23.08	0.07375
23.09	0.06172
23.1	0.04962
23.11	0.04094
23.12	0.05361
23.13	0.05613
23.14	0.04651
23.15	0.06166
23.16	0.06324
23.17	0.05450
23.18	0.02882
23.19	-0.01080
23.2	-0.06125
23.21	-0.04495
23.22	-0.05972
23.23	-0.07788
23.24	-0.05554
23.25	-0.07482
23.26	-0.10352
23.27	-0.07360
23.28	-0.02351
23.29	0.01093
23.3	0.05252
23.31	0.07828
23.32	0.06982
23.33	0.06496
23.34	0.02691
23.35	-0.00338
23.36	-0.02801
23.37	-0.03982
23.38	-0.06433
23.39	-0.05729
23.4	-0.03676
23.41	-0.03092
23.42	-0.02824
23.43	-0.04581
23.44	-0.05450
23.45	-0.04242
23.46	-0.02499
23.47	-0.00459
23.48	0.00572
23.49	-0.00570
23.5	0.00587
23.51	-0.00669
23.52	-0.01949
23.53	-0.01301
23.54	0.00902
23.55	0.03890
23.56	0.05535
23.57	0.03272
23.58	0.00392
23.59	-0.01787
23.6	-0.00605
23.61	0.00468
23.62	0.03776
23.63	0.07238
23.64	0.10676
23.65	0.09097
23.66	0.08463
23.67	0.06390
23.68	0.04786
23.69	0.05163
23.7	0.05996
23.71	0.06998
23.72	0.07694
23.73	0.08010
23.74	0.08971
23.75	0.11811
23.76	0.10084
23.77	0.09446
23.78	0.05644
23.79	0.03204
23.8	0.03937
23.81	0.02539
23.82	0.03603
23.83	0.03803
23.84	0.04507
23.85	0.04289
23.86	0.06335
23.87	0.07191
23.88	0.03184
23.89	0.05828
23.9	0.02327
23.91	-0.01932
23.92	-0.05315
23.93	-0.02829
23.94	-0.02978
23.95	-0.01987
23.96	0.00393
23.97	0.00058
23.98	-0.00877
23.99	0.00850
24	0.01237
24.01	0.04622
24.02	0.06677
24.03	0.08270
24.04	0.05719
24.05	0.06554
24.06	0.08907
24.07	0.07921
24.08	0.05252
24.09	0.03067
24.1	0.00132
24.11	-0.07444
24.12	-0.06796
24.13	-0.04770
24.14	-0.06601
24.15	-0.10501
24.16	-0.13211
24.17	-0.14986
24.18	-0.15332
24.19	-0.10193
24.2	-0.08206
24.21	-0.01311
24.22	0.02782
24.23	0.02407
24.24	0.01096
24.25	0.05348
24.26	0.04071
24.27	-0.00678
24.28	-0.01471
24.29	-0.03791
24.3	-0.01769
24.31	-0.01409
24.32	-0.02878
24.33	-0.02649
24.34	0.02876
24.35	0.01806
24.36	-0.04656
24.37	-0.07454
24.38	-0.06124
24.39	-0.04951
24.4	-0.08689
24.41	-0.07321
24.42	-0.06756
24.43	-0.03115
24.44	0.01709
24.45	0.02845
24.46	0.05973
24.47	0.08699
24.48	0.06553
24.49	0.01526
24.5	-0.01103
24.51	0.00465
24.52	-0.02729
24.53	-0.08196
24.54	-0.12538
24.55	-0.06464
24.56	-0.02416
24.57	-0.03954
24.58	-0.04861
24.59	-0.02085
24.6	-0.02438
24.61	-0.01861
24.62	-0.00817
24.63	-0.06000
24.64	-0.07996
24.65	-0.04803
24.66	-0.03750
24.67	-0.02825
24.68	0.01775
24.69	0.02492
24.7	0.07151
24.71	0.09410
24.72	0.05365
24.73	0.02336
24.74	0.05717
24.75	0.03566
24.76	-0.00140
24.77	0.01753
24.78	-0.00406
24.79	-0.00430
24.8	-0.00632
24.81	-0.06066
24.82	-0.05359
24.83	-0.04209
24.84	-0.03234
24.85	-0.05087
24.86	-0.05319
24.87	-0.06434
24.88	-0.09113
24.89	-0.09619
24.9	-0.13168
24.91	-0.11759
24.92	-0.07271
24.93	-0.06905
24.94	-0.04585
24.95	-0.03305
24.96	0.01212
24.97	0.00184
24.98	-0.00419
24.99	-0.00942
25	0.00664
25.01	-0.00064
25.02	-0.01800
25.03	-0.00617
25.04	-0.01127
25.05	0.01855
25.06	0.06668
25.07	0.07286
25.08	0.09865
25.09	0.13396
25.1	0.14189
25.11	0.09841
25.12	0.08978
25.13	0.03863
25.14	-0.00962
25.15	0.02117
25.16	0.05408
25.17	0.07396
25.18	0.08181
25.19	0.04757
25.2	0.04729
25.21	0.05161
25.22	0.04833
25.23	0.03370
25.24	0.03237
25.25	0.00065
25.26	-0.02453
25.27	-0.03405
25.28	-0.02765
25.29	0.00410
25.3	0.03004
25.31	0.04462
25.32	0.07430
25.33	0.07996
25.34	0.07482
25.35	0.06179
25.36	0.06370
25.37	0.03864
25.38	0.03806
25.39	0.03083
25.4	0.03878
25.41	0.03582
25.42	0.06017
25.43	0.04566
25.44	0.02823
25.45	0.03184
25.46	-0.00558
25.47	-0.03068
25.48	-0.00746
25.49	-0.00409
25.5	-0.00748
25.51	0.03785
25.52	0.08631
25.53	0.09287
25.54	0.05771
25.55	0.01733
25.56	0.00275
25.57	0.01283
25.58	-0.01622
25.59	-0.05464
25.6	-0.04423
25.61	-0.01025
25.62	-0.02092
25.63	-0.00512
25.64	-0.01716
25.65	-0.03321
25.66	-0.06655
25.67	-0.08139
25.68	-0.12376
25.69	-0.10021
25.7	-0.09248
25.71	-0.09864
25.72	-0.07850
25.73	-0.05199
25.74	-0.02615
25.75	0.01235
25.76	0.02791
25.77	0.03064
25.78	0.01769
25.79	0.01448
25.8	0.03435
25.81	0.03168
25.82	0.03725
25.83	0.02671
25.84	0.01666
25.85	0.00146
25.86	-0.03108
25.87	-0.04053
25.88	-0.04470
25.89	-0.03307
25.9	-0.00238
25.91	0.04298
25.92	0.06849
25.93	0.09282
25.94	0.09066
25.95	0.07176
25.96	0.07176
25.97	-0.00345
25.98	-0.02048
25.99	0.03928
26	0.07482
26.01	0.06616
26.02	0.04331
26.03	0.02880
26.04	0.00178
26.05	0.01418
26.06	0.04683
26.07	0.07745
26.08	0.06647
26.09	0.05954
26.1	0.01674
26.11	-0.00725
26.12	0.03307
26.13	0.07547
26.14	0.08739
26.15	0.07832
26.16	0.06420
26.17	0.00022
26.18	-0.02123
26.19	-0.02414
26.2	-0.02492
26.21	-0.02298
26.22	-0.00086
26.23	-0.03884
26.24	-0.05636
26.25	-0.04042
26.26	-0.03504
26.27	-0.05877
26.28	-0.06267
26.29	-0.04657
26.3	-0.04554
26.31	-0.02606
26.32	-0.01553
26.33	0.00027
26.34	-0.00814
26.35	-0.01454
26.36	-0.06372
26.37	-0.04823
26.38	-0.04107
26.39	-0.01693
26.4	0.03019
26.41	0.02038
26.42	-0.03287
26.43	-0.07024
26.44	-0.06130
26.45	-0.06417
26.46	-0.03871
26.47	-0.02788
26.48	-0.03092
26.49	-0.02404
26.5	-0.02377
26.51	-0.02750
26.52	-0.04858
26.53	-0.06165
26.54	-0.06218
26.55	-0.08213
26.56	-0.07826
26.57	-0.07650
26.58	-0.10392
26.59	-0.10193
26.6	-0.03983
26.61	0.02610
26.62	0.08605
26.63	0.07997
26.64	0.07088
26.65	0.06286
26.66	0.04908
26.67	0.03609
26.68	0.03465
26.69	0.02380
26.7	-0.00351
26.71	-0.00420
26.72	0.01372
26.73	0.04950
26.74	0.04894
26.75	0.03729
26.76	0.03183
26.77	0.00558
26.78	-0.00968
26.79	0.00561
26.8	0.02448
26.81	0.02466
26.82	0.00471
26.83	-0.02282
26.84	-0.01769
26.85	0.01151
26.86	0.03191
26.87	0.06350
26.88	0.06687
26.89	-0.00446
26.9	-0.07331
26.91	-0.13395
26.92	-0.16650
26.93	-0.09968
26.94	-0.03542
26.95	-0.02237
26.96	-0.03861
26.97	-0.06199
26.98	-0.10180
26.99	-0.14891
27	-0.17359
27.01	-0.15806
27.02	-0.10810
27.03	-0.03009
27.04	0.01487
27.05	0.03038
27.06	0.02964
27.07	0.00320
27.08	-0.02851
27.09	-0.03852
27.1	-0.05325
27.11	-0.08287
27.12	-0.07438
27.13	-0.05940
27.14	-0.04345
27.15	-0.05220
27.16	-0.06480
27.17	-0.03389
27.18	0.00287
27.19	0.04194
27.2	0.05945
27.21	0.03841
27.22	0.00411
27.23	-0.06602
27.24	-0.12120
27.25	-0.10114
27.26	-0.08742
27.27	-0.04213
27.28	-0.01938
27.29	-0.01174
27.3	-0.02962
27.31	-0.04592
27.32	-0.07855
27.33	-0.05337
27.34	-0.05117
27.35	-0.05131
27.36	-0.01495
27.37	0.00277
27.38	0.05746
27.39	0.07897
27.4	0.06889
27.41	0.05445
27.42	0.05743
27.43	0.00635
27.44	-0.03731
27.45	-0.02615
27.46	0.00235
27.47	0.00878
27.48	0.01067
27.49	0.05369
27.5	0.02546
27.51	0.02126
27.52	-0.00344
27.53	-0.03412
27.54	0.02021
27.55	0.06757
27.56	0.10350
27.57	0.11866
27.58	0.10256
27.59	0.08753
27.6	0.01197
27.61	-0.04961
27.62	-0.07441
27.63	-0.03656
27.64	0.01268
27.65	0.01373
27.66	-0.01823
27.67	-0.10043
27.68	-0.13781
27.69	-0.12427
27.7	-0.04306
27.71	0.00968
27.72	-0.00645
27.73	-0.07799
27.74	-0.13688
27.75	-0.12444
27.76	-0.07200
27.77	-0.07090
27.78	-0.05619
27.79	-0.05957
27.8	-0.07734
27.81	-0.04555
27.82	-0.01218
27.83	-0.00627
27.84	0.00580
27.85	-0.04119
27.86	-0.07355
27.87	-0.10343
27.88	-0.12674
27.89	-0.15806
27.9	-0.12280
27.91	-0.06462
27.92	-0.06066
27.93	-0.06125
27.94	-0.02549
27.95	0.01583
27.96	0.04395
27.97	0.05742
27.98	0.04758
27.99	0.00633
28	-0.00310
28.01	-0.04023
28.02	-0.02740
28.03	-0.05060
28.04	-0.06934
28.05	-0.07568
28.06	-0.07683
28.07	-0.07760
28.08	-0.09073
28.09	-0.11020
28.1	-0.13045
28.11	-0.10764
28.12	-0.10597
28.13	-0.06984
28.14	-0.00841
28.15	0.02376
28.16	0.03044
28.17	0.04418
28.18	0.05239
28.19	0.06283
28.2	0.05255
28.21	0.08241
28.22	0.13491
28.23	0.17375
28.24	0.18365
28.25	0.17133
28.26	0.18243
28.27	0.13287
28.28	0.12396
28.29	0.13194
28.3	0.12084
28.31	0.09843
28.32	0.10270
28.33	0.04757
28.34	0.01196
28.35	-0.00440
28.36	-0.01310
28.37	-0.02000
28.38	0.03115
28.39	0.05391
28.4	0.07511
28.41	0.09524
28.42	0.09877
28.43	0.10356
28.44	0.04294
28.45	-0.01437
28.46	-0.04270
28.47	-0.01865
28.48	-0.00662
28.49	-0.00144
28.5	-0.00185
28.51	0.01958
28.52	0.02237
28.53	-0.00040
28.54	-0.03280
28.55	-0.07788
28.56	-0.09853
28.57	-0.11260
28.58	-0.09536
28.59	-0.07154
28.6	-0.03735
28.61	-0.00339
28.62	-0.01796
28.63	-0.06655
28.64	-0.09983
28.65	-0.07826
28.66	-0.06562
28.67	-0.06035
28.68	-0.06315
28.69	-0.05161
28.7	-0.00895
28.71	-0.00173
28.72	0.02987
28.73	0.08329
28.74	0.10191
28.75	0.08301
28.76	-0.00167
28.77	-0.04509
28.78	-0.02480
28.79	0.01703
28.8	0.01547
28.81	0.03533
28.82	0.06016
28.83	0.05129
28.84	0.02565
28.85	-0.03377
28.86	-0.04816
28.87	-0.01976
28.88	0.02343
28.89	0.04553
28.9	0.07729
28.91	0.07043
28.92	0.04490
28.93	0.05011
28.94	0.04459
28.95	0.00808
28.96	0.00224
28.97	0.01250
28.98	0.01010
28.99	0.02758
29	0.03613
29.01	0.04370
29.02	0.05481
29.03	0.06861
29.04	0.06206
29.05	0.03924
29.06	0.01276
29.07	-0.00651
29.08	-0.02050
29.09	-0.04297
29.1	-0.02948
29.11	-0.03363
29.12	-0.02890
29.13	-0.00686
29.14	-0.02202
29.15	-0.02187
29.16	-0.03764
29.17	-0.03546
29.18	-0.01882
29.19	-0.00129
29.2	-0.03764
29.21	-0.10660
29.22	-0.16631
29.23	-0.18754
29.24	-0.17403
29.25	-0.13302
29.26	-0.04517
29.27	0.04697
29.28	0.10291
29.29	0.08756
29.3	0.00635
29.31	-0.07906
29.32	-0.13468
29.33	-0.15837
29.34	-0.15152
29.35	-0.11629
29.36	-0.06112
29.37	-0.05401
29.38	-0.04739
29.39	-0.02482
29.4	-0.01037
29.41	0.00821
29.42	0.04094
29.43	0.00563
29.44	-0.01709
29.45	-0.09289
29.46	-0.16550
29.47	-0.20240
29.48	-0.11979
29.49	0.01853
29.5	0.11628
29.51	0.14072
29.52	0.05720
29.53	-0.05726
29.54	-0.15134
29.55	-0.17640
29.56	-0.16239
29.57	-0.12163
29.58	-0.11066
29.59	-0.12286
29.6	-0.12385
29.61	-0.13266
29.62	-0.10274
29.63	-0.04463
29.64	-0.02675
29.65	0.00289
29.66	0.01067
29.67	0.01149
29.68	0.02291
29.69	0.04269
29.7	0.08986
29.71	0.09290
29.72	0.09830
29.73	0.08605
29.74	0.06106
29.75	0.09039
29.76	0.13856
29.77	0.12793
29.78	0.12579
29.79	0.09671
29.8	0.06178
29.81	0.05093
29.82	0.13191
29.83	0.19498
29.84	0.23919
29.85	0.24135
29.86	0.20235
29.87	0.14001
29.88	0.09969
29.89	0.09555
29.9	0.09332
29.91	0.09266
29.92	0.09417
29.93	0.01811
29.94	-0.05720
29.95	-0.11126
29.96	-0.14209
29.97	-0.12709
29.98	-0.09787
29.99	-0.03468
30	-0.00434
30.01	0.00382
30.02	0.02621
30.03	0.01078
30.04	0.02185
30.05	0.00470
30.06	-0.05605
30.07	-0.09418
30.08	-0.09171
30.09	-0.04903
30.1	0.01453
30.11	0.03981
30.12	0.02095
30.13	0.01023
30.14	0.02766
30.15	0.04737
30.16	0.00462
30.17	-0.02945
30.18	-0.05155
30.19	-0.07755
30.2	-0.07560
30.21	-0.08163
30.22	-0.09673
30.23	-0.12168
30.24	-0.11571
30.25	-0.11516
30.26	-0.10615
30.27	-0.07972
30.28	-0.05857
30.29	-0.05452
30.3	-0.04010
30.31	-0.00780
30.32	0.02665
30.33	0.06682
30.34	0.05321
30.35	0.04207
30.36	0.06236
30.37	0.08750
30.38	0.11237
30.39	0.12485
30.4	0.03769
30.41	-0.03643
30.42	-0.07450
30.43	-0.04461
30.44	-0.02949
30.45	0.03607
30.46	0.07614
30.47	0.14957
30.48	0.16607
30.49	0.16498
30.5	0.15563
30.51	0.11715
30.52	0.09096
30.53	0.09908
30.54	0.06442
30.55	0.04677
30.56	0.10335
30.57	0.14333
30.58	0.13216
30.59	0.13731
30.6	0.10045
30.61	0.06096
30.62	0.03502
30.63	0.03135
30.64	0.05386
30.65	0.07232
30.66	0.06587
30.67	0.05514
30.68	0.04581
30.69	0.05551
30.7	0.03972
30.71	0.01914
30.72	0.01008
30.73	0.00916
30.74	0.01974
30.75	-0.01887
30.76	-0.08467
30.77	-0.13605
30.78	-0.17267
30.79	-0.18524
30.8	-0.19112
30.81	-0.14167
30.82	-0.10000
30.83	-0.10680
30.84	-0.07651
30.85	-0.08114
30.86	-0.10249
30.87	-0.05222
30.88	-0.02517
30.89	-0.02048
30.9	-0.06737
30.91	-0.07249
30.92	-0.03902
30.93	-0.00124
30.94	0.00685
30.95	0.00582
30.96	0.00236
30.97	-0.00957
30.98	0.00707
30.99	0.00806
31	-0.00568
31.01	-0.02953
31.02	-0.06556
31.03	-0.03415
31.04	0.05270
31.05	0.12520
31.06	0.16772
31.07	0.17348
31.08	0.15397
31.09	0.14904
31.1	0.13539
31.11	0.09904
31.12	0.09103
31.13	0.11693
31.14	0.12101
31.15	0.07955
31.16	0.00828
31.17	-0.01535
31.18	-0.02780
31.19	-0.01672
31.2	0.02514
31.21	0.08685
31.22	0.11570
31.23	0.12353
31.24	0.06305
31.25	-0.08919
31.26	-0.15066
31.27	-0.17365
31.28	-0.22529
31.29	-0.19238
31.3	-0.11970
31.31	-0.07633
31.32	0.01286
31.33	0.05639
31.34	0.03782
31.35	0.06518
31.36	0.09118
31.37	0.09506
31.38	0.14570
31.39	0.10260
31.4	-0.01618
31.41	-0.10474
31.42	-0.10149
31.43	-0.05191
31.44	0.03213
31.45	0.10872
31.46	0.16181
31.47	0.12750
31.48	0.09989
31.49	0.06673
31.5	-0.00701
31.51	-0.08379
31.52	-0.06650
31.53	-0.05436
31.54	-0.02843
31.55	0.00680
31.56	-0.00078
31.57	0.01200
31.58	0.03299
31.59	0.05027
31.6	0.04707
31.61	0.05289
31.62	0.03107
31.63	0.01820
31.64	0.00129
31.65	-0.00356
31.66	-0.00220
31.67	0.00012
31.68	-0.04613
31.69	-0.03049
31.7	0.01116
31.71	0.00163
31.72	-0.01382
31.73	-0.05318
31.74	-0.10981
31.75	-0.11702
31.76	-0.11845
31.77	-0.13232
31.78	-0.12488
31.79	-0.13146
31.8	-0.08457
31.81	-0.04652
31.82	0.07324
31.83	0.12605
31.84	0.11104
31.85	0.08572
31.86	0.05918
31.87	0.04378
31.88	0.05790
31.89	0.08083
31.9	0.11250
31.91	0.10877
31.92	0.08748
31.93	0.02138
31.94	-0.02886
31.95	-0.06361
31.96	-0.10611
31.97	-0.10218
31.98	-0.11631
31.99	-0.14264
32	-0.11532
32.01	-0.06674
32.02	-0.02599
32.03	0.02516
32.04	0.04130
32.05	0.05696
32.06	0.06842
32.07	0.07013
32.08	0.09855
32.09	0.10823
32.1	0.11506
32.11	0.11209
32.12	0.11711
32.13	0.13523
32.14	0.16559
32.15	0.14297
32.16	0.08693
32.17	0.03632
32.18	0.01766
32.19	0.00315
32.2	0.03994
32.21	0.06685
32.22	0.09930
32.23	0.09539
32.24	0.08185
32.25	0.01921
32.26	-0.01583
32.27	-0.03432
32.28	-0.04198
32.29	-0.02444
32.3	-0.00240
32.31	0.01890
32.32	0.02855
32.33	0.00549
32.34	-0.05043
32.35	-0.08492
32.36	-0.06619
32.37	-0.06224
32.38	-0.05983
32.39	-0.03169
32.4	-0.02190
32.41	-0.02264
32.42	-0.01375
32.43	0.00668
32.44	0.02951
32.45	0.01805
32.46	0.00435
32.47	-0.02179
32.48	-0.03271
32.49	-0.03169
32.5	-0.03329
32.51	-0.03252
32.52	0.00329
32.53	0.04810
32.54	0.09551
32.55	0.11326
32.56	0.05063
32.57	-0.01513
32.58	-0.04853
32.59	-0.07950
32.6	-0.05819
32.61	-0.00401
32.62	0.03146
32.63	0.05549
32.64	0.03773
32.65	0.01030
32.66	0.04998
32.67	0.05666
32.68	0.07546
32.69	0.08139
32.7	0.07372
32.71	0.06135
32.72	0.07062
32.73	0.05868
32.74	0.04127
32.75	0.05680
32.76	0.01786
32.77	-0.02811
32.78	0.00999
32.79	0.07446
32.8	0.10187
32.81	0.11072
32.82	0.07283
32.83	0.05454
32.84	0.04468
32.85	0.05011
32.86	0.05110
32.87	0.04918
32.88	0.01154
32.89	-0.02815
32.9	-0.03516
32.91	-0.02426
32.92	-0.00023
32.93	-0.01166
32.94	-0.03535
32.95	-0.03017
32.96	-0.03884
32.97	-0.04157
32.98	-0.04866
32.99	-0.03483
33	-0.04761
33.01	-0.04994
33.02	-0.05364
33.03	-0.07331
33.04	-0.08294
33.05	-0.08222
33.06	-0.07551
33.07	-0.05263
33.08	-0.02156
33.09	0.00793
33.1	0.01282
33.11	-0.00572
33.12	-0.04728
33.13	-0.06252
33.14	-0.04738
33.15	-0.02022
33.16	0.00392
33.17	0.00193
33.18	-0.02619
33.19	-0.05849
33.2	-0.07368
33.21	-0.06166
33.22	-0.01619
33.23	0.01332
33.24	0.01478
33.25	-0.00245
33.26	-0.02157
33.27	-0.03667
33.28	-0.02165
33.29	0.00433
33.3	0.03269
33.31	0.04568
33.32	0.01408
33.33	-0.04754
33.34	-0.09167
33.35	-0.09556
33.36	-0.09429
33.37	-0.07044
33.38	-0.02245
33.39	0.01623
33.4	0.04661
33.41	0.06787
33.42	0.05378
33.43	0.00940
33.44	-0.05100
33.45	-0.05860
33.46	-0.03644
33.47	0.01319
33.48	0.04912
33.49	0.07425
33.5	0.04746
33.51	-0.01753
33.52	-0.09963
33.53	-0.13692
33.54	-0.12377
33.55	-0.09601
33.56	-0.04016
33.57	-0.01443
33.58	0.00838
33.59	0.03785
33.6	0.04930
33.61	0.02766
33.62	0.05266
33.63	0.06275
33.64	0.08700
33.65	0.09473
33.66	0.10003
33.67	0.10139
33.68	0.10695
33.69	0.10006
33.7	0.10545
33.71	0.08680
33.72	0.02606
33.73	-0.00909
33.74	-0.02788
33.75	-0.05749
33.76	-0.03769
33.77	-0.04447
33.78	-0.06509
33.79	-0.04530
33.8	-0.04461
33.81	-0.02853
33.82	-0.00909
33.83	0.00525
33.84	-0.02179
33.85	-0.02628
33.86	-0.03375
33.87	-0.04249
33.88	-0.05972
33.89	-0.07580
33.9	-0.05207
33.91	-0.03059
33.92	-0.03028
33.93	-0.00560
33.94	0.03962
33.95	0.05089
33.96	0.06148
33.97	0.07279
33.98	0.03730
33.99	-0.02614
34	-0.03592
34.01	-0.02661
34.02	-0.01270
34.03	0.03657
34.04	0.04963
34.05	0.02388
34.06	0.02080
34.07	0.01708
34.08	-0.00304
34.09	0.01172
34.1	-0.00040
34.11	-0.03018
34.12	-0.03999
34.13	-0.02930
34.14	-0.06826
34.15	-0.09323
34.16	-0.09784
34.17	-0.10692
34.18	-0.09129
34.19	-0.07961
34.2	-0.07420
34.21	-0.05837
34.22	-0.03713
34.23	-0.05312
34.24	-0.04825
34.25	-0.03331
34.26	0.00910
34.27	0.02368
34.28	0.02487
34.29	0.00169
34.3	0.00257
34.31	0.00159
34.32	0.01114
34.33	0.02565
34.34	0.06010
34.35	0.08114
34.36	0.06486
34.37	0.03964
34.38	0.00564
34.39	0.01013
34.4	-0.00092
34.41	-0.01678
34.42	-0.01064
34.43	0.00521
34.44	0.01354
34.45	0.02531
34.46	0.02291
34.47	-0.00348
34.48	-0.02993
34.49	-0.04570
34.5	-0.01580
34.51	0.02273
34.52	0.06416
34.53	0.08342
34.54	0.08584
34.55	0.03938
34.56	-0.02831
34.57	-0.08564
34.58	-0.09284
34.59	-0.05651
34.6	-0.01823
34.61	0.01074
34.62	0.00214
34.63	-0.02297
34.64	-0.03372
34.65	-0.03053
34.66	-0.02092
34.67	-0.03634
34.68	-0.04893
34.69	-0.04916
34.7	-0.06126
34.71	-0.04972
34.72	-0.04415
34.73	-0.03248
34.74	-0.02763
34.75	-0.03647
34.76	-0.03272
34.77	-0.03239
34.78	-0.02564
34.79	-0.02753
34.8	-0.00896
34.81	-0.00455
34.82	-0.00563
34.83	0.01325
34.84	0.03651
34.85	0.03562
34.86	0.04530
34.87	0.04361
34.88	0.01859
34.89	0.01216
34.9	0.01077
34.91	0.00040
34.92	0.00460
34.93	0.00709
34.94	-0.01602
34.95	-0.02355
34.96	0.00118
34.97	0.00115
34.98	-0.01325
34.99	-0.02867
35	-0.04280
35.01	-0.03837
35.02	-0.01337
35.03	0.01533
35.04	0.02253
35.05	0.02372
35.06	0.02586
35.07	0.05819
35.08	0.05988
35.09	0.07272
35.1	0.09252
35.11	0.09467
35.12	0.07115
35.13	0.07351
35.14	0.05584
35.15	0.03481
35.16	0.03782
35.17	0.02491
35.18	-0.00355
35.19	-0.01695
35.2	-0.02561
35.21	0.00120
35.22	0.01166
35.23	0.02429
35.24	0.01529
35.25	0.02539
35.26	0.03423
35.27	0.01779
35.28	0.00298
35.29	-0.01373
35.3	-0.04693
35.31	-0.05534
35.32	-0.03526
35.33	-0.05215
35.34	-0.07225
35.35	-0.06749
35.36	-0.04126
35.37	-0.04832
35.38	-0.05383
35.39	-0.07243
35.4	-0.10150
35.41	-0.12176
35.42	-0.10499
35.43	-0.10996
35.44	-0.12495
35.45	-0.11992
35.46	-0.12998
35.47	-0.12163
35.48	-0.10589
35.49	-0.10366
35.5	-0.08824
35.51	-0.07701
35.52	-0.05737
35.53	-0.04453
35.54	-0.02247
35.55	-0.01481
35.56	-0.01624
35.57	-0.00094
35.58	-0.00869
35.59	0.00035
35.6	-0.01081
35.61	-0.03272
35.62	-0.04560
35.63	-0.04392
35.64	-0.05441
35.65	-0.06743
35.66	-0.04791
35.67	-0.03532
35.68	-0.01543
35.69	-0.00950
35.7	-0.01581
35.71	-0.02750
35.72	-0.02058
35.73	-0.02225
35.74	-0.01826
35.75	-0.00007
35.76	-0.01253
35.77	-0.02626
35.78	-0.02856
35.79	-0.01798
35.8	0.00513
35.81	0.02777
35.82	0.03073
35.83	0.04046
35.84	0.06868
35.85	0.07668
35.86	0.05207
35.87	-0.00191
35.88	-0.05051
35.89	-0.06625
35.9	-0.07959
35.91	-0.05203
35.92	-0.01466
35.93	0.01186
35.94	0.02984
35.95	0.03115
35.96	0.04659
35.97	0.06233
35.98	0.07172
35.99	0.06606
36	0.04099
36.01	0.00406
36.02	0.00356
36.03	0.00878
36.04	-0.00313
36.05	-0.01281
36.06	-0.01811
36.07	-0.03946
36.08	-0.03805
36.09	-0.04101
36.1	-0.04091
36.11	0.00077
36.12	0.01580
36.13	0.02123
36.14	0.04290
36.15	0.03677
36.16	0.01822
36.17	0.04783
36.18	0.07689
36.19	0.09436
36.2	0.10287
36.21	0.09364
36.22	0.07254
36.23	0.05590
36.24	0.04567
36.25	0.02378
36.26	0.03522
36.27	0.03191
36.28	-0.00135
36.29	0.00770
36.3	0.03625
36.31	0.06701
36.32	0.08523
36.33	0.08492
36.34	0.03075
36.35	-0.00283
36.36	-0.01026
36.37	0.00078
36.38	0.00283
36.39	0.01198
36.4	-0.01172
36.41	-0.00002
36.42	0.02001
36.43	0.02339
36.44	0.02555
36.45	0.04226
36.46	0.04565
36.47	0.05478
36.48	0.07747
36.49	0.05998
36.5	0.03793
36.51	0.02325
36.52	0.00147
36.53	-0.00330
36.54	0.02213
36.55	0.03268
36.56	0.01906
36.57	0.04829
36.58	0.06084
36.59	0.05767
36.6	0.06032
36.61	0.05042
36.62	0.02886
36.63	0.01566
36.64	0.01481
36.65	0.00353
36.66	0.02676
36.67	0.05938
36.68	0.08665
36.69	0.08493
36.7	0.07854
36.71	0.05920
36.72	0.02663
36.73	0.01120
36.74	-0.00922
36.75	-0.02912
36.76	-0.04528
36.77	-0.06281
36.78	-0.07442
36.79	-0.07364
36.8	-0.06504
36.81	-0.02963
36.82	-0.00718
36.83	-0.00027
36.84	-0.00067
36.85	-0.01225
36.86	-0.01535
36.87	-0.01862
36.88	-0.00562
36.89	0.00450
36.9	0.01088
36.91	0.00830
36.92	-0.00566
36.93	-0.02575
36.94	-0.04804
36.95	-0.06885
36.96	-0.06649
36.97	-0.05792
36.98	-0.04965
36.99	-0.03027
37	-0.02683
37.01	-0.02534
37.02	-0.01707
37.03	-0.01580
37.04	-0.02040
37.05	-0.01921
37.06	-0.04135
37.07	-0.05029
37.08	-0.05716
37.09	-0.07704
37.1	-0.07350
37.11	-0.06374
37.12	-0.06911
37.13	-0.06899
37.14	-0.05250
37.15	-0.04149
37.16	-0.03401
37.17	-0.02446
37.18	-0.01531
37.19	-0.02799
37.2	-0.02643
37.21	-0.02795
37.22	-0.01562
37.23	0.00392
37.24	-0.00066
37.25	-0.01984
37.26	-0.02592
37.27	-0.04029
37.28	-0.04895
37.29	-0.03903
37.3	-0.03481
37.31	-0.02192
37.32	0.00136
37.33	0.00757
37.34	-0.00799
37.35	-0.02366
37.36	-0.03131
37.37	-0.03558
37.38	-0.01463
37.39	-0.00986
37.4	0.00344
37.41	-0.00447
37.42	-0.01307
37.43	-0.02030
37.44	-0.02768
37.45	-0.03431
37.46	-0.04189
37.47	-0.02719
37.48	-0.01548
37.49	-0.01123
37.5	0.00606
37.51	0.01607
37.52	0.02255
37.53	0.03201
37.54	0.03166
37.55	0.02836
37.56	0.01430
37.57	-0.01076
37.58	-0.02959
37.59	-0.02465
37.6	-0.02322
37.61	-0.01075
37.62	-0.00179
37.63	0.01040
37.64	0.01885
37.65	0.00282
37.66	0.00209
37.67	-0.00147
37.68	-0.01308
37.69	-0.01905
37.7	-0.02469
37.71	-0.03812
37.72	-0.04150
37.73	-0.01548
37.74	0.00654
37.75	0.02362
37.76	0.02333
37.77	0.00712
37.78	0.00071
37.79	-0.00255
37.8	-0.01477
37.81	-0.01167
37.82	-0.01949
37.83	-0.01597
37.84	-0.01098
37.85	-0.01109
37.86	-0.00185
37.87	-0.00257
37.88	0.00568
37.89	0.02480
37.9	0.04363
37.91	0.05676
37.92	0.05471
37.93	0.04324
37.94	0.04085
37.95	0.04713
37.96	0.05383
37.97	0.06912
37.98	0.05445
37.99	0.04573
38	0.04667
38.01	0.05483
38.02	0.06882
38.03	0.08094
38.04	0.08860
38.05	0.07370
38.06	0.05314
38.07	0.03812
38.08	0.03389
38.09	0.02926
38.1	0.02304
38.11	0.04334
38.12	0.04204
38.13	0.04020
38.14	0.03546
38.15	0.03403
38.16	0.03425
38.17	0.03600
38.18	0.02137
38.19	0.01203
38.2	0.00368
38.21	0.01378
38.22	0.02145
38.23	0.03937
38.24	0.03880
38.25	0.04465
38.26	0.03175
38.27	0.02894
38.28	0.02011
38.29	0.01229
38.3	0.00789
38.31	0.00823
38.32	0.00829
38.33	-0.00113
38.34	-0.00860
38.35	-0.01987
38.36	-0.02001
38.37	-0.02244
38.38	-0.01298
38.39	-0.01437
38.4	-0.02324
38.41	-0.01428
38.42	-0.01769
38.43	-0.02790
38.44	-0.03295
38.45	-0.04380
38.46	-0.04187
38.47	-0.03626
38.48	-0.04033
38.49	-0.03343
38.5	-0.02336
38.51	-0.03512
38.52	-0.04702
38.53	-0.03933
38.54	-0.02645
38.55	-0.01690
38.56	0.00400
38.57	0.01580
38.58	0.03842
38.59	0.05486
38.6	0.05532
38.61	0.04153
38.62	0.03170
38.63	0.03704
38.64	0.04348
38.65	0.04432
38.66	0.05036
38.67	0.06862
38.68	0.07880
38.69	0.07868
38.7	0.06869
38.71	0.07262
38.72	0.08276
38.73	0.07215
38.74	0.06488
38.75	0.04874
38.76	0.04924
38.77	0.05102
38.78	0.05018
38.79	0.05520
38.8	0.06162
38.81	0.06530
38.82	0.05843
38.83	0.03735
38.84	0.02448
38.85	0.01229
38.86	-0.00295
38.87	-0.00428
38.88	0.01252
38.89	0.01832
38.9	0.01456
38.91	0.01598
38.92	0.00776
38.93	0.01854
38.94	0.02129
38.95	0.03341
38.96	0.03916
38.97	0.04718
38.98	0.04624
38.99	0.03311
39	0.02623
39.01	0.02612
39.02	0.01511
39.03	0.00623
39.04	-0.00153
39.05	0.00447
39.06	-0.00845
39.07	-0.00923
39.08	-0.00476
39.09	-0.01408
39.1	-0.00910
39.11	-0.01485
39.12	-0.02323
39.13	-0.03722
39.14	-0.04064
39.15	-0.04724
39.16	-0.05531
39.17	-0.06287
39.18	-0.05892
39.19	-0.04267
39.2	-0.03376
39.21	-0.01632
39.22	0.00327
39.23	0.01814
39.24	0.01528
39.25	0.01741
39.26	0.02265
39.27	0.01903
39.28	0.01796
39.29	0.01796
39.3	0.00413
39.31	-0.00648
39.32	0.00004
39.33	0.00147
39.34	0.01533
39.35	0.02326
39.36	0.01329
39.37	0.00441
39.38	-0.00653
39.39	-0.02100
39.4	-0.01253
39.41	-0.01472
39.42	-0.02161
39.43	-0.01322
39.44	-0.02113
39.45	-0.02774
39.46	-0.01889
39.47	-0.01576
39.48	-0.01547
39.49	-0.00587
39.5	-0.01383
39.51	-0.01933
39.52	-0.02840
39.53	-0.02765
39.54	-0.02498
39.55	-0.02518
39.56	-0.01849
39.57	-0.02412
39.58	-0.01319
39.59	-0.02084
39.6	-0.03454
39.61	-0.03811
39.62	-0.03371
39.63	-0.02492
39.64	-0.02281
39.65	-0.01883
39.66	-0.01289
39.67	-0.00466
39.68	0.00197
39.69	0.00957
39.7	0.01004
39.71	0.00536
39.72	0.00020
39.73	-0.00705
39.74	-0.01002
39.75	-0.00255
39.76	0.00486
39.77	0.02377
39.78	0.03978
39.79	0.04766
39.8	0.05153
39.81	0.05067
39.82	0.05009
39.83	0.05089
39.84	0.03645
39.85	0.04112
39.86	0.04607
39.87	0.05055
39.88	0.04773
39.89	0.05054
39.9	0.05688
39.91	0.05283
39.92	0.03632
39.93	0.02834
39.94	0.02754
39.95	0.03336
39.96	0.03737
39.97	0.04894
39.98	0.05179
39.99	0.05168
40	0.04739
40.01	0.04748
40.02	0.04730
40.03	0.03709
40.04	0.03811
40.05	0.03367
40.06	0.02981
40.07	0.03347
40.08	0.03110
40.09	0.02774
40.1	0.01938
40.11	0.01765
40.12	0.01289
40.13	0.00899
40.14	-0.00104
40.15	-0.00760
40.16	-0.00915
40.17	-0.00898
40.18	-0.00360
40.19	0.00719
40.2	0.00815
40.21	-0.00145
40.22	-0.00114
40.23	-0.00531
40.24	-0.00505
40.25	-0.00532
40.26	-0.01052
40.27	-0.02421
40.28	-0.03473
40.29	-0.04190
40.3	-0.05000
40.31	-0.04570
40.32	-0.04418
40.33	-0.04595
40.34	-0.03845
40.35	-0.04213
40.36	-0.03637
40.37	-0.02974
40.38	-0.02278
40.39	-0.02187
40.4	-0.01491
40.41	-0.02372
40.42	-0.03650
40.43	-0.04273
40.44	-0.04515
40.45	-0.04605
40.46	-0.04763
40.47	-0.04682
40.48	-0.04984
40.49	-0.04881
40.5	-0.05733
40.51	-0.06003
40.52	-0.05678
40.53	-0.06723
40.54	-0.06377
40.55	-0.06630
40.56	-0.06411
40.57	-0.06523
40.58	-0.07028
40.59	-0.06571
40.6	-0.04377
40.61	-0.03452
40.62	-0.03008
40.63	-0.02537
40.64	-0.02864
40.65	-0.03196
40.66	-0.02787
40.67	-0.02590
40.68	-0.01677
40.69	-0.01139
40.7	-0.00052
40.71	0.00459
40.72	0.01884
40.73	0.03179
40.74	0.03894
40.75	0.04328
40.76	0.05197
40.77	0.04104
40.78	0.03403
40.79	0.03807
40.8	0.03509
40.81	0.04814
40.82	0.05833
40.83	0.05817
40.84	0.05558
40.85	0.06508
40.86	0.06274
40.87	0.05617
40.88	0.03695
40.89	0.02436
40.9	0.02027
40.91	0.02786
40.92	0.03806
40.93	0.04451
40.94	0.04409
40.95	0.03831
40.96	0.04195
40.97	0.04742
40.98	0.03738
40.99	0.03537
41	0.02320
41.01	0.02306
41.02	0.02179
41.03	0.01869
41.04	0.01037
41.05	0.01243
41.06	0.01442
41.07	0.02252
41.08	0.02516
41.09	0.03371
41.1	0.03374
41.11	0.02994
41.12	0.02745
41.13	0.02452
41.14	0.01941
41.15	0.01524
41.16	0.00312
41.17	-0.00752
41.18	-0.01158
41.19	-0.02411
41.2	-0.02549
41.21	-0.01866
41.22	-0.01716
41.23	-0.02309
41.24	-0.02311
41.25	-0.02509
41.26	-0.02706
41.27	-0.02324
41.28	-0.01406
41.29	-0.00762
41.3	-0.00306
41.31	-0.01111
41.32	-0.02065
41.33	-0.02187
41.34	-0.02560
41.35	-0.02479
41.36	-0.02706
41.37	-0.03360
41.38	-0.03885
41.39	-0.03035
41.4	-0.04131
41.41	-0.03948
41.42	-0.02758
41.43	-0.02195
41.44	-0.02802
41.45	-0.03181
41.46	-0.03705
41.47	-0.04531
41.48	-0.04491
41.49	-0.04138
41.5	-0.04232
41.51	-0.04551
41.52	-0.04534
41.53	-0.05059
41.54	-0.05416
41.55	-0.05443
41.56	-0.04698
41.57	-0.04438
41.58	-0.03935
41.59	-0.02507
41.6	-0.01645
41.61	-0.00685
41.62	-0.00987
41.63	-0.01687
41.64	-0.01420
41.65	-0.00876
41.66	-0.00355
41.67	-0.00311
41.68	-0.00926
41.69	-0.01335
41.7	-0.01216
41.71	-0.00886
41.72	-0.01251
41.73	-0.01916
41.74	-0.01130
41.75	-0.00422
41.76	-0.00797
41.77	-0.00030
41.78	0.00826
41.79	0.01326
41.8	0.01948
41.81	0.02003
41.82	0.01967
41.83	0.02002
41.84	0.02668
41.85	0.02549
41.86	0.03012
41.87	0.03301
41.88	0.03177
41.89	0.03737
41.9	0.03674
41.91	0.02993
41.92	0.02817
41.93	0.01642
41.94	0.01891
41.95	0.02245
41.96	0.02426
41.97	0.01855
41.98	0.02600
41.99	0.03377
42	0.03447
42.01	0.03592
42.02	0.03347
42.03	0.02956
42.04	0.02157
42.05	0.01837
42.06	0.02161
42.07	0.01914
42.08	0.02810
42.09	0.02827
42.1	0.01769
42.11	0.00183
42.12	-0.01405
42.13	-0.01998
42.14	-0.02937
42.15	-0.03005
42.16	-0.02574
42.17	-0.02291
42.18	-0.02329
42.19	-0.02984
42.2	-0.02989
42.21	-0.02197
42.22	-0.02343
42.23	-0.03011
42.24	-0.04199
42.25	-0.05171
42.26	-0.05225
42.27	-0.04113
42.28	-0.04243
42.29	-0.04337
42.3	-0.04759
42.31	-0.06643
42.32	-0.07690
42.33	-0.07467
42.34	-0.08105
42.35	-0.09045
42.36	-0.09308
42.37	-0.08930
42.38	-0.08863
42.39	-0.08365
42.4	-0.07674
42.41	-0.06305
42.42	-0.04977
42.43	-0.04064
42.44	-0.03478
42.45	-0.02576
42.46	-0.03927
42.47	-0.04041
42.48	-0.04056
42.49	-0.04732
42.5	-0.03926
42.51	-0.03292
42.52	-0.03827
42.53	-0.05214
42.54	-0.05448
42.55	-0.05648
42.56	-0.05143
42.57	-0.04990
42.58	-0.04497
42.59	-0.05126
42.6	-0.04879
42.61	-0.04404
42.62	-0.04442
42.63	-0.03710
42.64	-0.02971
42.65	-0.01781
42.66	-0.01677
42.67	-0.01381
42.68	-0.02302
42.69	-0.02774
42.7	-0.02562
42.71	-0.01954
42.72	-0.01135
42.73	-0.00720
42.74	-0.00139
42.75	-0.00964
42.76	-0.00745
42.77	-0.00436
42.78	-0.00884
42.79	-0.01245
42.8	-0.00987
42.81	-0.00503
42.82	0.00381
42.83	0.00348
42.84	0.00927
42.85	0.01166
42.86	0.01316
42.87	0.01057
42.88	0.00853
42.89	0.00093
42.9	0.00009
42.91	-0.00039
42.92	0.00761
42.93	0.00846
42.94	0.01014
42.95	0.00697
42.96	0.00233
42.97	-0.00895
42.98	-0.02210
42.99	-0.02122
43	-0.01996
43.01	-0.01751
43.02	-0.00912
43.03	0.00070
43.04	-0.00169
43.05	-0.00572
43.06	-0.00347
43.07	-0.00702
43.08	-0.01340
43.09	-0.01400
43.1	-0.01705
43.11	-0.02360
43.12	-0.02011
43.13	-0.01793
43.14	-0.01010
43.15	-0.00550
43.16	0.00402
43.17	0.00097
43.18	-0.00188
43.19	-0.00036
43.2	0.00297
43.21	0.01699
43.22	0.01661
43.23	0.01720
43.24	0.03119
43.25	0.03735
43.26	0.03633
43.27	0.03351
43.28	0.03648
43.29	0.02593
43.3	0.02758
43.31	0.03443
43.32	0.03983
43.33	0.03836
43.34	0.03840
43.35	0.03812
43.36	0.04580
43.37	0.05196
43.38	0.06012
43.39	0.06356
43.4	0.05670
43.41	0.05275
43.42	0.04971
43.43	0.05063
43.44	0.05035
43.45	0.05347
43.46	0.05380
43.47	0.06354
43.48	0.07334
43.49	0.07936
43.5	0.08717
43.51	0.07318
43.52	0.05990
43.53	0.06279
43.54	0.07274
43.55	0.07115
43.56	0.07511
43.57	0.08051
43.58	0.08119
43.59	0.08730
43.6	0.08194
43.61	0.08553
43.62	0.08451
43.63	0.07973
43.64	0.06578
43.65	0.05693
43.66	0.05036
43.67	0.04703
43.68	0.04700
43.69	0.02991
43.7	0.02461
43.71	0.02730
43.72	0.03144
43.73	0.02500
43.74	0.02427
43.75	0.01195
43.76	0.00934
43.77	0.01537
43.78	0.01770
43.79	0.00914
43.8	0.00989
43.81	0.00195
43.82	-0.00625
43.83	-0.01571
43.84	-0.02109
43.85	-0.02215
43.86	-0.03460
43.87	-0.03936
43.88	-0.04961
43.89	-0.05660
43.9	-0.06085
43.91	-0.06672
43.92	-0.06899
43.93	-0.07453
43.94	-0.07412
43.95	-0.07231
43.96	-0.06401
43.97	-0.06099
43.98	-0.06368
43.99	-0.06903
44	-0.06909
44.01	-0.07116
44.02	-0.07133
44.03	-0.07916
44.04	-0.07807
44.05	-0.08239
44.06	-0.07622
44.07	-0.07775
44.08	-0.07554
44.09	-0.07290
44.1	-0.07214
44.11	-0.07423
44.12	-0.07690
44.13	-0.08091
44.14	-0.07636
44.15	-0.08141
44.16	-0.07379
44.17	-0.07132
44.18	-0.06593
44.19	-0.05854
44.2	-0.05835
44.21	-0.04989
44.22	-0.04984
44.23	-0.05429
44.24	-0.04523
44.25	-0.04446
44.26	-0.04406
44.27	-0.03439
44.28	-0.02756
44.29	-0.01869
44.3	-0.00912
44.31	-0.00054
44.32	0.00198
44.33	0.00931
44.34	0.02086
44.35	0.02605
44.36	0.03418
44.37	0.04220
44.38	0.04834
44.39	0.05234
44.4	0.05485
44.41	0.05211
44.42	0.04910
44.43	0.04565
44.44	0.04566
44.45	0.04840
44.46	0.04131
44.47	0.04180
44.48	0.05003
44.49	0.05347
44.5	0.06359
44.51	0.05551
44.52	0.05479
44.53	0.05410
44.54	0.05205
44.55	0.04847
44.56	0.04503
44.57	0.03986
44.58	0.03833
44.59	0.04119
44.6	0.04702
44.61	0.04316
44.62	0.04812
44.63	0.04755
44.64	0.05221
44.65	0.04482
44.66	0.05268
44.67	0.05286
44.68	0.05519
44.69	0.05429
44.7	0.04902
44.71	0.05186
44.72	0.05673
44.73	0.04645
44.74	0.04919
44.75	0.05301
44.76	0.04985
44.77	0.05092
44.78	0.05291
44.79	0.04532
44.8	0.04601
44.81	0.04777
44.82	0.04250
44.83	0.03686
44.84	0.03564
44.85	0.02715
44.86	0.02007
44.87	0.01715
44.88	0.01750
44.89	0.01611
44.9	0.01625
44.91	0.01784
44.92	0.02157
44.93	0.03024
44.94	0.03440
44.95	0.03231
44.96	0.02974
44.97	0.03035
44.98	0.03173
44.99	0.03354
45	0.02306
45.01	0.02333
45.02	0.01777
45.03	0.01008
45.04	0.00895
45.05	0.00871
45.06	0.00515
45.07	0.00700
45.08	0.01469
45.09	0.01482
45.1	0.01176
45.11	0.01046
45.12	0.00053
45.13	-0.00917
45.14	-0.00839
45.15	-0.00451
45.16	0.00240
45.17	0.00197
45.18	-0.00325
45.19	-0.00883
45.2	-0.02835
45.21	-0.03326
45.22	-0.03658
45.23	-0.03308
45.24	-0.02987
45.25	-0.02670
45.26	-0.03056
45.27	-0.03811
45.28	-0.04820
45.29	-0.04964
45.3	-0.05396
45.31	-0.05213
45.32	-0.05217
45.33	-0.05378
45.34	-0.05745
45.35	-0.06147
45.36	-0.06095
45.37	-0.06278
45.38	-0.06057
45.39	-0.05699
45.4	-0.04433
45.41	-0.04143
45.42	-0.03867
45.43	-0.03042
45.44	-0.03234
45.45	-0.03451
45.46	-0.02632
45.47	-0.04011
45.48	-0.03619
45.49	-0.03562
45.5	-0.03502
45.51	-0.04066
45.52	-0.04228
45.53	-0.04283
45.54	-0.03569
45.55	-0.03445
45.56	-0.02462
45.57	-0.01712
45.58	-0.02174
45.59	-0.02515
45.6	-0.03075
45.61	-0.03673
45.62	-0.03430
45.63	-0.03199
45.64	-0.02446
45.65	-0.01975
45.66	-0.02045
45.67	-0.01962
45.68	-0.02022
45.69	-0.01999
45.7	-0.01750
45.71	-0.00464
45.72	0.00343
45.73	0.00403
45.74	0.00581
45.75	0.00810
45.76	0.01251
45.77	0.00756
45.78	0.00783
45.79	0.00460
45.8	-0.00087
45.81	-0.00083
45.82	-0.00932
45.83	-0.00935
45.84	0.00372
45.85	0.00649
45.86	0.01612
45.87	0.02000
45.88	0.01721
45.89	0.00851
45.9	0.00723
45.91	0.00192
45.92	-0.00101
45.93	0.00194
45.94	-0.00573
45.95	-0.01077
45.96	-0.00725
45.97	-0.00328
45.98	-0.00245
45.99	0.00734
46	0.01648
46.01	0.01725
46.02	0.02617
46.03	0.02752
46.04	0.02008
46.05	0.02852
46.06	0.02624
46.07	0.01623
46.08	0.01265
46.09	0.01231
46.1	0.00898
46.11	0.01078
46.12	0.01833
46.13	0.02027
46.14	0.01504
46.15	0.01301
46.16	0.00611
46.17	0.01276
46.18	0.01427
46.19	0.01769
46.2	0.02061
46.21	0.01611
46.22	0.01862
46.23	0.02156
46.24	0.01769
46.25	0.02068
46.26	0.02216
46.27	0.02301
46.28	0.01483
46.29	0.01025
46.3	-0.00193
46.31	0.00898
46.32	0.02081
46.33	0.02318
46.34	0.03053
46.35	0.02117
46.36	0.02063
46.37	0.01292
46.38	0.00926
46.39	0.00766
46.4	0.00800
46.41	0.00677
46.42	-0.00253
46.43	-0.00742
46.44	-0.00869
46.45	-0.00900
46.46	-0.00443
46.47	-0.00023
46.48	0.00765
46.49	0.00850
46.5	0.00950
46.51	0.01144
46.52	0.01562
46.53	0.01356
46.54	0.00284
46.55	0.01193
46.56	0.01713
46.57	0.01451
46.58	0.01135
46.59	0.00251
46.6	-0.01009
46.61	-0.02037
46.62	-0.02566
46.63	-0.01815
46.64	-0.00989
46.65	-0.00875
46.66	0.00116
46.67	-0.00319
46.68	-0.00106
46.69	-0.00020
46.7	0.00600
46.71	0.01322
46.72	0.01598
46.73	0.00864
46.74	0.01548
46.75	0.01161
46.76	0.01672
46.77	0.02126
46.78	0.02812
46.79	0.02770
46.8	0.02794
46.81	0.02754
46.82	0.02328
46.83	0.01750
46.84	0.01596
46.85	0.02147
46.86	0.03225
46.87	0.03244
46.88	0.02800
46.89	0.02465
46.9	0.01986
46.91	0.00918
46.92	0.00059
46.93	0.00468
46.94	0.00232
46.95	0.00578
46.96	0.00578
46.97	0.01147
46.98	0.00892
46.99	0.01331
47	0.00802
47.01	0.00870
47.02	0.00732
47.03	0.00511
47.04	0.00788
47.05	0.00703
47.06	0.01143
47.07	0.00968
47.08	0.00649
47.09	0.00128
47.1	-0.00491
47.11	-0.01137
47.12	-0.01032
47.13	-0.00616
47.14	-0.00220
47.15	-0.00680
47.16	-0.00712
47.17	-0.01675
47.18	-0.02413
47.19	-0.02404
47.2	-0.02067
47.21	-0.01703
47.22	-0.00825
47.23	-0.00596
47.24	-0.00955
47.25	-0.01021
47.26	-0.01781
47.27	-0.01525
47.28	-0.00632
47.29	-0.00009
47.3	0.00529
47.31	0.00615
47.32	0.00522
47.33	0.00266
47.34	0.00639
47.35	0.00316
47.36	0.00413
47.37	-0.00211
47.38	-0.00099
47.39	-0.00267
47.4	-0.00616
47.41	-0.01263
47.42	-0.01014
47.43	-0.00378
47.44	0.00769
47.45	0.01565
47.46	0.02044
47.47	0.03016
47.48	0.03343
47.49	0.03989
47.5	0.04163
47.51	0.03876
47.52	0.03587
47.53	0.03520
47.54	0.02883
47.55	0.03163
47.56	0.03947
47.57	0.04622
47.58	0.04552
47.59	0.03886
47.6	0.02909
47.61	0.02726
47.62	0.02435
47.63	0.02554
47.64	0.02628
47.65	0.03141
47.66	0.03357
47.67	0.03454
47.68	0.03956
47.69	0.04313
47.7	0.04383
47.71	0.04004
47.72	0.04526
47.73	0.04752
47.74	0.04633
47.75	0.04431
47.76	0.03985
47.77	0.03461
47.78	0.03844
47.79	0.03042
47.8	0.03593
47.81	0.04259
47.82	0.04181
47.83	0.04352
47.84	0.04096
47.85	0.03638
47.86	0.03513
47.87	0.03920
47.88	0.03813
47.89	0.04384
47.9	0.03514
47.91	0.03522
47.92	0.02900
47.93	0.03145
47.94	0.03012
47.95	0.02802
47.96	0.02933
47.97	0.02816
47.98	0.02408
47.99	0.02386
48	0.02415
48.01	0.02306
48.02	0.01515
48.03	0.00545
48.04	-0.00007
48.05	-0.01082
48.06	-0.01323
48.07	-0.01013
48.08	0.00117
48.09	0.00681
48.1	0.00870
48.11	0.00110
48.12	-0.00047
48.13	-0.00627
48.14	-0.01100
48.15	-0.00846
48.16	-0.00799
48.17	-0.00366
48.18	-0.00023
48.19	0.00086
48.2	0.00646
48.21	0.00380
48.22	0.00646
48.23	0.00113
48.24	-0.00338
48.25	-0.00531
48.26	-0.00530
48.27	-0.00968
48.28	-0.00615
48.29	-0.00157
48.3	-0.00447
48.31	-0.00087
48.32	-0.00325
48.33	-0.00454
48.34	-0.00928
48.35	-0.00941
48.36	-0.01835
48.37	-0.01543
48.38	-0.01375
48.39	-0.01803
48.4	-0.02145
48.41	-0.01570
48.42	-0.01514
48.43	-0.02174
48.44	-0.02248
48.45	-0.03441
48.46	-0.03036
48.47	-0.03428
48.48	-0.03614
48.49	-0.03448
48.5	-0.03251
48.51	-0.02539
48.52	-0.02223
48.53	-0.02027
48.54	-0.02949
48.55	-0.03409
48.56	-0.04203
48.57	-0.04305
48.58	-0.04694
48.59	-0.03630
48.6	-0.03157
48.61	-0.02828
48.62	-0.02649
48.63	-0.02444
48.64	-0.02703
48.65	-0.02957
48.66	-0.03103
48.67	-0.03826
48.68	-0.04139
48.69	-0.03685
48.7	-0.04117
48.71	-0.04271
48.72	-0.04594
48.73	-0.05521
48.74	-0.05434
48.75	-0.04462
48.76	-0.04515
48.77	-0.04796
48.78	-0.04704
48.79	-0.04662
48.8	-0.04320
48.81	-0.03898
48.82	-0.03764
48.83	-0.03374
48.84	-0.03126
48.85	-0.03074
48.86	-0.03092
48.87	-0.02580
48.88	-0.01661
48.89	-0.02066
48.9	-0.02557
48.91	-0.02611
48.92	-0.02421
48.93	-0.02912
48.94	-0.02364
48.95	-0.02826
48.96	-0.02270
48.97	-0.02255
48.98	-0.02461
48.99	-0.02165
49	-0.02471
49.01	-0.02508
49.02	-0.02457
49.03	-0.02073
49.04	-0.02496
49.05	-0.02181
49.06	-0.02496
49.07	-0.02524
49.08	-0.03054
49.09	-0.03091
49.1	-0.03108
49.11	-0.03568
49.12	-0.02336
49.13	-0.02316
49.14	-0.02804
49.15	-0.02318
49.16	-0.02400
49.17	-0.02893
49.18	-0.02519
49.19	-0.02503
49.2	-0.01890
49.21	-0.01652
49.22	-0.01129
49.23	-0.00639
49.24	-0.00839
49.25	-0.01184
49.26	-0.01039
49.27	-0.01043
49.28	-0.01382
49.29	-0.01769
49.3	-0.02015
49.31	-0.02246
49.32	-0.01825
49.33	-0.01415
49.34	-0.01500
49.35	-0.01596
49.36	-0.01185
49.37	-0.00866
49.38	-0.01079
49.39	-0.01357
49.4	-0.01263
49.41	-0.01439
49.42	-0.01365
49.43	-0.00369
49.44	-0.00272
49.45	0.00341
49.46	0.00284
49.47	0.00547
49.48	-0.00056
49.49	0.00293
49.5	0.00336
49.51	0.01496
49.52	0.01551
49.53	0.02129
49.54	0.02173
49.55	0.01797
49.56	0.02466
49.57	0.01434
49.58	0.01410
49.59	0.00553
49.6	-0.00185
49.61	-0.00627
49.62	-0.00540
49.63	0.00212
49.64	0.00025
49.65	0.00642
49.66	0.01565
49.67	0.02927
49.68	0.03014
49.69	0.02750
49.7	0.02597
49.71	0.02293
49.72	0.02090
49.73	0.02596
49.74	0.03200
49.75	0.03710
49.76	0.03331
49.77	0.03273
49.78	0.02885
49.79	0.01953
49.8	0.01634
49.81	0.00754
49.82	0.00751
49.83	0.00366
49.84	0.00583
49.85	0.00953
49.86	0.01014
49.87	0.00479
49.88	0.00233
49.89	0.00090
49.9	0.00507
49.91	-0.00225
49.92	-0.00011
49.93	0.00031
49.94	-0.00289
49.95	-0.00779
49.96	-0.01157
49.97	-0.01067
49.98	-0.00078
49.99	0.00868
50	0.01512
50.01	0.01564
50.02	0.01851
50.03	0.01662
50.04	0.01776
50.05	0.01481
50.06	0.01733
50.07	0.01603
50.08	0.01661
50.09	0.01290
50.1	0.00390
50.11	0.00313
50.12	0.00343
50.13	0.00066
50.14	0.00301
50.15	0.00179
50.16	-0.00215
50.17	0.00353
50.18	0.00050
50.19	0.00194
50.2	0.00077
50.21	0.00730
50.22	0.00782
50.23	0.01238
50.24	0.00337
50.25	-0.00141
50.26	-0.00368
50.27	0.00075
50.28	0.00546
50.29	0.00566
50.3	0.00444
50.31	-0.00131
50.32	0.00059
50.33	0.00170
50.34	0.00250
50.35	0.00129
50.36	0.00271
50.37	0.00482
50.38	-0.00411
50.39	-0.00651
50.4	-0.00703
50.41	-0.00388
50.42	-0.00302
50.43	-0.00116
50.44	0.00611
50.45	-0.00071
50.46	0.00016
50.47	-0.00083
50.48	-0.00823
50.49	-0.01212
50.5	-0.01705
50.51	-0.01735
50.52	-0.01692
50.53	-0.01384
50.54	-0.01778
50.55	-0.02072
50.56	-0.02298
50.57	-0.01900
50.58	-0.02062
50.59	-0.01456
50.6	-0.01552
50.61	-0.01475
50.62	-0.01963
50.63	-0.02042
50.64	-0.02339
50.65	-0.02322
50.66	-0.02270
50.67	-0.01994
50.68	-0.01861
50.69	-0.02075
50.7	-0.02020
50.71	-0.01542
50.72	-0.01556
50.73	-0.01328
50.74	-0.01330
50.75	-0.01830
50.76	-0.02378
50.77	-0.01733
50.78	-0.02041
50.79	-0.02018
50.8	-0.01934
50.81	-0.02626
50.82	-0.02650
50.83	-0.02548
50.84	-0.02529
50.85	-0.02983
50.86	-0.02973
50.87	-0.02759
50.88	-0.02621
50.89	-0.02075
50.9	-0.01756
50.91	-0.01795
50.92	-0.02027
50.93	-0.02217
50.94	-0.02277
50.95	-0.02543
50.96	-0.03107
50.97	-0.03149
50.98	-0.02404
50.99	-0.02661
51	-0.01824
51.01	-0.01750
51.02	-0.01649
51.03	-0.01579
51.04	-0.01599
51.05	-0.01550
51.06	-0.01703
51.07	-0.01923
51.08	-0.01745
51.09	-0.01914
51.1	-0.01485
51.11	-0.01283
51.12	-0.00828
51.13	-0.00882
51.14	-0.01335
51.15	-0.01555
51.16	-0.01174
51.17	-0.00825
51.18	-0.00653
51.19	-0.00840
51.2	-0.00734
51.21	-0.00068
51.22	-0.00183
51.23	-0.00135
51.24	0.00620
51.25	0.01298
51.26	0.01647
51.27	0.02330
51.28	0.01767
51.29	0.01020
51.3	0.01148
51.31	0.00919
51.32	0.01232
51.33	0.01618
51.34	0.01366
51.35	0.01697
51.36	0.01787
51.37	0.01383
51.38	0.01815
51.39	0.01225
51.4	0.00809
51.41	0.00508
51.42	0.00902
51.43	0.00827
51.44	0.00124
51.45	0.00128
51.46	0.00191
51.47	0.00097
51.48	-0.00350
51.49	-0.00113
51.5	0.00428
51.51	0.00259
51.52	0.00269
51.53	0.00356
51.54	-0.00110
51.55	-0.00120
51.56	0.00914
51.57	-0.00005
51.58	0.00593
51.59	0.00517
51.6	-0.00208
51.61	-0.00397
51.62	-0.00639
51.63	-0.00572
51.64	-0.00476
51.65	-0.00683
51.66	-0.00783
51.67	0.00194
51.68	0.00332
51.69	0.00759
51.7	0.00581
51.71	-0.00148
51.72	0.00338
51.73	0.00125
51.74	0.00231
51.75	-0.00011
51.76	-0.00316
51.77	-0.00392
51.78	-0.00798
51.79	-0.00500
51.8	0.00128
51.81	0.00067
51.82	-0.00373
51.83	-0.00496
51.84	-0.00703
51.85	-0.01020
51.86	-0.01255
51.87	-0.00365
51.88	0.00441
51.89	0.00776
51.9	0.01119
51.91	0.00807
51.92	0.00994
51.93	0.01125
51.94	0.00367
51.95	-0.00128
51.96	-0.00281
51.97	-0.00016
51.98	-0.00042
51.99	-0.00634
52	-0.00499
52.01	-0.00433
52.02	-0.00687
52.03	-0.00102
52.04	-0.00266
52.05	-0.00014
52.06	-0.00349
52.07	-0.00628
52.08	-0.00907
52.09	-0.01100
52.1	-0.01865
52.11	-0.02196
52.12	-0.01091
52.13	-0.00505
52.14	0.00336
52.15	0.00659
52.16	0.00649
52.17	0.00984
52.18	0.00744
52.19	0.00642
52.2	0.00469
52.21	0.00398
52.22	0.00194
52.23	0.00413
52.24	0.00478
52.25	0.00602
52.26	-0.00139
52.27	-0.00222
52.28	-0.00087
52.29	-0.00068
52.3	0.00733
52.31	0.00914
52.32	0.00024
52.33	-0.00365
52.34	-0.00257
52.35	-0.01123
52.36	-0.00372
52.37	-0.00045
52.38	0.00244
52.39	0.00470
52.4	0.00201
52.41	0.00348
52.42	0.00439
52.43	0.00712
52.44	0.00426
52.45	0.00506
52.46	0.00473
52.47	0.00467
52.48	0.01176
52.49	0.01547
52.5	0.01858
52.51	0.02225
52.52	0.02657
52.53	0.02270
52.54	0.02349
52.55	0.01896
52.56	0.02235
52.57	0.01913
52.58	0.02351
52.59	0.02675
52.6	0.01901
52.61	0.01814
52.62	0.01398
52.63	0.01195
52.64	0.00869
52.65	0.01243
52.66	0.02213
52.67	0.03342
52.68	0.03564
52.69	0.03779
52.7	0.03920
52.71	0.03418
52.72	0.03542
52.73	0.03855
52.74	0.03686
52.75	0.04084
52.76	0.04103
52.77	0.03593
52.78	0.03848
52.79	0.03440
52.8	0.02802
52.81	0.02717
52.82	0.02941
52.83	0.02293
52.84	0.02615
52.85	0.01574
52.86	0.01105
52.87	0.01052
52.88	0.00426
52.89	0.00958
52.9	0.01557
52.91	0.01913
52.92	0.01832
52.93	0.02066
52.94	0.01273
52.95	0.01026
52.96	0.00642
52.97	0.00596
52.98	0.00865
52.99	0.00784
53	0.00989
53.01	0.01040
53.02	0.01021
53.03	0.01265
53.04	0.01346
53.05	0.00836
53.06	0.00281
53.07	0.01108
53.08	0.01315
53.09	0.01768
53.1	0.01791
53.11	0.01998
53.12	0.02075
53.13	0.01395
53.14	0.01510
53.15	0.01569
53.16	0.01396
53.17	0.01130
53.18	0.00903
53.19	0.00822
53.2	0.00943
53.21	0.00707
53.22	0.00166
53.23	0.00459
53.24	0.00388
53.25	0.00266
53.26	0.00451
53.27	0.00971
53.28	0.01185
53.29	0.00777
53.3	0.00700
53.31	0.00890
53.32	0.00541
53.33	0.00330
53.34	0.00339
53.35	0.00113
53.36	0.00165
53.37	0.00033
53.38	0.00009
53.39	-0.00252
53.4	-0.00032
53.41	0.00447
53.42	0.00805
53.43	0.00266
53.44	-0.00100
53.45	-0.00118
53.46	-0.00687
53.47	-0.00583
53.48	-0.00327
53.49	-0.00027
53.5	0.00704
53.51	0.00874
53.52	0.00700
53.53	0.01096
53.54	0.01189
53.55	0.01339
53.56	0.01265
53.57	0.01418
53.58	0.01365
53.59	0.01116
53.6	0.00859
53.61	0.00571
53.62	0.00816
53.63	0.00617
53.64	0.00353
53.65	0.00131
53.66	0.00062
53.67	-0.00303
53.68	0.00008
53.69	0.00165
53.7	-0.00001
53.71	0.00459
53.72	0.00250
53.73	0.00260
53.74	0.00343
53.75	0.00463
53.76	0.00081
53.77	0.00374
53.78	0.00343
53.79	0.00372
53.8	0.00119
53.81	0.00318
53.82	0.00372
53.83	0.00404
53.84	0.00238
53.85	0.00293
53.86	0.00131
53.87	-0.00037
53.88	-0.00129
53.89	-0.00435
53.9	0.00063
53.91	0.00293
53.92	0.00023
53.93	-0.00077
53.94	-0.00036
53.95	-0.00271
53.96	-0.00626
53.97	-0.01147
53.98	-0.01499
53.99	-0.01477
54	-0.02121
54.01	-0.02220
54.02	-0.02100
54.03	-0.02063
54.04	-0.02044
54.05	-0.01382
54.06	-0.01410
54.07	-0.00628
54.08	-0.00427
54.09	-0.00626
54.1	-0.00847
54.11	-0.00962
54.12	-0.00759
54.13	-0.00150
54.14	0.00384
54.15	0.00333
54.16	0.00193
54.17	-0.00329
54.18	-0.00585
54.19	-0.00438
54.2	-0.00824
54.21	-0.00626
54.22	-0.00455
54.23	-0.00722
54.24	-0.00994
54.25	-0.00586
54.26	-0.00835
54.27	-0.00482
54.28	-0.00380
54.29	-0.00545
54.3	0.00253
54.31	0.00419
54.32	-0.00133
54.33	0.00173
54.34	0.00364
54.35	-0.00467
54.36	-0.00660
54.37	-0.00221
54.38	-0.00749
54.39	-0.00851
54.4	-0.00579
54.41	-0.00582
54.42	-0.00406
54.43	-0.00230
54.44	-0.00034
54.45	0.00028
54.46	0.00245
54.47	0.00062
54.48	0.00046
54.49	0.00381
54.5	0.00560
54.51	0.00212
54.52	0.00523
54.53	-0.00279
54.54	0.00054
54.55	-0.00068
54.56	0.00451
54.57	-0.00096
54.58	0.00049
54.59	0.00129
54.6	0.00379
54.61	0.00743
54.62	0.00803
54.63	0.00550
54.64	0.00951
54.65	0.00131
54.66	-0.00018
54.67	-0.00499
54.68	-0.00535
54.69	0.00164
54.7	0.00490
54.71	0.00940
54.72	0.00874
54.73	0.01550
54.74	0.01518
54.75	0.01910
54.76	0.01369
54.77	0.01373
54.78	0.01176
54.79	0.00578
54.8	0.01101
54.81	0.01362
54.82	0.01389
54.83	0.01404
54.84	0.01725
54.85	0.01956
54.86	0.01452
54.87	0.01342
54.88	0.01164
54.89	0.01593
54.9	0.01697
54.91	0.02236
54.92	0.02277
54.93	0.02590
54.94	0.02312
54.95	0.02157
54.96	0.01706
54.97	0.01199
54.98	0.01305
54.99	0.00984
55	0.00322
55.01	0.00395
55.02	0.00389
55.03	0.00792
55.04	0.01013
55.05	0.01168
55.06	0.01001
55.07	0.00653
55.08	0.01183
55.09	0.01241
55.1	0.01575
55.11	0.01589
55.12	0.02165
55.13	0.01466
55.14	0.01050
55.15	0.00814
55.16	0.00896
55.17	0.01230
55.18	0.01505
55.19	0.01587
55.2	0.01270
55.21	0.01337
55.22	0.00797
55.23	0.01002
55.24	0.00412
55.25	0.00498
55.26	0.00681
55.27	0.01022
55.28	0.01159
55.29	0.01779
55.3	0.01958
55.31	0.01672
55.32	0.01905
55.33	0.01801
55.34	0.01927
55.35	0.01567
55.36	0.01067
55.37	0.00586
55.38	-0.00507
55.39	-0.00916
55.4	-0.00845
55.41	-0.01209
55.42	-0.01093
55.43	-0.01382
55.44	-0.00803
55.45	-0.00989
55.46	-0.00329
55.47	-0.00350
55.48	-0.00476
55.49	-0.00685
55.5	-0.00974
55.51	-0.00595
55.52	-0.00427
55.53	-0.00125
55.54	-0.00434
55.55	-0.00354
55.56	-0.00702
55.57	-0.00474
55.58	-0.00670
55.59	-0.00831
55.6	0.00064
55.61	0.00043
55.62	0.00011
55.63	-0.00289
55.64	-0.00068
55.65	-0.00319
55.66	-0.00277
55.67	-0.00172
55.68	-0.00495
55.69	-0.00331
55.7	-0.00406
55.71	-0.00891
55.72	-0.00781
55.73	-0.00832
55.74	-0.01253
55.75	-0.01058
55.76	-0.01048
55.77	-0.01553
55.78	-0.01799
55.79	-0.01796
55.8	-0.02037
55.81	-0.01838
55.82	-0.02102
55.83	-0.01889
55.84	-0.01510
55.85	-0.01573
55.86	-0.01346
55.87	-0.01241
55.88	-0.01161
55.89	-0.01415
55.9	-0.01355
55.91	-0.01389
55.92	-0.01336
55.93	-0.01337
55.94	-0.01663
55.95	-0.01865
55.96	-0.02014
55.97	-0.01817
55.98	-0.01601
55.99	-0.02003
56	-0.01983
56.01	-0.02345
56.02	-0.01904
56.03	-0.01795
56.04	-0.01868
56.05	-0.01891
56.06	-0.01944
56.07	-0.01809
56.08	-0.01897
56.09	-0.01248
56.1	-0.01001
56.11	-0.01342
56.12	-0.01148
56.13	-0.01972
56.14	-0.01727
56.15	-0.01814
56.16	-0.01947
56.17	-0.02271
56.18	-0.02410
56.19	-0.02595
56.2	-0.02498
56.21	-0.02784
56.22	-0.02037
56.23	-0.02138
56.24	-0.01868
56.25	-0.01704
56.26	-0.01789
56.27	-0.01890
56.28	-0.02072
56.29	-0.02593
56.3	-0.02279
56.31	-0.01911
56.32	-0.01824
56.33	-0.01303
56.34	-0.01513
56.35	-0.01315
56.36	-0.01505
56.37	-0.01347
56.38	-0.01370
56.39	-0.01581
56.4	-0.01252
56.41	-0.01470
56.42	-0.01631
56.43	-0.01535
56.44	-0.01978
56.45	-0.01370
56.46	-0.01679
56.47	-0.01188
56.48	-0.01107
56.49	-0.00814
56.5	-0.00889
56.51	-0.00257
56.52	-0.00551
56.53	-0.00569
56.54	-0.00188
56.55	0.00223
56.56	0.00218
56.57	-0.00259
56.58	-0.00111
56.59	-0.00361
56.6	-0.00306
56.61	-0.00518
56.62	-0.00653
56.63	0.00174
56.64	-0.00188
56.65	-0.00420
56.66	0.00018
56.67	0.00044
56.68	-0.00464
56.69	-0.00156
56.7	-0.00221
56.71	-0.00193
56.72	0.00077
56.73	-0.00022
56.74	0.00574
56.75	0.00220
56.76	0.00549
56.77	0.00629
56.78	0.00574
56.79	0.00310
56.8	0.00073
56.81	-0.00212
56.82	-0.00341
56.83	-0.00485
56.84	-0.00773
56.85	-0.01219
56.86	-0.01167
56.87	-0.01387
56.88	-0.00991
56.89	-0.00814
56.9	-0.00185
56.91	-0.00524
56.92	-0.00500
56.93	-0.00770
56.94	-0.01260
56.95	-0.01346
56.96	-0.01356
56.97	-0.01608
56.98	-0.01704
56.99	-0.01887
57	-0.01574
57.01	-0.01941
57.02	-0.01855
57.03	-0.01783
57.04	-0.01158
57.05	-0.00858
57.06	-0.00770
57.07	-0.00745
57.08	-0.00843
57.09	-0.00744
57.1	-0.00954
57.11	-0.00977
57.12	-0.01423
57.13	-0.01546
57.14	-0.01492
57.15	-0.01563
57.16	-0.01079
57.17	-0.00923
57.18	-0.00780
57.19	-0.01205
57.2	-0.00954
57.21	-0.01305
57.22	-0.01191
57.23	-0.00576
57.24	-0.01093
57.25	-0.00662
57.26	-0.00662
57.27	-0.00732
57.28	-0.00753
57.29	-0.00509
57.3	-0.00573
57.31	-0.00824
57.32	-0.00932
57.33	-0.00747
57.34	-0.00829
57.35	-0.00760
57.36	-0.01000
57.37	-0.01227
57.38	-0.01407
57.39	-0.01085
57.4	-0.01044
57.41	-0.00677
57.42	-0.00667
57.43	-0.01111
57.44	-0.01231
57.45	-0.01601
57.46	-0.01560
57.47	-0.01576
57.48	-0.01702
57.49	-0.01740
57.5	-0.01433
57.51	-0.01178
57.52	-0.01343
57.53	-0.01206
57.54	-0.00780
57.55	-0.00867
57.56	-0.00723
57.57	-0.00872
57.58	-0.00737
57.59	-0.00350
57.6	0.00012
57.61	0.00025
57.62	0.00532
57.63	0.00329
57.64	-0.00214
57.65	0.00147
57.66	-0.00325
57.67	-0.00850
57.68	-0.01301
57.69	-0.00876
57.7	-0.01175
57.71	-0.00757
57.72	-0.00457
57.73	-0.00616
57.74	-0.00250
57.75	-0.00023
57.76	-0.00167
57.77	0.00386
57.78	0.00041
57.79	0.00072
57.8	-0.00092
57.81	-0.00234
57.82	-0.00272
57.83	-0.00339
57.84	-0.00299
57.85	0.00190
57.86	0.00297
57.87	0.00262
57.88	0.00178
57.89	0.00612
57.9	0.00436
57.91	0.00761
57.92	0.00720
57.93	0.00457
57.94	0.00637
57.95	0.00354
57.96	0.00790
57.97	0.00616
57.98	0.00696
57.99	0.01086
58	0.01229
58.01	0.01227
58.02	0.01476
58.03	0.01175
58.04	0.01066
58.05	0.00885
58.06	0.00994
58.07	0.00789
58.08	0.00999
58.09	0.00972
58.1	0.01325
58.11	0.01493
58.12	0.01650
58.13	0.02004
58.14	0.01872
58.15	0.01367
58.16	0.01318
58.17	0.01184
58.18	0.01212
58.19	0.01274
58.2	0.01114
58.21	0.01177
58.22	0.00790
58.23	0.00599
58.24	0.00701
58.25	0.00818
58.26	0.00684
58.27	0.00911
58.28	0.00905
58.29	0.01167
58.3	0.00715
58.31	0.00644
58.32	0.00252
58.33	0.00775
58.34	0.00797
58.35	0.00714
58.36	0.00718
58.37	0.00587
58.38	0.00828
58.39	0.00800
58.4	0.00675
58.41	0.01058
58.42	0.00978
58.43	0.01217
58.44	0.01039
58.45	0.00785
58.46	0.00711
58.47	0.00633
58.48	0.00714
58.49	0.00647
58.5	0.00618
58.51	0.00671
58.52	0.00662
58.53	0.00652
58.54	0.00912
58.55	0.01004
58.56	0.01233
58.57	0.01295
58.58	0.01222
58.59	0.01367
58.6	0.01262
58.61	0.01181
58.62	0.00881
58.63	0.00743
58.64	0.00700
58.65	0.00866
58.66	0.00912
58.67	0.01047
58.68	0.00876
58.69	0.00968
58.7	0.01090
58.71	0.01197
58.72	0.01366
58.73	0.01386
58.74	0.01375
58.75	0.01323
58.76	0.01161
58.77	0.01113
58.78	0.00977
58.79	0.01220
58.8	0.01230
58.81	0.01183
58.82	0.01058
58.83	0.00847
58.84	0.00887
58.85	0.00963
58.86	0.01016
58.87	0.01081
58.88	0.01115
58.89	0.01376
58.9	0.01050
58.91	0.01022
58.92	0.00840
58.93	0.00875
58.94	0.01075
58.95	0.00924
58.96	0.00914
58.97	0.01002
58.98	0.01235
58.99	0.01273
59	0.01415
59.01	0.01373
59.02	0.01572
59.03	0.01484
59.04	0.01465
59.05	0.01385
59.06	0.01466
59.07	0.01488
59.08	0.01211
59.09	0.01199
59.1	0.01103
59.11	0.00863
59.12	0.00897
59.13	0.01057
59.14	0.00896
59.15	0.00839
59.16	0.00838
59.17	0.00877
59.18	0.00889
59.19	0.00873
59.2	0.00988
59.21	0.00921
59.22	0.00931
59.23	0.00644
59.24	0.00619
59.25	0.00466
59.26	0.00310
59.27	0.00329
59.28	0.00262
59.29	0.00355
59.3	0.00395
59.31	0.00270
59.32	0.00253
59.33	0.00217
59.34	0.00050
59.35	0.00065
59.36	0.00014
59.37	-0.00140
59.38	0.00065
59.39	-0.00014
59.4	0.00072
59.41	0.00242
59.42	0.00372
59.43	0.00465
59.44	0.00318
59.45	0.00391
59.46	0.00460
59.47	0.00303
59.48	0.00261
59.49	0.00356
59.5	0.00380
59.51	0.00358
59.52	0.00435
59.53	0.00312
59.54	0.00226
59.55	0.00265
59.56	0.00323
59.57	0.00296
59.58	0.00283
59.59	0.00271
59.6	0.00174
59.61	0.00308
59.62	0.00206
59.63	0.00074
59.64	0.00165
59.65	0.00135
59.66	0.00051
59.67	0.00105
59.68	0.00011
59.69	0.00115
59.7	0.00015
59.71	0.00029
59.72	0.00123
59.73	0.00231
59.74	0.00100
59.75	0.00162
59.76	0.00251
59.77	0.00182
59.78	0.00258
59.79	0.00239
59.8	0.00205
59.81	0.00226
59.82	0.00121
59.83	0.00081
59.84	0.00005
59.85	-0.00095
59.86	-0.00139
59.87	-0.00192
59.88	-0.00206
59.89	-0.00242
59.9	-0.00227
59.91	-0.00169
59.92	-0.00206
59.93	-0.00215
59.94	-0.00388
59.95	-0.00398
59.96	-0.00399
59.97	-0.00318
59.98	-0.00341
59.99	-0.00270
60	-0.00268
60.01	-0.00240
60.02	-0.00292
60.03	-0.00325
60.04	-0.00340
60.05	-0.00473
60.06	-0.00441
60.07	-0.00480
60.08	-0.00441
60.09	-0.00376
60.1	-0.00425
60.11	-0.00410
60.12	-0.00338
60.13	-0.00341
60.14	-0.00357
60.15	-0.00300
60.16	-0.00335
60.17	-0.00349
60.18	-0.00428
60.19	-0.00466
60.2	-0.00492
60.21	-0.00482
60.22	-0.00479
60.23	-0.00506
60.24	-0.00449
60.25	-0.00397
60.26	-0.00387
60.27	-0.00412
60.28	-0.00441
60.29	-0.00471
60.3	-0.00491
60.31	-0.00501
60.32	-0.00524
60.33	-0.00468
60.34	-0.00468
60.35	-0.00410
60.36	-0.00394
60.37	-0.00376
60.38	-0.00355
60.39	-0.00332
60.4	-0.00246
60.41	-0.00276
60.42	-0.00243
60.43	-0.00235
60.44	-0.00256
60.45	-0.00284
60.46	-0.00293
60.47	-0.00293
60.48	-0.00287
60.49	-0.00278
60.5	-0.00288
60.51	-0.00300
60.52	-0.00285
60.53	-0.00268
60.54	-0.00265
60.55	-0.00264
60.56	-0.00248
60.57	-0.00242
60.58	-0.00229
60.59	-0.00238
60.6	-0.00252
60.61	-0.00248
60.62	-0.00280
60.63	-0.00285
60.64	-0.00262
60.65	-0.00262
60.66	-0.00264
60.67	-0.00260
60.68	-0.00244
60.69	-0.00249
60.7	-0.00252
60.71	-0.00251
60.72	-0.00223
60.73	-0.00215
60.74	-0.00206
60.75	-0.00204
60.76	-0.00204
60.77	-0.00205
60.78	-0.00193
60.79	-0.00185
60.8	-0.00169
60.81	-0.00179
60.82	-0.00171
60.83	-0.00168
60.84	-0.00170
60.85	-0.00170
60.86	-0.00154
60.87	-0.00155
60.88	-0.00160
60.89	-0.00153
60.9	-0.00145
60.91	-0.00138
60.92	-0.00131
60.93	-0.00130
60.94	-0.00127
60.95	-0.00123
60.96	-0.00115
60.97	-0.00116
60.98	-0.00106
60.99	-0.00107
61	-0.00106
61.01	-0.00111
61.02	-0.00104
61.03	-0.00104
61.04	-0.00099
61.05	-0.00097
61.06	-0.00095
61.07	-0.00095
61.08	-0.00088
61.09	-0.00089
61.1	-0.00087
61.11	-0.00081
61.12	-0.00078
61.13	-0.00074
61.14	-0.00073
61.15	-0.00069
61.16	-0.00073
61.17	-0.00070
61.18	-0.00070
61.19	-0.00068
61.2	-0.00068
61.21	-0.00068
61.22	-0.00070
61.23	-0.00070
61.24	-0.00068
61.25	-0.00068
61.26	-0.00067
61.27	-0.00064
61.28	-0.00064
61.29	-0.00063
61.3	-0.00062
61.31	-0.00060
61.32	-0.00059
61.33	-0.00058
61.34	-0.00057
61.35	-0.00055
61.36	-0.00052
61.37	-0.00050
61.38	-0.00049
61.39	-0.00048
61.4	-0.00048
61.41	-0.00046
61.42	-0.00045
61.43	-0.00044
61.44	-0.00042
61.45	-0.00041
61.46	-0.00040
61.47	-0.00039
61.48	-0.00038
61.49	-0.00036
61.5	-0.00035
61.51	-0.00033
61.52	-0.00032
61.53	-0.00031
61.54	-0.00030
61.55	-0.00029
61.56	-0.00027
61.57	-0.00026
61.58	-0.00025
61.59	-0.00023
61.6	-0.00023
61.61	-0.00021
61.62	-0.00020
61.63	-0.00019
61.64	-0.00017
61.65	-0.00016
61.66	-0.00015
61.67	-0.00014
61.68	-0.00013
61.69	-0.00012
61.7	-0.00010
61.71	-0.00009
61.72	-0.00008
61.73	-0.00007
61.74	-0.00005
61.75	-0.00005
61.76	-0.00004
61.77	-0.00003
61.78	-0.00002
61.79	0.00000
61.8	0.00001
61.81	0.00002
61.82	0.00003
61.83	0.00005
61.84	0.00005
61.85	0.00006
61.86	0.00007
61.87	0.00008
61.88	0.00010
61.89	0.00011
61.9	0.00012
61.91	0.00013
61.92	0.00014
61.93	0.00015
61.94	0.00016